675
522404 336140 284388 766118 218436 931787 63369 399177 722950 770819 510789 221736 285464 883823 354450 767580 3759 28899 573095 460421 599489 314451 867379 503702 769885 381594 566732 164276 392121 514706 600130 828397 774899 871694 487451 482793 716976 462949 984245 183572 98993 37761 362126 29019 403388 314948 134666 349524 774185 794678 504710 144846 68064 473577 550941 284874 704893 743070 398980 726640 554181 941743 853030 291677 790225 82030 695786 948578 706251 533991 648925 780124 576974 723347 945527 551028 367651 29296 548299 967437 142148 699717 360503 15232 361039 195040 496994 856477 271229 705604 528783 584697 543031 129734 637859 724425 93450 509567 850826 570756 214014 228676 573913 338851 123020 973817 212776 268969 963536 705989 578903 929221 808807 326968 656268 583039 495729 719964 933249 308955 29272 592048 691778 513660 302246 18875 298452 447447 670768 836742 926960 396028 485313 683232 223621 909904 259495 393195 157542 689337 914955 739845 400837 475486 322764 4016 116325 711247 722767 558609 652110 386610 583470 767586 887820 301947 648107 907208 330721 346312 323795 61837 566435 158903 37320 715361 52584 2612 831511 211790 527248 600281 528944 72054 618225 218756 780965 159971 713672 728543 253725 489200 762321 228127 302514 349457 763160 922604 29454 473896 808414 763088 802819 438472 394895 146918 191059 210381 471416 782578 827394 749306 22825 680504 27734 509828 594336 659872 715102 159652 955983 87727 689792 141051 608842 381612 658387 983714 647683 574872 631039 689334 543572 273890 548760 27949 182852 965220 452522 420138 959611 602531 405851 500459 159574 221979 563144 253247 798292 426366 657547 404059 891254 430782 70296 483812 292541 62570 287800 331627 240661 911078 283490 129855 881761 442074 226629 141534 25598 411882 567070 305913 782616 971103 645815 736908 964247 470998 698026 131742 314520 335274 743753 981183 868830 846085 225125 520307 165798 564824 431747 840404 436992 878607 622226 794120 515907 427301 185763 517567 400302 540601 774964 843709 176603 139924 445569 421939 758062 930641 55641 502806 835506 92181 944362 508899 614174 850588 70411 573980 34211 802806 683480 457613 792987 787216 101951 642736 674774 243751 668771 946964 843060 363186 819624 394631 355129 445969 256128 681420 232155 835909 800923 641653 458892 514035 136159 575172 727024 949089 362173 951317 478891 485086 825618 352114 938831 370850 151267 580324 160993 251064 957230 41704 426327 202591 723850 298610 780558 343920 804506 270182 849532 127989 25283 303125 828932 332233 389835 708490 348140 480319 570856 627245 66070 571710 426457 635326 145156 700354 80936 748901 44363 165779 714887 671446 605290 256294 119951 710095 690800 122322 587069 121736 807578 543193 386936 886254 748372 650676 434105 949785 59711 284862 989815 160999 19411 562082 79063 216708 787794 711627 425899 709583 660883 734080 310348 887389 949556 352234 614828 157960 557709 815720 332042 226410 312516 731063 882299 294510 191146 333966 413788 470526 513709 47869 410557 593933 803665 91657 812393 230529 977213 953741 304450 523981 265330 270507 377412 474571 438302 836070 185250 581670 887162 970241 770736 138200 735948 760847 513360 932766 789567 204302 970305 756156 433519 359126 237787 167294 896003 908402 793987 814601 513907 708801 234810 336583 941509 969142 582076 858026 322933 129454 573243 164513 123962 438859 702905 199715 470140 333634 979580 196621 826227 583104 41882 10643 880846 64013 306695 281307 198238 74775 471299 469154 288877 805392 556595 378751 802056 455665 192088 776600 447745 470891 632820 460145 144255 613068 397007 79221 265713 631064 892063 862755 502303 558364 592309 163138 150805 8759 841181 804754 139983 474047 391745 211567 251679 841950 107740 699954 700366 861526 196817 435351 910604 241293 962437 336697 303369 943824 710957 58006 319272 454594 641254 531434 663681 223173 175274 813670 545146 772673 360668 991446 444986 570696 133565 13641 156072 174670 378835 7693 805156 359448 639035 169091 241867 748979 552773 137735 847697 504562 471831 292656 370010 79712 529851 408643 511966 722646 637932 460551 708143 651235 10209 627019 177236 719554 764582 670492 921089 198601 924436 685981 969095 365035 449248 610388 359247 573016 960988 222324 82327 365677 408564 965879 91863 916781 263223 453889 528149 286933 228799 911895 405134 27584 235467 273870 34446 586028 9311 896309 334032 193646 150073 773321 216379 735396 9380 2414 723052 173691 152054 295132 235428 331958 347189 293487 692962 690910 342351 359283 576574 519532 914119 635032 696834 606346 764436 624687 465401 276423 135733 125977 901811 540226 796999 865567 169781 534619 135451 853902 8845 
6175
127 411
97 267
147 502
185 620
50 260
46 263
572 640
455 599
61 86
458 661
522 568
134 586
205 631
636 653
51 621
652 672
672 673
618 672
518 631
192 495
380 440
483 644
317 639
487 502
104 293
592 618
348 453
600 609
485 606
49 629
533 622
670 672
456 494
229 641
555 620
494 603
391 654
200 613
506 635
273 502
499 578
494 623
598 637
373 394
541 569
325 602
394 419
155 658
414 624
492 596
243 364
25 182
421 486
172 492
313 615
270 619
165 637
496 516
577 635
341 645
467 504
207 472
163 305
492 551
47 350
536 613
514 614
540 547
674 674
117 396
88 208
36 607
240 262
321 425
170 564
674 674
523 589
347 596
61 539
109 594
110 669
41 238
470 667
131 414
214 396
564 646
201 591
250 491
41 136
399 420
191 254
116 621
664 669
517 631
216 504
653 664
88 328
223 600
138 446
664 674
199 494
181 284
451 612
23 495
193 478
252 486
134 555
671 674
547 564
261 422
43 301
228 508
295 462
608 630
423 616
33 91
641 650
504 520
124 266
543 643
59 188
609 619
173 617
510 631
618 648
19 454
261 551
40 147
237 511
18 295
671 673
280 648
284 429
376 612
315 382
377 380
235 599
265 448
361 563
544 592
180 586
141 304
567 648
5 80
52 121
612 625
77 456
285 627
647 658
495 568
667 672
581 584
431 506
668 672
27 427
625 667
247 507
48 484
512 590
31 217
420 493
547 563
443 552
211 608
375 628
284 575
93 172
427 664
44 120
438 592
413 567
493 541
384 660
446 648
154 630
151 419
475 483
186 322
91 522
536 654
305 586
255 298
466 665
342 358
255 313
510 601
450 498
461 613
34 673
61 271
496 658
409 567
374 671
591 634
492 511
296 643
297 584
448 549
49 287
375 392
71 450
100 427
561 591
401 520
431 486
102 146
507 524
34 252
256 445
233 475
354 392
417 592
599 650
664 668
262 299
642 673
54 568
586 612
200 304
269 573
529 561
402 472
10 323
434 533
236 373
366 441
518 589
313 395
2 328
520 662
177 614
324 336
566 642
517 528
629 663
639 650
515 568
635 666
28 336
598 635
471 472
258 331
382 510
175 481
32 422
234 532
498 603
26 336
93 276
553 670
653 667
131 211
346 400
169 643
612 663
5 152
403 657
425 615
114 309
266 659
67 241
105 448
458 661
184 458
538 664
476 623
46 668
320 537
218 535
78 229
140 446
177 611
31 39
132 457
90 163
108 211
438 496
525 543
11 558
139 418
124 575
627 657
458 671
473 577
560 594
458 609
554 649
437 573
618 652
29 321
87 530
660 668
328 507
576 586
589 645
201 478
215 508
598 656
234 320
196 343
422 561
280 551
26 52
261 444
278 643
622 649
269 361
647 652
29 474
228 659
530 588
580 625
537 540
626 640
313 422
674 674
508 565
143 591
282 311
450 631
240 488
447 674
367 659
254 485
269 379
189 259
394 528
508 587
115 633
169 402
281 661
138 524
37 122
69 109
381 390
300 629
470 564
261 586
275 441
84 339
416 470
179 394
466 507
128 546
474 526
158 526
264 379
272 351
473 610
143 301
609 671
199 344
352 439
427 623
15 51
162 410
221 436
341 405
411 594
314 428
236 523
152 639
205 374
163 641
496 536
108 440
533 626
184 405
119 164
621 654
338 574
408 530
316 441
639 649
269 434
176 620
459 554
143 326
551 587
672 673
482 486
575 641
133 615
251 548
284 432
289 660
30 576
204 230
248 613
311 407
603 647
281 559
147 155
214 256
48 666
411 472
358 606
598 605
247 421
177 494
51 459
157 404
551 566
301 668
381 524
372 518
295 520
285 456
212 618
645 664
466 469
517 548
532 546
332 357
463 481
219 324
62 238
240 512
374 550
581 632
635 651
67 229
456 656
201 282
198 421
432 616
599 634
226 483
485 492
491 631
563 612
384 665
394 655
642 665
495 495
663 668
448 662
298 581
399 568
144 601
662 666
160 277
395 472
322 477
327 489
450 577
575 651
204 306
243 473
508 521
537 670
667 674
445 445
15 332
44 338
226 300
546 645
409 482
44 486
397 556
231 617
554 635
220 251
665 667
440 571
582 625
413 468
125 469
302 477
649 667
598 653
521 547
225 409
125 278
69 99
81 515
152 578
45 464
322 413
475 541
126 126
216 671
479 517
40 280
426 632
307 372
249 487
572 625
251 386
391 594
453 533
491 647
493 507
11 51
399 443
380 536
493 625
119 279
372 672
340 351
228 302
284 317
574 596
12 487
59 181
29 183
356 421
566 582
543 584
470 568
6 481
54 105
200 437
579 629
543 569
242 624
426 484
331 561
371 570
657 673
303 645
77 605
221 352
41 218
30 294
540 600
674 674
141 460
633 656
614 669
76 339
37 494
386 565
496 561
67 595
73 75
564 614
632 661
323 547
604 652
224 656
237 399
295 608
331 592
403 448
351 385
517 522
129 521
114 478
492 654
242 367
402 557
641 653
228 297
258 556
559 650
338 552
560 561
535 572
169 232
240 253
305 538
238 430
139 500
204 674
198 344
14 70
249 367
636 643
1 226
593 605
24 470
615 631
265 586
629 629
369 432
530 576
216 578
373 501
60 466
206 386
325 441
96 289
415 417
632 649
85 612
108 665
42 647
183 407
247 357
671 674
650 656
531 655
192 405
632 650
438 622
581 590
489 545
648 651
523 611
629 655
213 232
107 267
186 614
544 621
390 585
661 667
668 669
298 435
533 648
327 387
79 256
282 348
44 518
422 440
101 527
572 574
622 645
194 282
611 624
432 590
294 556
466 572
653 659
348 502
440 503
589 593
510 648
274 652
79 600
317 371
388 594
297 630
392 408
445 474
99 198
63 580
54 351
519 561
69 123
267 451
671 671
105 496
240 431
629 667
198 340
646 650
32 274
568 612
486 489
77 219
387 425
628 673
298 492
652 655
490 655
49 422
350 411
494 600
136 372
613 624
290 433
222 344
269 596
94 560
22 432
489 666
46 204
377 631
411 549
89 112
138 231
513 617
227 647
545 663
63 558
419 424
471 478
565 614
509 599
352 511
42 444
63 197
595 655
92 173
343 354
608 665
204 226
399 624
665 673
61 479
67 289
426 463
563 579
158 458
607 661
628 657
112 546
87 228
184 259
354 483
663 671
25 78
188 220
545 647
571 647
57 419
198 241
304 378
666 667
267 391
345 442
9 305
101 530
376 563
654 660
234 283
311 322
125 184
587 637
185 312
577 661
79 138
3 45
63 657
479 527
84 462
403 654
418 632
32 546
44 77
543 580
56 474
259 487
656 658
474 659
115 378
388 460
55 268
534 536
145 416
537 605
634 636
16 468
498 665
506 533
620 620
213 293
77 454
376 488
661 674
140 379
9 383
440 595
390 547
144 276
462 544
613 622
250 339
178 274
89 581
575 603
605 627
452 537
551 573
561 661
4 112
288 589
37 501
467 650
46 660
668 674
618 662
528 662
438 637
603 647
40 368
624 637
355 634
149 534
492 517
38 247
249 540
145 242
160 445
403 628
158 381
102 371
409 669
142 250
341 612
585 608
470 553
22 44
442 496
256 419
592 665
298 603
513 565
1 413
577 596
171 312
394 559
222 376
617 630
133 570
340 353
187 341
642 660
161 409
484 585
406 629
226 509
655 674
293 297
332 501
103 436
460 607
397 455
73 423
370 504
511 614
468 492
30 42
31 650
582 630
131 512
447 483
132 345
587 655
13 165
396 666
142 292
603 634
77 162
657 673
555 616
637 658
71 238
523 540
557 656
303 514
175 545
325 490
107 215
603 671
478 581
102 478
69 151
368 564
597 664
389 443
181 378
461 614
176 239
653 668
163 487
225 542
310 607
530 651
635 637
505 629
482 511
421 480
643 666
128 304
240 264
546 546
419 498
12 412
12 167
89 561
605 674
103 302
24 474
428 476
47 312
466 660
2 651
167 346
179 508
130 310
505 672
625 664
373 555
635 664
60 280
457 574
10 485
279 423
606 612
14 73
595 613
505 638
635 646
17 415
15 260
159 174
594 599
370 519
73 525
377 552
53 220
609 631
37 560
615 661
281 506
153 418
65 503
606 673
549 614
408 467
226 603
25 124
654 660
562 564
187 245
450 611
266 505
253 453
438 639
65 495
118 469
230 611
331 544
378 636
361 392
674 674
57 252
233 270
261 292
357 417
248 436
473 547
322 638
382 648
79 593
168 559
272 361
519 672
175 624
178 573
632 663
191 456
270 486
101 494
191 494
180 653
629 632
550 608
556 578
415 649
582 604
650 671
371 665
471 649
408 640
480 658
119 386
115 424
380 388
207 268
224 234
238 431
373 583
64 193
460 478
372 480
672 672
592 641
1 456
669 669
92 668
352 639
129 152
206 482
434 619
258 545
148 658
343 422
59 180
88 470
121 459
218 376
282 567
573 589
211 387
105 427
605 611
530 535
138 595
460 514
369 619
656 657
426 652
65 542
467 609
311 334
100 219
314 410
582 649
503 622
250 276
639 647
383 435
527 594
131 415
70 637
555 582
7 633
400 417
543 556
568 592
374 669
286 438
520 541
167 515
335 575
238 632
321 602
629 632
520 531
83 227
464 632
586 669
378 638
531 560
308 660
624 667
640 672
60 104
24 487
368 539
511 574
669 674
308 460
398 575
629 656
289 356
633 649
653 658
69 535
387 491
539 622
180 551
419 546
150 623
284 649
610 635
14 629
82 621
313 384
534 649
156 498
77 534
379 442
120 516
130 252
400 568
441 522
29 617
217 507
28 258
466 634
357 440
578 611
516 524
505 648
297 441
432 521
568 658
436 451
273 288
467 544
427 576
495 607
351 571
655 672
293 410
642 671
545 556
376 566
516 581
464 497
664 668
274 504
125 665
162 197
541 547
248 542
505 639
622 651
341 423
170 597
587 660
395 536
437 667
494 629
364 421
344 612
671 673
585 642
76 201
92 571
293 653
104 186
314 578
52 308
325 635
399 493
619 653
170 537
91 605
305 434
199 425
119 386
493 516
475 670
270 282
358 412
391 493
320 622
481 503
210 438
646 673
353 517
394 492
124 523
281 589
192 534
27 275
51 567
107 253
126 483
37 183
607 640
205 266
54 138
600 629
281 504
52 582
326 472
616 634
548 564
644 663
175 246
556 595
14 630
586 664
292 373
519 597
4 5
94 587
633 662
379 666
127 453
352 620
514 622
83 567
433 480
10 364
15 616
121 661
143 382
497 615
209 246
640 647
203 519
608 634
84 301
18 194
277 390
534 662
337 514
512 663
535 552
93 312
319 555
490 666
44 555
312 423
672 674
200 326
172 189
404 618
636 638
529 574
554 643
431 526
166 445
530 554
480 627
562 605
147 506
396 557
98 252
74 584
450 511
586 604
385 568
201 362
423 502
526 527
657 662
626 667
495 603
326 368
252 342
398 568
605 632
465 671
263 463
508 584
15 223
20 363
11 585
657 662
31 546
366 636
451 659
155 197
52 360
363 533
242 278
162 221
203 425
670 674
238 618
387 433
125 537
459 470
365 433
666 673
196 657
395 589
196 434
589 622
598 619
580 662
575 652
5 368
197 288
417 641
508 645
628 673
235 657
363 541
163 336
475 514
672 672
229 472
351 425
393 467
42 75
297 603
461 663
361 641
235 530
156 156
121 268
69 430
317 332
587 659
182 637
671 673
88 418
321 477
197 306
257 654
396 662
120 347
165 569
521 550
507 604
658 666
217 448
671 672
652 671
254 475
107 276
198 565
315 656
547 593
644 670
209 481
490 576
331 335
297 503
260 307
181 216
623 669
502 642
386 634
544 610
369 593
497 636
316 502
425 437
551 662
154 331
348 350
294 432
42 347
487 598
253 616
390 480
561 670
335 492
539 673
176 326
349 362
583 654
159 195
134 576
126 145
144 216
169 283
318 644
359 532
73 284
445 531
287 666
336 515
640 652
643 658
400 663
169 402
462 620
397 469
129 613
341 347
426 549
409 458
576 614
254 264
509 673
91 239
533 541
141 260
577 620
59 212
256 670
400 605
154 654
73 649
592 602
41 359
18 48
331 431
139 253
228 614
119 489
586 612
299 599
159 498
546 629
280 287
195 665
102 199
658 668
436 669
6 177
653 673
136 469
493 655
128 322
22 603
638 652
177 588
615 652
131 505
437 578
222 448
494 636
503 662
352 461
537 540
584 632
256 527
323 512
640 659
292 518
363 594
193 383
381 620
634 654
516 545
470 584
40 455
325 470
235 404
322 542
184 439
468 543
302 622
366 379
494 509
382 431
349 469
245 532
427 617
2 317
264 373
5 103
655 668
446 615
44 650
27 519
171 477
598 633
584 629
110 563
152 661
193 566
212 328
279 503
20 671
451 477
664 673
452 558
663 664
613 648
649 663
230 237
592 595
633 633
458 671
3 646
337 455
477 631
188 222
542 620
262 462
291 589
82 321
567 604
78 319
186 408
470 657
276 520
489 602
616 622
134 641
583 666
394 531
218 373
121 384
407 431
318 475
365 641
618 655
310 575
35 155
24 637
158 177
358 566
467 646
398 426
40 44
386 663
483 503
28 333
405 478
655 663
550 576
458 648
157 287
102 599
366 451
200 478
602 632
342 467
316 547
472 600
483 613
418 539
318 625
663 664
169 551
250 493
540 590
254 342
589 629
100 155
184 646
412 412
534 617
318 516
581 605
476 535
552 649
17 300
595 638
159 207
122 158
183 349
445 477
181 616
192 475
136 310
58 450
71 272
361 428
156 319
440 574
649 660
182 367
135 606
585 640
352 390
509 662
464 629
387 499
133 447
111 491
232 328
632 634
445 557
341 649
122 622
443 519
118 276
562 643
146 547
142 156
516 521
104 275
142 653
314 669
113 627
67 628
424 644
7 563
144 629
152 404
534 588
312 525
319 624
104 546
101 532
437 630
294 505
240 415
259 649
531 601
631 668
46 478
8 218
617 647
373 408
251 364
143 487
63 364
571 623
249 611
319 556
115 418
6 532
426 617
20 114
561 568
272 476
171 541
347 610
486 635
11 638
362 668
378 433
669 674
267 502
288 473
569 621
244 466
308 514
100 624
360 628
174 435
236 434
533 573
399 521
10 635
558 627
647 666
340 553
562 562
393 420
400 571
111 344
80 360
370 378
625 647
253 338
470 652
606 616
465 473
260 532
58 312
622 665
258 351
33 150
319 497
250 555
125 201
468 555
370 483
159 611
128 614
672 672
283 530
661 666
156 474
235 334
316 491
131 447
527 609
523 646
525 598
316 664
85 122
456 579
317 568
515 524
374 658
379 574
320 621
530 672
332 590
609 637
116 327
436 467
360 617
394 610
439 528
458 578
267 374
585 656
608 659
348 437
15 145
270 610
553 566
354 557
0 510
133 280
87 366
284 459
647 654
399 549
19 615
107 484
553 560
24 162
348 365
184 495
124 169
282 391
648 670
390 436
170 519
435 599
162 448
303 371
522 611
401 555
179 259
381 581
656 669
270 514
494 568
606 638
505 629
308 380
128 604
200 249
373 403
635 640
307 338
64 116
205 526
437 563
190 307
5 318
236 640
570 671
89 185
168 551
398 647
476 642
661 671
86 231
481 615
363 626
501 633
410 512
604 609
287 598
412 560
533 551
366 381
598 664
90 592
144 458
277 667
314 336
527 542
458 486
494 594
554 556
260 316
247 671
575 575
74 426
60 477
219 258
208 517
625 643
384 635
163 537
144 314
535 658
581 613
617 632
346 427
247 306
585 617
660 670
257 286
42 562
517 546
467 670
652 663
12 216
269 405
248 376
414 505
416 599
456 489
459 637
180 246
351 661
506 523
385 613
423 633
252 672
540 548
128 334
568 642
192 317
175 563
416 502
520 567
107 199
360 552
447 630
356 365
619 663
443 552
371 506
350 669
245 524
95 167
466 581
618 658
358 383
256 449
365 642
156 628
164 605
323 396
418 657
191 243
148 248
173 251
60 408
669 674
109 177
624 634
35 546
454 593
542 661
193 658
63 125
29 305
167 497
523 564
274 488
520 643
71 649
336 529
356 640
323 395
654 656
452 521
324 494
452 498
49 593
447 505
511 605
489 634
227 533
574 631
105 392
436 506
591 636
177 503
547 645
369 673
394 425
674 674
170 504
391 435
478 514
670 672
637 654
478 489
558 580
493 553
487 550
564 564
623 673
629 657
638 643
152 626
437 650
157 335
613 654
479 542
657 661
259 371
86 405
632 635
566 626
651 666
486 515
228 461
152 607
8 201
662 669
491 626
570 672
131 220
666 666
480 559
506 609
335 456
545 566
259 657
177 522
44 174
459 519
381 563
64 580
389 656
551 622
352 559
646 658
648 665
369 609
53 560
173 352
466 487
579 636
187 670
506 556
98 673
245 408
415 551
515 670
401 581
275 451
420 461
322 452
161 578
385 585
48 482
597 626
223 514
284 328
580 663
33 152
475 499
585 630
644 646
22 316
269 366
96 674
90 473
125 573
527 599
572 672
102 240
421 562
672 672
490 599
671 671
480 555
657 663
537 638
395 415
665 669
461 655
532 570
115 349
21 594
448 454
547 650
39 652
154 215
303 438
462 670
423 427
134 227
630 633
4 526
283 505
186 489
482 523
9 540
601 659
563 587
91 534
188 365
211 564
392 445
535 547
433 629
199 283
2 576
242 644
238 394
468 540
648 665
91 375
551 610
379 402
280 526
348 393
179 606
289 453
360 428
111 342
418 468
395 605
387 425
310 396
121 122
23 201
578 581
64 310
377 583
43 226
174 478
538 558
162 650
18 159
582 599
291 601
605 608
567 589
553 610
647 648
111 181
252 599
658 663
80 507
615 621
558 595
372 513
367 496
617 673
510 630
147 194
287 425
602 651
336 636
226 250
230 528
389 609
35 522
644 649
399 419
384 643
586 664
196 612
312 642
31 589
279 289
81 393
394 587
83 128
218 589
437 520
45 478
50 504
149 309
180 475
575 576
591 615
670 672
421 511
668 671
669 671
342 455
616 661
290 674
451 651
444 639
125 553
364 495
646 666
159 359
463 625
578 594
200 547
26 73
585 597
343 373
282 674
241 318
189 475
481 592
315 659
110 435
397 668
248 337
70 421
444 558
470 628
527 626
102 125
298 623
142 561
319 452
662 670
270 356
475 534
195 452
445 505
120 573
637 652
277 527
434 463
510 524
525 582
380 448
73 166
425 654
289 478
144 417
135 335
447 507
272 560
270 423
489 639
176 644
409 645
327 557
169 408
139 423
224 296
632 632
464 492
440 620
254 524
523 540
204 227
405 471
469 590
264 277
594 609
249 303
635 637
515 542
406 538
458 673
139 513
302 356
286 615
547 663
176 428
460 562
646 654
45 492
54 605
330 570
422 439
322 609
8 659
2 536
198 539
195 649
38 64
511 518
647 664
633 658
133 237
443 478
173 650
227 651
454 630
121 396
101 489
247 295
610 649
531 560
549 604
354 660
672 673
7 318
235 464
468 515
84 328
17 395
50 629
397 594
453 621
203 469
303 429
271 412
572 654
519 638
604 609
556 562
240 254
394 515
464 484
118 398
73 642
603 641
478 592
150 604
246 556
668 670
388 660
209 567
403 547
253 601
543 653
330 395
612 613
651 669
329 426
112 471
256 298
340 633
329 604
65 296
221 665
101 435
291 483
29 660
594 603
540 627
110 449
351 514
205 301
399 648
171 453
430 559
176 594
589 609
347 395
333 486
495 644
329 347
159 249
175 230
641 656
160 273
140 268
136 140
38 195
491 517
638 672
623 657
593 615
617 661
420 638
608 611
228 557
313 379
179 566
538 584
173 665
667 673
163 583
103 223
123 545
182 674
645 660
148 222
324 365
22 39
297 474
217 359
653 673
512 650
550 595
231 590
488 529
175 388
425 466
452 673
247 469
109 593
471 516
16 98
253 586
489 612
616 629
548 557
72 595
451 525
158 184
128 223
438 482
54 307
93 428
345 566
118 596
541 620
641 661
4 112
48 549
26 202
451 636
343 599
323 496
123 455
87 590
44 531
262 547
30 512
461 559
601 613
175 286
250 614
166 223
480 553
200 476
565 567
361 628
400 634
397 634
621 643
340 455
180 189
320 592
187 464
454 549
516 520
482 670
367 529
457 559
380 494
151 457
424 447
379 459
63 184
423 466
443 450
393 647
386 636
461 626
172 264
656 660
662 667
551 555
620 667
276 592
306 397
373 506
612 625
57 59
559 674
127 578
436 672
206 344
484 561
502 532
237 559
303 580
580 613
169 254
546 629
287 488
23 484
650 653
125 263
64 500
218 458
574 641
70 282
115 674
370 423
424 428
430 501
21 597
218 306
262 588
458 608
477 522
116 286
339 362
392 674
554 625
88 324
103 321
118 362
665 666
101 124
278 610
627 631
223 622
623 650
246 583
517 537
606 671
60 490
102 512
462 616
48 87
625 653
370 663
569 646
576 639
381 530
433 674
197 347
242 319
353 370
610 667
479 617
495 574
399 502
109 404
320 464
123 564
59 242
188 565
655 671
88 328
250 346
30 116
437 493
453 583
639 647
533 601
35 127
4 592
338 366
54 88
235 570
266 441
153 638
539 647
609 644
183 195
130 255
329 551
272 643
635 670
612 626
367 610
587 641
431 479
396 472
99 346
377 443
344 436
519 601
324 376
192 359
4 617
218 587
302 652
664 672
172 197
335 527
361 662
222 300
40 281
582 656
385 432
487 624
172 456
8 533
149 349
291 348
497 502
134 191
195 653
452 633
383 526
32 226
141 147
626 638
391 419
447 637
8 435
517 547
362 513
183 499
266 582
583 617
210 622
478 599
538 561
18 568
323 367
96 242
505 544
524 593
106 407
446 670
162 190
73 507
457 493
517 576
42 326
31 277
462 650
136 455
417 653
169 608
78 528
345 516
451 615
435 645
552 621
90 397
641 664
59 79
443 580
469 669
317 463
29 167
508 649
207 383
22 75
187 418
507 643
626 655
252 480
350 533
210 631
612 664
600 623
551 593
99 564
145 335
532 604
208 409
615 627
446 563
276 661
369 590
309 543
323 531
506 661
550 613
494 533
43 76
338 504
546 598
203 434
485 543
30 217
574 642
56 186
472 504
547 664
22 361
295 542
109 242
178 602
136 515
49 312
510 649
580 608
535 647
303 435
472 662
380 621
423 433
340 614
230 424
428 660
493 585
380 574
193 282
78 140
73 664
249 387
474 510
297 437
287 519
510 581
425 473
667 669
243 405
169 216
639 639
99 379
581 588
657 670
320 477
237 587
663 671
641 654
574 665
19 205
610 641
507 647
459 649
533 563
350 489
42 45
632 646
529 614
379 387
518 654
524 654
106 393
673 673
369 515
589 597
115 269
102 321
484 552
355 650
231 314
173 593
357 642
286 385
326 641
638 672
170 586
628 648
608 671
657 673
497 564
352 433
91 489
194 506
158 379
536 672
258 299
668 668
50 575
295 446
373 442
103 165
20 500
278 580
479 562
293 481
41 578
15 425
341 600
78 238
674 674
376 411
43 325
59 587
317 400
94 176
340 662
88 192
104 483
669 674
668 668
195 271
11 122
279 542
588 670
439 635
399 456
25 166
289 336
524 622
442 653
265 620
238 600
518 554
238 505
359 617
636 674
389 645
523 584
165 594
622 633
400 454
115 591
21 546
315 387
216 600
402 659
477 540
585 594
14 488
229 652
123 301
322 594
519 597
211 268
492 635
203 579
467 653
653 668
62 413
242 581
267 549
192 563
160 469
346 405
294 294
80 488
153 427
282 293
480 566
518 644
640 670
188 451
127 629
219 672
577 603
426 628
408 428
214 619
207 674
647 674
446 626
387 418
17 471
163 213
295 533
589 614
150 183
648 660
189 555
222 382
275 640
132 589
608 615
325 616
29 103
217 297
18 119
444 637
334 575
572 667
582 617
233 575
88 258
185 351
337 367
535 561
155 504
368 485
163 393
51 641
486 652
302 624
631 660
409 619
143 411
270 497
398 559
246 583
73 187
312 428
291 379
240 641
658 672
619 639
450 661
21 630
250 617
13 82
522 557
310 314
551 646
148 506
538 606
217 550
56 527
461 611
308 602
361 499
434 478
511 524
20 667
587 612
333 512
444 523
604 663
109 427
488 669
353 510
475 627
497 536
91 532
279 366
66 149
659 664
499 637
528 641
113 583
153 265
234 578
611 613
100 621
628 633
305 615
165 531
138 216
589 603
217 340
379 533
460 652
272 434
305 511
137 629
599 661
281 639
550 592
599 609
301 673
509 531
189 530
255 621
226 271
29 267
65 195
381 555
613 665
312 464
121 585
25 450
639 657
486 583
386 635
229 668
68 145
516 629
575 638
294 555
249 616
464 598
389 582
14 484
567 611
314 496
158 510
595 649
674 674
453 519
623 673
615 617
144 619
374 541
112 212
244 543
556 610
628 652
22 522
432 467
195 671
595 671
671 673
159 390
351 576
200 388
301 504
479 499
493 519
433 455
147 423
223 470
654 671
346 493
597 619
430 526
567 604
544 600
342 578
289 658
450 493
343 351
87 416
66 122
314 505
129 317
85 635
453 472
541 622
88 103
86 113
84 147
423 539
76 591
183 255
178 665
298 611
435 569
183 256
68 321
472 523
149 486
627 629
652 666
195 289
482 636
535 571
230 636
166 601
603 622
398 647
129 409
333 557
356 416
68 558
596 663
330 525
203 349
567 586
188 475
392 466
235 404
435 593
534 626
413 596
4 211
22 55
400 498
507 608
552 597
333 596
581 638
618 645
109 257
510 631
183 666
595 667
484 562
424 431
564 624
317 645
288 428
144 585
33 47
127 197
672 674
499 539
408 445
193 674
588 650
566 611
627 668
637 669
54 475
308 381
193 502
306 659
10 120
419 512
210 666
8 50
138 613
53 590
278 506
509 575
378 415
68 524
489 643
644 649
498 663
258 281
303 416
93 420
270 581
562 591
406 570
381 551
96 500
663 666
648 656
582 601
44 328
432 642
488 519
144 551
579 668
565 655
615 634
168 236
516 663
405 662
41 560
281 425
134 450
425 592
133 604
121 406
260 294
417 421
304 649
303 623
666 666
279 566
355 544
159 473
446 564
485 656
465 577
478 493
68 493
628 651
484 633
117 215
152 200
312 367
107 136
153 234
669 674
423 642
327 534
83 378
409 539
554 663
439 651
207 329
55 643
396 534
671 673
5 159
491 524
308 381
387 533
0 597
11 336
120 459
248 646
422 472
350 671
213 634
330 651
370 560
275 648
13 264
31 123
207 418
559 628
494 662
165 375
615 631
234 497
423 576
447 583
44 300
105 378
17 671
541 596
386 598
246 508
437 447
3 232
150 416
366 661
623 649
103 158
243 264
588 671
263 306
326 627
24 173
449 551
100 558
340 604
391 527
308 370
495 526
298 498
474 515
447 635
46 622
300 321
375 434
542 669
630 640
45 113
391 411
21 207
179 358
66 635
428 453
480 484
135 320
309 488
658 661
370 458
115 636
526 606
201 264
207 357
257 476
269 423
541 564
147 445
110 250
305 570
62 102
413 498
423 448
631 649
319 583
578 612
328 337
285 492
0 221
305 528
500 645
393 423
534 626
397 559
481 641
674 674
192 316
365 662
321 326
221 638
365 595
385 516
615 653
383 538
269 557
632 653
17 631
93 652
192 556
620 669
126 647
172 425
424 557
227 254
474 657
190 494
553 577
451 469
437 462
172 413
157 245
117 653
134 490
502 634
477 489
401 600
381 407
314 417
118 334
606 636
347 546
609 633
450 661
142 418
500 589
30 132
317 439
190 550
250 280
54 216
456 516
272 294
501 592
633 671
51 361
599 616
629 647
73 451
537 587
494 655
303 503
455 515
338 599
565 663
539 619
122 308
495 669
191 434
523 540
608 624
92 477
516 628
508 564
23 86
636 641
322 594
413 521
643 671
196 309
247 355
568 604
26 651
413 439
519 606
600 670
515 639
255 452
606 629
612 652
410 547
201 539
428 589
190 339
470 537
371 534
598 623
13 134
239 660
64 115
275 542
84 663
437 636
131 175
20 593
257 518
339 340
13 499
153 221
175 237
340 448
172 495
593 607
391 523
6 424
628 646
244 391
665 671
342 440
546 654
234 453
54 587
403 486
674 674
602 657
644 651
385 662
647 649
416 576
652 652
406 569
316 338
344 367
424 476
115 214
24 431
305 639
276 593
661 674
626 647
62 170
145 364
254 454
305 651
503 638
150 351
260 637
234 432
5 93
477 639
162 579
454 567
422 637
443 593
397 469
207 246
235 456
208 459
665 674
433 656
337 534
144 175
577 630
525 537
16 304
595 623
476 560
52 394
182 575
314 631
135 432
664 667
12 164
636 659
633 652
65 417
186 344
609 644
559 603
16 451
196 366
631 639
9 664
440 661
530 579
345 385
287 615
217 407
45 299
140 527
372 496
349 473
467 612
545 655
269 663
91 361
230 564
479 519
1 57
431 648
385 418
104 290
59 350
510 643
49 232
440 550
157 357
200 549
257 378
390 418
5 270
163 395
635 638
125 133
325 456
118 180
657 662
157 374
594 604
127 470
442 449
511 513
472 518
336 356
560 594
347 620
538 650
305 630
364 560
473 589
246 352
505 538
191 275
147 266
141 641
474 530
476 644
526 671
95 469
246 545
626 643
455 638
576 614
54 235
113 532
512 548
564 631
660 669
25 389
264 377
175 656
364 522
267 490
612 643
622 642
506 519
648 658
636 655
494 583
310 395
95 352
188 495
447 629
331 357
412 665
634 643
581 658
328 567
472 514
358 563
208 521
592 660
348 377
209 407
421 457
499 623
20 81
515 572
296 354
524 610
169 295
402 552
188 435
29 383
601 664
520 581
596 618
548 620
99 325
625 668
44 84
402 416
268 422
38 642
161 416
620 647
534 645
285 449
633 650
622 630
654 663
559 570
673 673
569 591
490 636
65 538
291 515
589 597
449 468
627 648
370 617
501 599
220 234
130 266
372 507
180 343
669 669
34 636
20 396
584 589
12 555
123 503
459 468
76 606
88 220
20 239
10 290
232 402
356 579
473 588
568 621
577 637
619 646
355 606
607 624
582 605
539 564
446 450
117 383
320 432
331 654
485 500
68 506
193 514
217 642
321 599
523 628
351 491
177 514
113 420
612 619
106 119
184 573
519 587
75 337
480 560
206 599
432 577
492 531
616 622
392 589
258 428
363 462
277 385
270 495
660 669
471 548
362 384
548 587
109 262
583 589
290 633
187 296
136 627
355 625
13 59
539 627
18 200
416 608
663 665
447 644
191 604
29 592
498 656
548 657
26 336
42 83
287 636
34 415
150 357
122 582
379 637
51 379
400 545
248 447
336 391
628 661
166 218
116 613
113 651
66 226
56 581
565 660
591 608
533 606
616 651
445 526
620 666
235 303
647 661
529 632
73 159
137 263
162 226
143 167
623 638
371 627
356 357
512 594
564 627
398 553
416 494
596 653
547 633
617 635
405 577
54 460
294 558
661 663
248 285
457 499
522 587
521 568
138 498
416 498
372 634
110 476
111 111
9 638
282 302
548 595
11 523
294 523
442 663
603 644
399 642
168 311
201 565
205 209
134 585
101 128
310 376
174 439
636 655
189 600
326 491
449 472
355 644
407 524
428 428
555 565
7 211
573 653
399 438
547 605
257 366
630 643
178 239
665 673
396 588
554 650
97 263
526 620
283 314
599 634
210 557
304 607
71 249
631 647
538 554
597 609
32 228
462 500
475 595
506 673
166 478
262 579
48 82
256 310
365 391
390 666
642 659
504 660
457 484
547 640
646 663
444 446
640 653
36 117
207 585
506 661
257 323
376 623
668 673
331 544
537 566
382 419
404 451
83 257
668 672
294 463
519 523
210 302
302 385
324 606
154 641
311 312
381 550
575 627
248 612
293 473
124 125
284 577
377 386
69 621
372 386
616 624
3 608
132 674
110 291
251 511
632 633
204 408
230 285
35 478
642 645
340 497
574 625
629 633
149 626
319 462
508 582
664 670
115 254
637 664
491 640
559 617
77 442
49 582
217 305
207 487
397 432
122 577
532 577
232 570
422 588
511 536
148 239
350 623
671 673
486 499
111 117
147 606
399 666
285 355
49 573
329 356
530 610
426 529
587 622
24 286
596 665
111 255
566 586
342 422
87 575
604 616
95 412
385 442
666 666
157 520
138 262
530 610
2 535
362 463
23 477
490 534
574 601
62 590
594 640
209 625
164 477
454 651
277 628
266 363
568 577
134 148
542 641
492 541
179 305
232 655
10 306
456 608
361 454
61 622
459 583
177 186
460 469
376 573
602 654
500 609
250 469
443 475
80 523
124 255
436 542
443 484
144 337
373 483
80 551
200 629
19 418
377 574
452 654
253 253
374 659
412 670
215 260
117 150
655 674
11 612
117 468
306 567
43 99
132 553
424 524
113 227
42 553
542 604
158 415
657 662
103 147
630 637
59 181
646 672
654 665
347 441
24 512
321 643
241 241
14 103
290 387
109 447
361 449
552 606
457 508
460 564
674 674
505 582
12 200
229 235
211 655
504 657
586 644
664 670
385 529
418 660
31 525
430 577
521 659
544 640
107 642
406 671
414 607
480 587
582 617
433 507
28 620
646 657
669 673
193 311
473 570
420 488
638 639
500 561
1 491
149 474
304 513
116 633
617 618
85 437
139 247
359 428
133 629
533 576
304 466
54 249
80 359
672 673
38 108
248 290
648 656
153 536
417 423
133 394
111 606
266 551
471 668
175 176
255 607
231 529
509 646
57 383
104 547
327 460
175 401
43 289
45 298
501 668
581 614
286 594
5 417
446 498
430 504
195 281
308 499
322 447
266 477
524 573
101 452
215 603
163 268
276 343
177 285
72 162
648 669
304 317
536 661
485 565
309 323
129 209
503 523
435 646
254 585
257 528
309 340
161 349
253 273
583 589
36 372
345 545
386 595
101 629
8 431
127 644
17 122
597 597
448 503
480 636
379 513
410 618
463 591
267 469
513 540
606 669
651 654
20 241
141 503
22 104
669 670
461 546
176 560
575 643
438 583
220 292
35 674
19 239
362 449
129 604
93 622
529 613
501 577
366 496
328 488
571 631
325 605
153 325
144 422
394 543
332 351
406 585
652 657
5 195
362 570
147 607
626 659
36 366
457 589
465 579
635 638
432 577
54 527
274 388
420 555
362 397
352 670
35 630
595 671
135 540
642 646
208 473
375 468
331 386
126 154
518 526
433 534
534 569
651 656
540 568
446 455
76 606
581 592
35 394
672 673
577 633
101 490
513 522
23 391
286 387
452 604
621 634
502 577
40 423
206 281
611 674
80 619
663 670
191 461
170 593
154 490
11 76
122 516
165 275
251 297
527 566
41 254
246 636
589 668
109 139
647 656
244 319
270 663
317 622
406 551
499 575
483 582
177 430
126 182
579 600
570 626
427 618
136 651
40 46
53 654
112 249
66 148
443 609
38 471
214 525
78 556
314 564
8 38
420 428
543 631
507 674
76 504
21 441
20 560
342 440
647 647
517 582
326 562
198 227
646 647
245 307
453 617
50 451
400 579
401 530
438 541
137 328
454 650
541 548
391 591
17 278
536 580
99 290
533 665
471 561
673 673
422 611
272 277
465 669
262 480
428 436
259 512
556 573
455 655
575 636
257 344
86 291
472 528
272 606
576 635
313 519
154 423
515 652
178 612
394 430
650 672
82 384
70 236
367 587
329 495
578 671
465 544
489 519
75 115
626 646
632 655
39 167
525 585
352 570
280 455
609 658
165 515
223 445
238 445
4 466
427 512
638 670
649 651
271 357
606 672
137 373
448 566
176 382
58 549
71 208
142 584
70 476
104 400
647 650
180 594
142 473
154 275
82 609
68 603
266 499
224 408
618 632
468 610
514 561
199 335
640 654
315 422
256 614
51 288
59 494
460 630
272 340
546 561
514 547
451 461
42 277
7 635
154 256
193 230
582 636
142 203
584 664
532 666
610 664
88 646
474 665
391 630
62 525
217 333
216 279
557 597
650 655
112 272
573 633
512 588
226 431
652 666
32 569
496 618
431 586
548 648
360 580
618 621
181 663
345 519
220 299
429 612
557 595
559 571
633 657
674 674
476 516
125 592
221 306
637 639
467 616
285 643
345 438
443 548
549 566
264 509
641 670
228 294
291 557
76 623
372 500
317 622
457 551
300 471
377 650
150 511
374 543
319 553
291 525
511 630
238 628
15 96
315 595
405 553
394 438
529 558
100 175
425 577
415 442
271 331
283 314
113 539
428 470
354 527
443 617
54 617
131 298
400 487
535 609
435 512
139 204
549 571
388 658
372 503
418 632
420 423
333 417
348 512
645 646
173 641
431 657
212 400
563 651
390 630
202 422
396 627
237 579
13 667
47 543
110 322
605 674
333 570
469 596
597 601
564 610
1 379
385 624
418 572
255 605
149 590
551 649
462 528
263 411
603 636
395 587
115 537
156 586
278 643
28 461
598 641
465 521
388 504
315 654
401 487
77 208
480 673
370 635
259 402
660 673
350 405
71 589
38 292
256 418
651 657
583 616
85 547
534 654
351 586
306 495
330 630
366 431
512 615
25 438
2 234
194 414
357 450
535 661
386 470
14 125
331 565
324 520
215 361
108 111
328 363
664 669
329 632
621 659
539 558
464 569
199 569
551 566
38 602
485 503
485 625
350 666
334 593
108 280
289 625
453 532
171 488
318 580
377 541
565 596
149 549
244 315
113 289
235 665
563 616
438 654
485 534
663 671
652 671
45 290
233 457
409 410
75 362
527 582
429 444
475 536
126 673
569 658
100 228
523 550
310 613
39 596
483 531
244 255
259 367
521 670
374 382
521 651
647 664
210 299
666 667
539 597
107 305
650 653
491 656
581 654
178 488
26 440
120 354
168 330
108 349
533 592
665 672
189 620
92 217
430 482
40 97
178 217
373 550
586 617
488 644
203 453
369 595
250 642
28 400
54 65
546 583
242 263
432 461
318 521
297 626
7 160
521 641
426 545
674 674
663 665
359 602
167 367
449 636
508 512
537 652
116 571
62 517
244 375
1 531
175 594
196 582
591 665
666 669
220 515
78 532
137 469
157 444
365 645
491 576
598 626
419 488
312 446
433 559
193 487
557 568
375 536
473 524
24 118
320 453
378 503
504 546
513 674
638 639
300 311
94 600
300 551
395 466
571 590
334 623
79 491
143 606
150 546
538 538
256 292
462 655
383 477
223 594
220 443
44 580
484 595
545 564
266 316
573 588
621 626
624 652
105 464
142 581
158 325
671 672
584 593
586 599
426 628
652 659
573 645
609 615
269 531
337 639
345 634
516 589
155 247
568 607
369 510
17 658
220 494
642 653
355 367
562 588
145 420
312 649
60 335
574 652
60 572
275 375
549 591
415 442
63 447
531 653
241 541
351 396
152 455
670 674
307 470
218 608
507 649
469 643
648 663
445 559
171 394
84 533
243 486
74 534
616 668
235 476
375 629
635 652
559 565
292 671
381 451
292 519
324 567
269 367
513 560
634 651
594 673
542 563
387 616
612 642
542 577
286 669
565 664
483 552
478 604
613 674
614 641
144 471
231 591
479 484
144 391
317 507
42 251
84 534
467 569
528 605
61 126
349 436
529 661
413 626
471 608
609 616
646 667
588 640
211 571
492 622
79 500
499 503
460 543
610 674
467 547
644 652
352 491
527 612
453 658
371 617
186 477
73 655
309 567
627 642
108 477
402 660
182 303
65 292
377 467
44 181
621 649
226 512
33 298
324 641
633 670
46 340
164 434
89 154
224 394
214 602
466 547
154 474
481 484
236 665
57 377
514 628
84 138
553 663
573 654
640 669
83 462
303 578
290 320
70 436
243 659
192 430
338 380
102 171
613 643
307 671
38 249
404 434
621 650
103 520
513 672
174 283
306 626
97 580
364 521
19 557
312 315
214 670
503 596
22 292
422 615
25 369
456 490
599 611
28 126
33 423
469 623
177 286
71 599
188 196
586 673
323 552
116 397
543 638
432 451
340 468
658 662
267 575
592 663
208 376
590 609
470 592
504 650
401 614
328 616
182 547
502 575
434 671
503 607
346 504
42 367
572 651
469 643
454 638
406 583
320 472
236 387
134 393
499 524
1 311
93 273
322 606
480 627
533 606
316 470
433 650
320 449
645 659
148 216
426 536
100 599
667 672
147 468
164 479
96 538
279 288
30 104
239 600
8 242
582 598
180 580
582 651
51 83
660 669
25 68
242 644
431 485
195 409
362 455
571 627
338 610
177 413
105 288
346 433
653 674
471 509
270 508
667 671
61 208
553 631
628 639
439 529
306 656
412 433
38 282
306 499
219 391
666 672
587 606
175 371
36 635
217 546
260 669
349 530
245 413
262 601
1 530
543 594
629 668
666 668
216 416
30 628
221 357
45 274
546 550
648 659
144 239
591 596
648 672
635 635
565 609
145 337
248 430
631 638
22 153
205 544
515 523
212 320
564 633
287 357
58 453
388 674
226 397
118 411
652 652
67 152
423 501
567 614
145 283
571 643
462 569
49 494
335 509
9 440
325 420
76 667
178 222
590 626
255 663
418 592
231 338
10 598
521 627
625 640
260 626
586 625
246 336
634 667
249 611
338 373
575 636
260 345
529 545
612 636
48 594
473 549
296 639
616 665
123 570
382 625
656 659
7 376
660 667
502 668
633 654
271 360
567 590
291 426
434 619
545 592
303 672
274 416
421 634
30 488
304 570
331 556
552 618
633 649
297 476
26 556
317 591
531 630
118 148
576 608
654 660
247 571
197 469
130 466
102 274
207 336
537 641
428 493
338 475
613 641
381 433
598 618
7 635
262 638
442 506
457 536
482 509
517 573
512 669
42 583
35 521
223 377
497 501
438 468
588 650
305 348
585 625
335 586
501 601
614 669
191 547
5 241
553 608
422 582
600 672
348 499
91 565
204 530
151 505
262 452
97 313
314 588
533 564
513 565
123 166
51 633
280 608
136 336
603 627
672 672
666 669
419 642
131 581
582 666
122 297
161 331
225 231
315 527
536 629
541 542
87 350
181 264
548 588
64 504
556 610
354 535
232 358
353 408
566 567
504 608
68 244
125 282
458 519
177 347
141 654
491 648
263 355
338 371
23 199
283 525
482 655
626 648
119 510
243 626
88 232
544 628
622 666
116 221
379 447
640 642
530 667
271 288
338 348
541 584
117 288
136 136
180 458
239 408
233 395
417 545
318 631
629 661
523 524
359 448
554 597
395 648
301 610
550 605
391 568
169 470
338 381
544 594
345 465
95 499
348 411
498 578
525 545
234 510
254 530
116 607
22 592
491 575
157 621
172 375
56 444
98 438
108 311
561 582
251 400
412 413
282 623
195 198
490 650
26 394
493 663
281 401
649 650
224 236
373 490
434 505
338 520
546 571
355 356
63 304
270 488
614 621
566 579
482 620
566 639
299 385
332 645
375 395
359 407
228 383
583 590
31 159
633 640
328 594
253 353
464 658
364 572
362 618
502 545
366 432
529 647
350 637
314 469
399 655
627 668
226 518
354 619
456 599
543 579
632 645
490 657
540 602
101 265
391 427
602 660
277 445
228 361
58 360
513 609
158 365
508 658
214 391
263 644
57 520
59 589
130 199
638 657
81 466
514 546
212 332
662 671
65 490
141 467
628 632
9 243
152 334
239 513
431 542
580 607
315 601
69 338
151 212
569 666
475 625
228 340
186 255
6 165
256 314
194 486
672 672
317 321
583 666
595 636
324 534
252 259
585 647
458 530
576 594
347 452
660 666
559 601
568 670
540 606
416 588
41 317
541 548
62 465
62 485
371 448
408 577
224 426
151 552
84 619
322 334
271 293
157 327
129 314
393 432
595 648
192 504
538 594
671 673
61 231
107 330
328 435
163 239
103 577
55 661
334 397
130 589
505 520
300 529
543 618
567 634
39 418
592 672
169 495
25 491
403 414
35 598
28 516
554 605
387 658
187 277
3 472
654 674
169 501
560 607
369 673
248 417
519 645
147 403
425 593
36 642
341 621
615 671
139 557
162 209
297 459
127 381
193 300
174 416
237 387
57 192
529 591
545 555
271 650
169 522
158 164
370 430
478 598
192 256
502 580
136 495
463 479
257 493
87 358
341 523
201 556
134 311
502 575
305 411
463 617
536 672
361 445
99 417
479 587
371 418
346 445
504 543
223 443
33 218
73 522
315 570
327 557
439 562
481 583
47 162
591 608
471 487
28 299
479 672
471 483
468 516
527 627
638 672
627 654
654 657
399 446
646 646
626 659
651 665
115 327
343 472
355 664
533 668
349 558
490 502
635 636
44 617
171 439
623 645
37 61
282 288
95 643
177 546
31 261
401 460
28 291
98 508
124 594
174 404
35 204
388 399
525 626
206 496
290 600
525 543
136 404
549 598
247 311
38 136
137 513
68 96
365 498
160 270
127 520
258 618
300 348
588 661
70 297
33 574
108 491
564 669
431 651
576 602
309 322
485 588
628 632
282 497
656 660
314 377
574 632
255 353
49 122
244 382
318 585
509 660
100 222
344 670
454 494
393 515
354 500
131 235
108 508
556 580
575 640
269 621
429 555
10 221
94 138
468 589
301 665
333 404
365 663
204 459
535 553
250 345
640 674
579 660
308 619
28 66
430 646
434 636
369 436
22 314
68 79
401 563
622 653
48 193
422 462
145 391
211 511
188 494
34 471
671 672
406 479
49 273
57 143
211 231
424 499
3 88
349 636
398 425
508 628
296 552
38 567
513 525
505 590
264 340
29 484
477 650
370 590
569 583
469 504
215 339
397 468
452 476
232 290
452 576
171 565
520 634
468 584
408 544
378 520
82 444
93 318
456 587
176 296
221 625
487 607
486 611
380 578
125 560
368 463
91 258
161 293
292 609
223 349
524 644
71 446
562 618
608 620
530 623
466 582
207 635
581 664
254 298
303 557
383 400
134 217
96 178
618 638
10 322
206 670
152 370
410 652
356 446
91 221
243 250
449 591
154 408
403 439
538 551
517 645
622 638
568 619
373 459
245 263
178 610
328 648
128 455
178 655
123 203
362 615
534 551
495 553
415 587
565 621
246 407
225 545
258 341
556 643
359 511
275 292
529 602
624 644
626 626
246 500
304 573
169 183
547 548
274 470
553 562
153 313
653 664
249 631
310 424
454 458
572 615
102 298
313 664
183 660
660 661
197 435
229 662
141 430
500 585
60 371
510 644
84 614
165 437
478 552
550 645
7 560
103 186
392 475
566 640
216 484
505 515
361 579
431 451
392 673
304 666
148 299
484 657
457 480
430 505
237 510
116 260
27 308
358 358
103 258
106 305
631 667
591 666
639 647
590 616
464 666
336 593
184 629
356 557
325 453
603 638
583 591
582 607
151 652
473 648
180 596
36 356
468 489
612 645
73 330
97 507
21 57
644 654
524 671
155 244
645 665
240 270
159 395
142 147
279 375
671 671
160 359
560 612
508 601
508 636
38 375
85 250
125 160
464 634
92 330
69 523
347 362
262 499
499 627
389 588
62 64
209 657
665 674
520 539
512 625
23 141
4 657
242 410
10 334
619 656
653 672
92 344
501 558
525 607
361 547
159 512
483 514
213 523
175 564
264 355
337 616
609 616
402 547
114 539
464 512
638 673
318 347
98 107
659 661
220 255
85 563
444 636
201 665
636 643
588 653
425 674
297 480
364 431
147 451
248 364
564 595
495 541
182 673
69 582
77 158
639 665
309 631
504 512
449 622
136 657
573 583
87 608
540 641
603 608
496 574
633 647
503 647
334 401
318 394
317 512
71 242
417 539
348 466
485 485
450 551
449 666
660 661
379 428
401 654
607 671
129 372
430 662
295 514
284 354
456 480
615 642
523 549
296 585
283 311
531 552
340 463
535 617
162 582
127 506
36 609
347 498
647 648
582 586
178 562
468 616
509 659
590 617
582 623
255 374
641 660
55 456
301 381
652 660
115 468
398 499
622 665
334 644
53 350
199 374
581 639
179 661
186 614
20 229
371 611
387 576
2 646
617 673
445 455
205 587
26 237
11 553
90 100
195 320
202 533
421 559
125 656
592 617
210 308
621 653
328 503
320 532
210 523
2 227
667 667
342 549
507 642
476 478
62 606
655 660
173 572
330 572
451 526
315 616
417 613
18 109
648 672
336 502
114 397
286 649
498 535
74 193
201 458
186 350
275 477
35 378
86 481
306 383
499 534
558 558
79 127
150 639
605 636
263 657
13 316
614 666
224 250
332 525
657 669
443 463
499 599
450 455
66 494
553 666
637 669
106 533
388 391
86 99
60 456
135 634
407 528
37 657
30 166
17 379
53 332
156 547
98 246
235 652
121 376
641 642
470 641
670 673
100 482
148 275
32 537
290 320
607 609
306 567
358 551
480 670
128 621
131 382
226 624
380 473
311 516
485 549
463 561
492 646
105 248
533 666
411 536
623 665
117 238
20 591
425 554
387 538
529 625
57 68
537 550
46 287
310 561
636 657
408 489
110 631
645 650
406 666
131 196
612 650
81 377
518 589
28 592
74 399
349 507
101 546
589 642
240 514
109 325
532 626
335 438
267 289
480 563
342 607
414 441
645 658
533 541
497 564
240 255
134 376
369 564
13 522
592 638
547 644
85 311
582 639
436 495
567 668
247 674
116 394
72 179
208 387
233 323
444 449
76 182
551 577
246 651
124 265
196 305
455 456
45 412
317 375
536 564
299 356
161 165
557 663
565 642
597 662
265 473
478 622
287 555
238 239
209 483
540 642
329 568
563 570
594 628
605 642
281 575
476 505
415 472
41 300
545 640
552 650
63 501
479 517
2 167
377 651
657 657
362 378
542 546
461 581
33 118
317 560
643 670
335 531
273 560
395 517
653 659
668 669
377 576
89 536
431 617
471 639
388 596
651 658
563 636
482 585
380 638
120 555
441 465
613 627
18 624
128 569
579 592
591 664
428 474
648 669
337 467
253 361
111 573
672 672
317 593
89 426
656 663
389 407
38 177
577 595
365 466
428 561
64 354
211 514
467 565
432 490
169 186
114 126
563 581
156 348
307 494
217 563
546 548
117 212
664 667
301 646
162 660
450 489
533 650
31 594
558 611
420 655
359 547
252 525
17 657
537 648
628 660
437 643
652 655
184 373
194 472
315 486
384 416
245 666
357 598
324 387
156 269
212 340
33 371
271 517
150 571
218 333
536 674
660 662
614 657
201 503
172 290
603 627
154 395
448 647
62 340
183 309
9 164
485 647
422 547
96 455
250 262
407 528
249 323
84 515
77 194
625 671
168 216
177 347
33 159
587 612
99 110
12 194
259 584
487 539
184 209
322 482
8 164
60 358
338 598
594 654
254 328
221 623
87 634
229 588
426 440
549 599
634 652
444 499
457 550
540 542
370 668
288 371
386 403
542 588
656 665
615 662
439 596
139 540
531 531
392 553
152 379
606 650
205 474
101 169
291 572
29 174
420 654
652 657
473 592
345 382
274 570
63 179
44 378
545 659
430 540
98 176
103 553
557 595
213 432
180 457
60 267
173 392
467 538
186 505
29 462
585 603
20 423
270 492
397 430
422 557
574 627
543 642
601 671
275 299
404 545
584 664
254 299
659 668
442 463
571 657
283 672
129 440
19 246
595 666
167 416
353 425
619 674
156 555
567 576
484 590
537 542
341 378
442 504
228 250
77 381
539 653
269 584
475 497
589 639
464 474
157 331
246 389
204 334
552 645
86 95
614 668
588 637
667 670
135 447
35 604
566 595
17 515
287 356
529 597
203 246
480 548
635 673
291 326
642 672
474 530
303 522
115 367
648 656
495 560
332 384
199 399
599 661
486 596
81 612
420 583
606 638
91 467
308 369
125 268
582 598
635 666
474 639
271 566
610 670
519 557
381 440
189 602
604 612
337 428
321 609
233 667
599 671
23 621
362 460
650 659
66 389
536 626
293 310
21 468
170 471
101 517
216 450
517 671
113 664
438 500
348 650
100 448
531 594
231 492
314 667
41 337
518 649
440 572
594 619
513 547
500 638
352 449
514 622
357 518
150 462
9 336
76 300
610 616
662 670
527 542
587 669
186 344
120 633
357 625
574 618
134 207
162 305
634 660
168 646
42 257
626 658
150 489
67 208
246 345
618 655
170 248
456 614
216 274
557 603
87 515
330 616
608 619
663 664
640 674
303 535
25 435
484 647
511 520
524 563
57 491
596 647
35 359
195 224
33 345
441 585
418 503
138 293
409 605
550 668
641 668
558 620
554 605
83 125
467 572
167 331
124 199
311 497
376 507
631 670
385 630
472 660
604 626
352 556
125 300
394 510
440 633
588 654
260 600
578 670
313 659
249 662
73 437
564 639
542 543
115 335
602 652
285 316
561 654
337 549
571 654
165 332
264 388
246 320
555 605
343 544
405 584
192 558
270 428
119 241
644 660
402 580
443 596
102 130
356 583
9 587
299 461
362 538
137 592
295 426
68 176
367 387
511 617
449 661
116 374
267 510
351 421
258 617
436 652
221 462
166 272
86 251
375 465
307 322
666 670
484 495
127 504
395 508
327 658
50 643
373 511
396 562
626 629
46 69
360 374
627 654
463 654
177 380
597 655
585 589
254 463
22 278
315 357
577 596
396 671
389 638
149 383
35 334
244 411
17 20
270 333
319 653
454 489
80 590
271 285
520 520
290 363
648 669
106 427
190 658
141 325
270 587
160 592
151 354
624 630
129 206
654 659
674 674
69 304
544 557
408 631
367 436
97 468
505 642
100 178
557 652
124 213
198 636
236 342
409 560
95 102
134 245
162 651
355 455
151 327
433 649
427 501
151 497
325 632
410 606
99 119
511 549
266 332
307 569
73 544
307 615
95 310
157 306
411 413
611 636
401 565
86 217
223 653
555 646
610 641
91 365
364 590
619 660
484 670
375 604
261 263
674 674
573 625
332 412
659 662
0 652
652 657
116 605
335 478
112 313
197 346
500 566
254 307
584 669
116 238
649 655
521 654
672 674
593 620
181 514
277 392
458 633
109 165
650 658
298 401
633 652
407 603
568 653
330 655
497 618
387 540
102 434
551 634
123 528
642 645
583 610
181 446
296 451
144 644
637 669
427 554
643 662
316 406
152 432
224 259
14 237
285 338
276 289
179 623
340 487
174 541
64 129
537 670
370 474
236 514
566 611
497 661
35 394
173 592
280 665
70 578
589 609
318 440
579 646
655 673
459 476
123 495
42 505
473 674
547 651
162 597
462 620
659 668
9 594
371 545
192 489
490 629
609 645
66 573
561 564
134 598
209 268
147 168
529 654
661 662
291 527
338 582
511 594
496 536
355 589
424 605
29 613
201 288
213 276
629 641
297 356
544 562
339 552
286 607
230 246
7 481
233 510
618 645
577 619
71 518
319 372
261 425
228 300
309 634
610 663
173 231
180 341
670 672
669 674
59 519
506 663
184 364
8 181
313 513
588 633
524 561
670 673
292 518
570 615
497 501
277 465
526 553
639 643
277 466
24 152
57 217
94 253
453 556
240 614
576 663
122 504
322 597
223 385
304 610
360 661
397 545
626 670
32 603
467 660
527 617
12 612
564 619
464 568
588 626
576 609
410 427
210 417
236 388
394 425
344 537
310 465
599 615
56 460
269 649
651 667
1 119
580 638
436 622
66 609
104 447
73 568
74 82
510 576
157 393
78 447
319 643
263 561
359 575
207 463
278 326
0 506
296 537
420 485
331 653
159 512
299 555
158 659
202 472
