989815
983714
989815
991446
983714
983714
969095
991446
967437
991446
991446
991446
991446
773321
991446
914119
853902
916781
991446
989815
989815
991446
991446
979580
983714
969095
989815
969095
991446
991446
991446
534619
979580
991446
991446
991446
991446
991446
991446
989815
991446
991446
969095
807578
991446
991446
989815
991446
991446
991446
981183
984245
977213
989815
991446
991446
991446
880846
969095
991446
979580
989815
983714
979580
983714
991446
991446
910604
8845
983714
973817
991446
911078
989815
989815
8845
991446
991446
989815
991446
991446
983714
991446
989815
983714
991446
991446
989815
973817
989815
983714
991446
901811
991446
989815
914119
983714
991446
989815
901811
989815
983714
991446
989815
989815
989815
989815
853902
962437
989815
983714
989815
989815
965879
991446
984245
723052
805392
983714
991446
973817
965879
991446
991446
916781
989815
989815
973817
989815
984245
853902
991446
989815
991446
957230
700354
991446
989815
989815
991446
991446
983714
969095
984245
973817
965879
989815
991446
914119
991446
865567
847697
979580
865567
989815
914119
989815
989815
991446
984245
979580
962437
979580
991446
991446
991446
973817
991446
973817
991446
991446
892063
991446
991446
991446
989815
969142
983714
989815
991446
991446
981183
991446
957230
981183
991446
979580
991446
991446
983714
991446
991446
991446
969095
979580
991446
991446
979580
983714
748901
989815
989815
991446
989815
977213
973817
892063
984245
989815
989815
849532
991446
969095
901811
981183
914119
991446
969095
983714
991446
962437
989815
984245
979580
981183
989815
991446
957230
984245
991446
991446
835909
969095
892063
914119
735396
991446
914119
984245
969095
908402
981183
989815
989815
989815
989815
991446
984245
983714
991446
914119
955983
957230
991446
965879
984245
991446
991446
983714
991446
983714
989815
991446
989815
991446
991446
991446
989815
989815
983714
989815
991446
984245
989815
973817
963536
979580
862755
989815
989815
991446
914119
991446
991446
991446
991446
991446
991446
916781
984245
989815
901811
989815
847697
969095
989815
989815
969095
981183
983714
979580
989815
984245
989815
991446
911895
981183
692962
989815
991446
991446
969095
841950
896309
989815
8845
991446
991446
944362
991446
989815
991446
991446
989815
981183
983714
989815
991446
991446
983714
991446
989815
984245
973817
748901
991446
979580
991446
989815
983714
977213
983714
979580
989815
979580
989815
981183
981183
991446
983714
965879
983714
989815
991446
984245
989815
989815
989815
991446
989815
989815
991446
983714
991446
892063
989815
991446
989815
926960
911895
991446
979580
989815
735396
989815
991446
979580
983714
991446
853902
573243
969095
991446
989815
989815
991446
991446
983714
991446
989815
969095
989815
887820
983714
991446
977213
991446
924436
989815
989815
989815
989815
991446
991446
989815
989815
989815
989815
991446
914119
433519
962437
910604
957230
970305
981183
983714
989815
989815
969095
773321
983714
991446
983714
989815
991446
969095
989815
979580
991446
991446
991446
991446
914119
583104
901811
991446
991446
991446
991446
901811
983714
989815
989815
989815
991446
969095
983714
989815
802056
991446
865567
523981
984245
983714
981183
991446
977213
989815
989815
991446
991446
965220
901811
991446
969095
977213
989815
989815
914119
969095
910604
989815
983714
967437
989815
991446
989815
989815
979580
298452
991446
979580
983714
991446
957230
989815
969095
981183
991446
979580
991446
880846
984245
989815
989815
991446
983714
991446
951317
981183
944362
847697
989815
973817
984245
989815
847697
991446
991446
989815
973817
989815
969095
991446
991446
977213
989815
991446
901811
991446
991446
981183
983714
984245
991446
8845
989815
914119
965879
983714
989815
991446
962437
991446
945527
991446
914119
989815
969095
991446
981183
991446
991446
989815
957230
613068
989815
989815
991446
981183
989815
723052
981183
989815
991446
989815
813670
991446
983714
911078
989815
989815
989815
991446
983714
984245
981183
773321
984245
924436
989815
965879
991446
273870
989815
991446
991446
989815
989815
983714
989815
983714
887389
896309
991446
991446
991446
989815
981183
853902
914119
991446
989815
896309
991446
847697
979580
692962
991446
896309
983714
983714
991446
991446
991446
901811
865567
989815
991446
957230
983714
951317
989815
882299
989815
805156
911895
983714
965879
991446
989815
991446
914119
989815
979580
722646
991446
991446
991446
957230
991446
991446
989815
970305
973817
991446
983714
962437
973817
989815
534619
989815
989815
914119
983714
692962
984245
969095
702905
983714
989815
914119
989815
576574
991446
989815
989815
991446
983714
965879
989815
981183
991446
989815
989815
991446
973817
991446
979580
973817
983714
991446
991446
991446
989815
815720
941509
991446
991446
989815
989815
973817
969095
973817
957230
965879
983714
991446
901811
989815
983714
977213
991446
989815
965879
914119
989815
983714
983714
989815
901811
984245
983714
991446
969095
989815
983714
957230
901811
981183
989815
984245
989815
989815
914119
981183
946964
926960
969095
983714
969095
973817
984245
991446
979580
989815
991446
991446
989815
948578
991446
989815
989815
914119
991446
983714
989815
983714
474047
989815
991446
334032
989815
991446
892063
263223
983714
989815
989815
901811
983714
984245
991446
989815
983714
979580
965879
981183
983714
991446
921089
969095
979580
991446
991446
984245
991446
989815
991446
991446
865567
916781
991446
991446
969095
983714
911895
991446
989815
979580
984245
989815
983714
989815
991446
983714
983714
991446
983714
991446
969095
979580
984245
979580
989815
969095
991446
991446
989815
847697
983714
989815
981183
965879
991446
957230
983714
914119
989815
991446
991446
989815
914119
843709
989815
989815
991446
989815
989815
989815
991446
979580
984245
991446
969095
989815
970305
983714
969095
984245
991446
983714
969095
973817
901811
991446
914119
983714
892063
991446
989815
989815
989815
963536
969095
991446
989815
973817
989815
969095
989815
983714
991446
983714
914119
989815
989815
991446
991446
773321
991446
979580
977213
914119
983714
971103
910604
979580
989815
984245
989815
969095
983714
989815
977213
983714
991446
991446
983714
989815
983714
991446
914119
989815
914119
983714
991446
989815
989815
969095
984245
969095
991446
773321
989815
984245
831511
719554
989815
989815
989815
983714
965879
989815
965879
989815
989815
989815
969095
991446
977213
991446
984245
914119
772673
983714
991446
989815
989815
991446
989815
989815
991446
989815
991446
849532
8845
983714
971103
981183
989815
989815
979580
991446
991446
991446
989815
981183
991446
991446
991446
914119
989815
989815
989815
989815
991446
586028
991446
991446
991446
924436
914119
991446
991446
991446
991446
983714
989815
748901
983714
965220
989815
991446
973817
970305
989815
135451
969095
989815
865567
991446
991446
926960
989815
991446
989815
991446
989815
973817
989815
989815
981183
991446
847697
983714
989815
969095
841181
991446
979580
991446
914119
991446
989815
991446
946964
983714
989815
969095
991446
981183
735396
989815
991446
989815
991446
991446
991446
989815
962437
847697
991446
989815
892063
989815
991446
991446
991446
586028
892063
983714
991446
969095
991446
962437
991446
914119
914119
967437
989815
989815
991446
865567
989815
991446
914119
957230
896309
914119
989815
989815
991446
989815
979580
991446
991446
965879
991446
991446
957230
991446
989815
989815
989815
989815
983714
991446
979580
991446
989815
984245
991446
989815
969095
892063
991446
989815
979580
969095
977213
981183
979580
991446
991446
991446
914119
989815
914119
962437
991446
991446
979580
901811
989815
991446
922604
910604
989815
991446
911895
989815
991446
969095
989815
991446
991446
989815
991446
853902
969095
973817
991446
991446
973817
991446
983714
991446
989815
916781
989815
991446
989815
989815
983714
880846
991446
981183
989815
989815
991446
979580
989815
914119
989815
989815
989815
991446
989815
984245
991446
983714
989815
984245
965879
983714
973817
969095
989815
991446
989815
965879
962437
914119
983714
991446
991446
969095
957230
991446
931787
991446
914119
991446
989815
991446
991446
991446
977213
984245
991446
991446
983714
991446
983714
723052
989815
965879
983714
984245
957230
991446
989815
991446
962437
983714
989815
991446
989815
989815
853902
983714
922604
991446
773321
991446
991446
979580
989815
962437
991446
991446
989815
989815
983714
991446
979580
924436
991446
983714
979580
558364
764436
914119
991446
957230
981183
991446
969095
991446
989815
991446
984245
984245
991446
764436
989815
991446
991446
922604
983714
989815
981183
983714
989815
853902
991446
989815
989815
970305
989815
901811
991446
991446
989815
969095
969095
969095
969095
984245
983714
991446
991446
914119
991446
989815
983714
979580
135451
989815
989815
989815
948578
991446
991446
991446
989815
648107
983714
989815
946964
969095
991446
853902
989815
989815
983714
991446
991446
983714
991446
962437
991446
901811
989815
534619
914119
989815
983714
991446
991446
991446
914119
989815
991446
835909
989815
981183
955983
914119
991446
991446
991446
991446
991446
989815
882299
991446
983714
580324
989815
983714
991446
991446
989815
991446
989815
991446
983714
957230
969095
922604
991446
926960
955983
983714
991446
989815
983714
979580
991446
989815
723052
914119
991446
983714
991446
989815
991446
951317
979580
977213
969095
971103
991446
983714
841950
983714
969095
973817
991446
991446
991446
991446
921089
983714
984245
989815
983714
991446
989815
969095
991446
989815
991446
878607
991446
973817
901811
991446
984245
914119
989815
991446
983714
991446
735396
991446
965879
989815
991446
989815
991446
991446
989815
841950
969095
989815
989815
914119
989815
991446
983714
991446
773321
892063
991446
989815
989815
989815
989815
989815
979580
991446
828932
880846
989815
989815
989815
991446
984245
981183
984245
914119
991446
991446
989815
989815
969095
969095
989815
991446
991446
983714
989815
991446
970305
901811
979580
276423
965879
914119
959611
708143
896309
991446
991446
989815
991446
983714
991446
989815
991446
983714
924436
983714
989815
991446
989815
991446
965879
991446
969095
989815
981183
983714
949556
989815
991446
916781
991446
984245
991446
831511
991446
991446
989815
403388
991446
979580
984245
977213
914119
991446
991446
983714
991446
989815
989815
969095
989815
989815
991446
991446
979580
991446
276423
989815
989815
991446
981183
969095
973817
991446
425899
991446
989815
924436
979580
991446
984245
969095
922604
926960
983714
970305
991446
989815
983714
989815
983714
989815
983714
991446
914119
983714
991446
969095
957230
991446
991446
989815
989815
989815
981183
896309
979580
991446
991446
979580
983714
991446
989815
887820
632820
983714
991446
991446
991446
991446
991446
989815
991446
989815
991446
989815
991446
989815
989815
991446
989815
989815
991446
991446
914119
989815
984245
965879
989815
981183
989815
983714
969095
991446
989815
989815
989815
991446
984245
991446
989815
989815
991446
991446
991446
991446
989815
865567
989815
989815
969095
989815
989815
991446
991446
989815
989815
991446
989815
991446
991446
914119
989815
545146
989815
991446
983714
983714
635326
911895
981183
991446
969095
908402
989815
983714
914119
981183
984245
989815
989815
926960
979580
989815
991446
991446
135451
989815
901811
989815
981183
989815
989815
991446
991446
991446
991446
973817
991446
991446
892063
991446
991446
991446
991446
991446
965879
983714
977213
991446
991446
979580
991446
981183
969095
965879
989815
984245
991446
991446
989815
989815
983714
983714
989815
692962
989815
991446
989815
663681
984245
957230
989815
926960
957230
914119
989815
989815
991446
989815
957230
991446
989815
983714
991446
914119
989815
991446
969095
991446
957230
991446
983714
949785
773321
946964
973817
989815
979580
983714
984245
991446
969095
973817
989815
991446
991446
901811
983714
991446
991446
991446
979580
969095
991446
979580
962437
828932
969095
991446
989815
991446
946964
841950
970305
991446
641254
981183
991446
359448
989815
989815
965220
989815
911895
991446
989815
983714
991446
969095
965879
989815
981183
969095
901811
981183
989815
910604
991446
914119
984245
989815
981183
979580
991446
970305
991446
983714
991446
805392
991446
991446
991446
962437
983714
969095
983714
989815
979580
991446
963536
989815
991446
849532
916781
979580
989815
991446
989815
973817
991446
916781
849532
989815
991446
991446
991446
957230
991446
983714
983714
983714
989815
865567
933249
911895
989815
991446
991446
991446
973817
984245
989815
962437
989815
991446
991446
989815
991446
957230
914119
979580
989815
979580
991446
979580
991446
991446
989815
969095
983714
979580
969095
989815
991446
991446
989815
8845
989815
989815
979580
534619
773321
969142
991446
962437
979580
360668
914119
914119
735396
991446
991446
983714
965879
979580
764436
981183
989815
896309
969095
914119
979580
989815
991446
984245
901811
991446
969095
983714
901811
979580
991446
989815
991446
991446
989815
973817
979580
989815
991446
991446
991446
989815
914119
914119
991446
989815
983714
969142
969095
991446
962437
991446
989815
979580
991446
991446
989815
977213
989815
991446
991446
989815
969095
989815
946964
969095
984245
979580
969095
295132
984245
981183
991446
989815
991446
991446
969095
983714
979580
135451
991446
534619
979580
764436
991446
989815
901811
991446
991446
983714
991446
887162
991446
991446
955983
989815
991446
815720
983714
896309
989815
989815
989815
979580
989815
969095
991446
989815
983714
989815
989815
910604
991446
983714
991446
991446
981183
979580
914119
983714
991446
949785
989815
957230
991446
989815
989815
983714
977213
991446
989815
957230
691778
984245
748979
983714
991446
983714
989815
962437
991446
984245
847697
991446
969095
847697
991446
347189
933249
991446
764436
989815
965879
991446
989815
989815
965879
991446
922604
989815
969095
991446
965220
989815
991446
989815
347189
989815
991446
969095
991446
991446
991446
878607
983714
991446
973817
991446
979580
989815
989815
983714
989815
639035
969095
534619
979580
865567
865567
989815
965879
991446
991446
991446
989815
989815
914119
983714
991446
847697
989815
984245
722646
957230
991446
981183
989815
991446
991446
989815
991446
981183
989815
979580
991446
991446
973817
991446
989815
989815
901811
981183
979580
989815
979580
991446
773321
989815
977213
892063
991446
989815
973817
991446
989815
989815
983714
979580
989815
989815
991446
991446
991446
989815
989815
989815
981183
9311
979580
991446
989815
892063
983714
977213
991446
981183
969095
981183
773321
892063
979580
991446
989815
957230
991446
991446
989815
979580
692962
989815
991446
991446
882299
991446
991446
989815
989815
991446
984245
776600
914119
914119
983714
970305
991446
991446
991446
983714
989815
981183
965879
962437
991446
991446
853902
984245
989815
979580
983714
984245
991446
991446
991446
989815
989815
989815
969095
991446
969095
813670
911078
989815
970305
983714
991446
969095
991446
991446
989815
865567
991446
991446
989815
991446
991446
957230
960988
914119
989815
989815
981183
991446
991446
983714
991446
989815
989815
991446
921089
991446
989815
989815
983714
991446
989815
979580
991446
969095
957230
989815
991446
951317
983714
983714
914119
983714
983714
914955
984245
979580
914119
914119
969095
965879
991446
610388
989815
957230
991446
991446
991446
865567
991446
983714
989815
991446
914119
983714
957230
984245
989815
983714
914119
991446
991446
991446
979580
983714
977213
991446
989815
991446
979580
984245
991446
991446
965879
962437
991446
979580
831511
983714
977213
983714
989815
991446
991446
991446
914119
984245
989815
984245
991446
991446
989815
989815
991446
989815
989815
989815
979580
969095
983714
991446
983714
979580
989815
991446
991446
991446
991446
911895
989815
922604
991446
989815
979580
632820
991446
989815
979580
989815
989815
977213
989815
973817
977213
953741
991446
991446
991446
983714
914119
901811
943824
914119
991446
957230
989815
965879
743070
991446
991446
991446
983714
979580
892063
989815
991446
969095
983714
991446
989815
989815
692962
983714
989815
989815
969095
983714
991446
989815
882299
979580
991446
981183
991446
991446
979580
983714
957230
991446
991446
983714
983714
983714
901811
973817
991446
586028
991446
911895
991446
892063
969095
989815
989815
991446
967437
911895
991446
969095
969095
989815
991446
983714
981183
849532
965879
991446
991446
989815
989815
989815
989815
983714
991446
914119
983714
981183
984245
979580
991446
735396
991446
984245
991446
957230
967437
991446
989815
991446
991446
965879
922604
983714
989815
991446
914119
965879
991446
969095
977213
989815
983714
989815
989815
991446
957230
983714
991446
991446
991446
901811
922604
989815
991446
981183
983714
969095
989815
991446
989815
989815
983714
951317
880846
922604
991446
991446
989815
984245
739845
896309
989815
991446
989815
910604
989815
989815
991446
969095
991446
991446
962437
991446
957230
983714
892063
991446
989815
991446
922604
989815
979580
991446
983714
984245
991446
989815
991446
991446
989815
989815
991446
991446
991446
983714
914119
967437
991446
991446
989815
984245
991446
983714
984245
989815
991446
896309
989815
989815
991446
965879
969095
991446
989815
983714
991446
989815
965879
979580
991446
991446
989815
989815
991446
991446
892063
948578
989815
991446
989815
979580
984245
969095
973817
979580
991446
984245
989815
983714
991446
989815
983714
991446
969095
991446
989815
991446
991446
882299
991446
989815
991446
991446
991446
983714
973817
991446
981183
979580
989815
989815
991446
977213
865567
989815
955983
735396
983714
847697
901811
989815
991446
901811
723052
969095
984245
965879
991446
991446
962437
989815
403388
896309
991446
748901
991446
991446
983714
853902
989815
722646
983714
983714
979580
991446
981183
991446
991446
957230
991446
914119
991446
896309
965879
901811
962437
989815
989815
989815
983714
991446
981183
796999
991446
989815
989815
973817
989815
991446
979580
989815
991446
989815
991446
983714
8845
989815
983714
991446
957230
973817
991446
973817
989815
865567
796999
983714
984245
989815
969095
991446
989815
984245
946964
991446
991446
991446
991446
962437
989815
991446
914119
991446
991446
991446
911895
989815
991446
989815
957230
991446
991446
979580
722646
989815
991446
983714
991446
991446
983714
991446
991446
991446
914119
989815
991446
989815
989815
989815
989815
176603
989815
989815
878607
991446
991446
914119
989815
991446
991446
921089
991446
949556
991446
991446
914119
991446
989815
989815
955983
989815
969095
907208
914119
989815
981183
991446
991446
960988
991446
984245
983714
984245
991446
991446
969095
969095
991446
983714
983714
957230
962437
989815
989815
983714
991446
991446
991446
914119
991446
989815
989815
989815
991446
973817
989815
957230
991446
901811
916781
991446
991446
991446
984245
962437
802806
991446
989815
991446
989815
989815
991446
991446
989815
977213
892063
991446
969095
989815
979580
969095
989815
991446
989815
991446
892063
989815
957230
973817
764436
991446
991446
991446
983714
991446
960988
991446
896309
991446
989815
955983
921089
983714
989815
991446
989815
989815
991446
969095
991446
991446
969095
991446
892063
989815
991446
971103
984245
973817
989815
965879
989815
991446
989815
914119
991446
991446
991446
973817
991446
969095
989815
991446
991446
991446
989815
969095
989815
989815
969095
8845
979580
914119
965879
991446
989815
955983
989815
991446
896309
989815
977213
991446
969095
853902
983714
991446
983714
989815
979580
880846
977213
989815
989815
914119
989815
969095
979580
924436
991446
991446
991446
979580
938831
989815
973817
989815
983714
991446
970305
991446
850826
973817
973817
979580
991446
983714
991446
991446
991446
983714
983714
979580
989815
273870
914119
983714
991446
991446
991446
991446
969095
991446
989815
989815
989815
989815
969095
989815
983714
847697
989815
989815
989815
991446
991446
991446
984245
984245
989815
991446
991446
991446
969095
916781
983714
991446
991446
969095
979580
882299
991446
991446
989815
991446
984245
926960
853902
892063
977213
991446
969095
969095
914119
914119
989815
957230
989815
991446
984245
979580
991446
984245
991446
991446
989815
991446
989815
989815
991446
347189
991446
981183
989815
989815
991446
991446
991446
989815
989815
901811
914119
847697
983714
991446
979580
989815
969095
991446
965879
983714
991446
991446
989815
989815
989815
991446
991446
989815
981183
949556
991446
991446
901811
991446
989815
989815
979580
991446
991446
979580
989815
896309
991446
955983
922604
957230
963536
983714
865567
991446
989815
983714
979580
991446
991446
983714
991446
989815
853902
984245
979580
957230
989815
991446
984245
989815
991446
977213
991446
991446
991446
989815
991446
984245
984245
989815
991446
991446
983714
965879
989815
991446
991446
983714
983714
991446
991446
991446
989815
977213
984245
989815
991446
911895
973817
971103
969095
981183
991446
984245
979580
989815
991446
989815
957230
892063
989815
979580
991446
991446
946964
989815
991446
896309
973817
989815
984245
983714
991446
977213
858026
983714
989815
764436
989815
991446
991446
983714
983714
989815
989815
962437
989815
983714
991446
967437
979580
977213
896309
991446
969095
835909
989815
984245
989815
991446
989815
991446
989815
991446
8845
983714
991446
946964
991446
991446
989815
965879
989815
989815
896309
991446
991446
989815
914119
991446
989815
979580
965220
991446
989815
991446
970305
977213
989815
983714
991446
989815
991446
969142
991446
989815
989815
983714
969095
989815
965879
991446
989815
991446
984245
989815
989815
981183
973817
979580
981183
991446
914119
983714
969095
896309
989815
991446
991446
989815
979580
991446
991446
991446
983714
991446
989815
892063
965879
989815
991446
962437
984245
773321
991446
979580
914119
983714
981183
924436
991446
949556
991446
969095
991446
989815
969095
965879
979580
989815
991446
983714
979580
989815
969095
984245
991446
973817
989815
991446
991446
914955
991446
989815
949089
989815
983714
983714
989815
989815
969095
989815
989815
896309
981183
901811
989815
991446
989815
991446
989815
8845
969095
692962
991446
347189
991446
342351
991446
946964
957230
977213
955983
989815
991446
991446
901811
896309
973817
983714
989815
991446
991446
983714
991446
989815
984245
991446
991446
991446
991446
991446
989815
983714
989815
989815
901811
991446
989815
907208
969095
862755
984245
969095
979580
983714
991446
991446
989815
901811
984245
914119
896309
989815
983714
965879
991446
989815
983714
896309
991446
991446
991446
957230
991446
989815
983714
989815
989815
989815
991446
991446
991446
983714
989815
979580
984245
991446
989815
983714
983714
991446
983714
979580
983714
989815
981183
989815
984245
983714
773321
926960
989815
933249
764436
983714
924436
989815
977213
776600
979580
957230
991446
991446
991446
991446
989815
991446
981183
892063
983714
983714
991446
979580
991446
991446
989815
989815
896309
991446
969095
983714
989815
962437
991446
901811
984245
981183
991446
989815
989815
965879
911895
805392
914119
773321
991446
957230
983714
989815
991446
957230
991446
773321
969095
991446
979580
989815
989815
969095
957230
989815
977213
991446
984245
991446
957230
991446
983714
989815
989815
984245
969095
991446
969095
991446
983714
914119
967437
989815
989815
991446
989815
911895
991446
989815
896309
911895
914119
991446
853902
847697
991446
989815
989815
722646
970305
896309
991446
991446
965220
983714
989815
983714
865567
991446
984245
529851
989815
989815
970305
991446
983714
984245
984245
981183
991446
991446
969095
969095
916781
991446
965879
924436
962437
474571
983714
989815
991446
979580
989815
989815
991446
991446
991446
989815
989815
989815
965879
963536
991446
991446
983714
979580
991446
991446
979580
965879
991446
989815
989815
957230
989815
901811
979580
849532
991446
983714
529851
991446
983714
991446
991446
984245
991446
984245
991446
276423
991446
991446
991446
991446
991446
984245
967437
991446
989815
983714
991446
991446
983714
989815
989815
957230
914119
983714
991446
991446
983714
991446
991446
969095
991446
965879
979580
914119
981183
914119
991446
973817
983714
983714
907208
911895
991446
723850
991446
991446
989815
979580
969095
991446
965879
991446
989815
989815
624687
981183
979580
991446
991446
989815
979580
991446
989815
929221
991446
930641
991446
989815
989815
991446
969095
991446
983714
991446
715102
991446
973817
957230
989815
773321
991446
989815
970305
991446
979580
882299
991446
984245
969095
989815
991446
981183
896309
983714
901811
991446
991446
983714
991446
944362
969095
989815
991446
983714
896309
962437
969095
984245
979580
991446
991446
989815
991446
967437
981183
828932
991446
914119
991446
970305
991446
914119
523981
723052
984245
991446
991446
981183
991446
865567
989815
991446
989815
989815
983714
865567
989815
631064
983714
957230
991446
991446
802806
989815
969095
991446
989815
302246
991446
748901
991446
748901
965879
991446
991446
983714
989815
896309
989815
981183
989815
723052
989815
969095
896309
991446
989815
991446
901811
983714
914119
991446
991446
989815
991446
983714
989815
989815
991446
991446
991446
991446
892063
983714
991446
853902
979580
929221
991446
991446
957230
991446
957230
991446
979580
969095
984245
969095
983714
847697
989815
991446
969095
989815
989815
901811
989815
983714
991446
989815
989815
989815
979580
847697
991446
969095
991446
989815
991446
991446
981183
805156
914955
991446
979580
983714
991446
984245
991446
989815
991446
991446
763160
970305
991446
969095
991446
989815
970305
989815
983714
979580
970305
983714
989815
989815
991446
989815
991446
991446
129855
991446
991446
983714
933249
914119
991446
989815
991446
967437
989815
979580
983714
989815
991446
989815
764436
973817
896309
973817
914119
914119
989815
989815
991446
404059
984245
957230
989815
989815
991446
979580
979580
8845
991446
984245
959611
991446
991446
969095
901811
989815
991446
989815
991446
991446
991446
991446
991446
991446
991446
969095
979580
991446
914119
865567
983714
991446
977213
735396
962437
989815
989815
989815
991446
965879
989815
983714
989815
991446
991446
989815
983714
983714
853902
984245
981183
914119
989815
949556
983714
991446
989815
991446
780965
991446
989815
991446
983714
989815
989815
983714
983714
983714
991446
969095
991446
989815
979580
979580
983714
989815
989815
989815
991446
989815
991446
983714
951317
983714
973817
914119
944362
991446
991446
946964
926960
805392
991446
991446
989815
949089
983714
981183
529851
984245
989815
991446
991446
989815
991446
984245
627019
979580
991446
989815
991446
991446
989815
892063
969095
690910
984245
989815
984245
865567
979580
989815
969095
991446
981183
991446
984245
989815
991446
991446
991446
991446
989815
989815
969095
991446
983714
989815
989815
951317
991446
914119
984245
991446
991446
914119
984245
991446
991446
773321
991446
989815
957230
979580
886254
991446
991446
969095
989815
723052
989815
989815
957230
926960
892063
979580
991446
914119
991446
970241
991446
847697
984245
853902
969095
989815
776600
984245
957230
991446
911895
991446
989815
983714
965879
991446
901811
989815
991446
989815
984245
989815
983714
981183
991446
983714
991446
969095
933249
914119
981183
991446
991446
979580
991446
991446
989815
926960
847697
969095
991446
991446
403388
991446
983714
973817
991446
989815
989815
989815
989815
984245
882299
991446
991446
989815
989815
989815
989815
331958
991446
989815
983714
331958
981183
991446
989815
991446
989815
979580
983714
991446
962437
991446
984245
991446
983714
991446
979580
853902
991446
981183
991446
989815
882299
989815
991446
991446
969095
981183
983714
979580
991446
969095
989815
989815
991446
991446
989815
914119
983714
983714
991446
989815
969095
979580
979580
973817
896309
896309
973817
991446
991446
989815
965879
989815
989815
989815
989815
979580
914119
692962
981183
969095
983714
991446
983714
989815
973817
991446
989815
983714
692962
991446
989815
983714
991446
991446
989815
989815
916781
991446
962437
983714
723052
989815
991446
983714
989815
991446
981183
962437
910604
970241
983714
991446
983714
983714
969095
922604
969095
991446
965879
991446
991446
991446
989815
983714
983714
991446
692962
983714
969095
991446
989815
914119
991446
991446
991446
991446
991446
916781
991446
989815
981183
991446
991446
991446
914119
8845
979580
991446
981183
773321
991446
991446
989815
979580
991446
989815
914119
981183
989815
991446
989815
991446
979580
989815
991446
989815
989815
989815
989815
991446
991446
984245
991446
979580
989815
962437
973817
991446
977213
981183
944362
989815
977213
989815
991446
991446
983714
989815
991446
979580
922604
991446
991446
989815
991446
815720
989815
989815
295132
991446
991446
983714
991446
991446
989815
991446
991446
991446
989815
983714
969095
991446
991446
764582
991446
984245
991446
991446
991446
991446
991446
979580
989815
969095
991446
989815
991446
991446
989815
969095
979580
989815
991446
989815
973817
991446
991446
981183
901811
989815
991446
984245
989815
914119
969095
989815
991446
991446
989815
991446
989815
991446
989815
984245
989815
989815
991446
989815
984245
991446
989815
983714
963536
957230
901811
991446
914119
962437
991446
991446
991446
991446
979580
991446
991446
991446
983714
991446
979580
989815
991446
989815
991446
989815
981183
983714
991446
991446
991446
979580
901811
914119
983714
989815
787794
983714
991446
977213
979580
991446
969095
983714
962437
991446
991446
979580
911078
981183
991446
748901
991446
914119
983714
901811
991446
983714
692962
991446
969095
989815
989815
983714
983714
983714
991446
901811
991446
983714
977213
967437
983714
989815
969095
991446
989815
991446
991446
984245
941743
991446
971103
977213
989815
991446
984245
991446
979580
8845
276423
991446
983714
991446
802056
991446
991446
989815
981183
989815
991446
991446
969095
901811
989815
989815
989815
989815
991446
991446
969095
977213
989815
979580
989815
991446
989815
979580
984245
989815
989815
910604
991446
735396
944362
991446
989815
989815
847697
991446
989815
991446
989815
251679
981183
991446
989815
991446
989815
991446
991446
962437
981183
847697
911895
911895
989815
991446
983714
534619
722646
722646
991446
914119
969095
960988
989815
991446
991446
991446
983714
969095
989815
991446
989815
723052
849532
991446
989815
991446
983714
969095
991446
957230
991446
977213
989815
991446
989815
957230
989815
853902
989815
991446
991446
991446
914119
979580
983714
989815
989815
989815
965879
989815
991446
773321
991446
991446
989815
989815
991446
981183
962437
773321
969095
962437
991446
965879
991446
991446
991446
979580
991446
965879
965879
989815
991446
969142
983714
989815
983714
989815
991446
991446
973817
989815
991446
991446
991446
960988
914119
969095
991446
991446
989815
306695
979580
965879
979580
692962
989815
991446
991446
991446
989815
991446
991446
896309
989815
991446
983714
983714
989815
973817
911895
989815
984245
991446
914119
983714
989815
973817
981183
991446
979580
989815
858026
991446
983714
991446
973817
991446
969095
914119
989815
991446
944362
989815
991446
989815
957230
973817
965879
991446
984245
989815
911895
989815
991446
983714
991446
991446
989815
989815
792987
991446
991446
984245
991446
984245
970305
969095
984245
989815
991446
983714
991446
808414
969095
989815
983714
991446
977213
989815
764436
991446
969095
983714
969095
991446
991446
991446
991446
989815
991446
991446
991446
989815
983714
969095
991446
991446
991446
989815
981183
983714
892063
984245
983714
991446
991446
991446
989815
991446
989815
914119
955983
979580
991446
865567
989815
989815
989815
878607
984245
991446
984245
847697
991446
969095
967437
901811
984245
991446
977213
989815
989815
969095
991446
989815
983714
989815
914119
979580
989815
865567
973817
991446
896309
979580
991446
949556
984245
989815
981183
901811
969095
983714
991446
989815
991446
989815
989815
991446
989815
991446
914119
901811
989815
991446
981183
983714
962437
914119
983714
722646
914119
193646
991446
983714
989815
896309
984245
989815
632820
983714
991446
957230
989815
991446
981183
989815
342351
973817
979580
969095
983714
969095
991446
989815
989815
989815
989815
991446
983714
969095
991446
991446
981183
991446
991446
911895
991446
969095
981183
914119
991446
957230
969095
981183
861526
965879
991446
979580
991446
965879
991446
991446
914119
984245
901811
991446
896309
981183
847697
989815
991446
991446
991446
989815
991446
989815
991446
989815
991446
896309
989815
989815
991446
991446
933249
969095
914119
991446
989815
989815
983714
983714
991446
979580
989815
965879
989815
969095
991446
991446
979580
979580
979580
991446
991446
991446
989815
981183
880846
977213
969095
951317
969095
991446
991446
965879
989815
984245
991446
991446
969095
989815
991446
989815
989815
989815
983714
991446
962437
991446
926960
991446
991446
983714
969095
135451
901811
991446
991446
969095
983714
983714
965220
989815
991446
700366
983714
983714
991446
989815
991446
989815
981183
989815
570696
991446
983714
983714
979580
983714
991446
991446
981183
957230
984245
989815
991446
896309
989815
991446
983714
991446
914119
983714
989815
723052
991446
981183
951317
991446
983714
259495
989815
989815
981183
979580
991446
914119
892063
989815
991446
991446
991446
991446
991446
989815
957230
991446
989815
989815
989815
991446
862755
989815
989815
991446
991446
991446
991446
983714
989815
989815
983714
991446
981183
709583
991446
471416
991446
984245
991446
957230
692962
965220
989815
979580
989815
991446
723850
983714
989815
965879
805156
991446
969095
957230
991446
807578
989815
981183
529851
984245
896309
991446
981183
991446
991446
991446
892063
989815
991446
991446
989815
991446
914119
989815
991446
991446
991446
896309
991446
991446
983714
989815
969095
989815
981183
983714
991446
983714
991446
983714
991446
989815
991446
926960
914119
989815
910604
983714
901811
989815
989815
586028
984245
983714
989815
979580
969095
991446
983714
955983
969095
991446
981183
983714
984245
981183
989815
135451
946964
969095
969095
989815
881761
969095
979580
847697
989815
901811
991446
969095
991446
991446
983714
962437
989815
989815
989815
991446
989815
989815
991446
843060
981183
983714
983714
989815
969095
989815
991446
853902
983714
983714
989815
983714
991446
991446
957230
991446
805392
989815
991446
969095
989815
969095
989815
989815
989815
991446
989815
991446
991446
983714
989815
914119
989815
991446
991446
989815
991446
983714
991446
991446
991446
965879
989815
922604
989815
983714
983714
989815
981183
973817
991446
962437
991446
989815
566435
989815
991446
983714
991446
989815
970305
989815
983714
989815
989815
983714
991446
989815
991446
991446
989815
989815
991446
989815
989815
892063
989815
984245
989815
991446
989815
979580
991446
973817
969095
969142
984245
991446
969142
979580
991446
914119
896309
914119
989815
235428
914119
914119
983714
989815
991446
991446
989815
979580
193646
991446
989815
911895
984245
878607
991446
989815
984245
989815
984245
989815
991446
989815
984245
886254
991446
989815
991446
862755
989815
991446
981183
984245
989815
967437
989815
983714
989815
991446
951317
969095
983714
991446
989815
991446
991446
921089
946964
991446
586028
989815
914119
957230
969095
981183
973817
981183
991446
991446
983714
991446
979580
989815
989815
983714
989815
991446
969095
991446
979580
984245
973817
991446
991446
989815
991446
989815
962437
981183
914119
969095
991446
984245
991446
991446
989815
984245
967437
989815
911895
973817
977213
983714
989815
989815
989815
534619
977213
983714
973817
983714
979580
984245
991446
989815
991446
989815
991446
892063
991446
981183
989815
991446
991446
847697
979580
983714
989815
970305
981183
991446
991446
991446
991446
979580
989815
989815
983714
991446
983714
991446
991446
991446
991446
989815
989815
983714
983714
991446
981183
991446
989815
991446
965879
991446
991446
991446
969095
981183
989815
886254
983714
973817
916781
984245
991446
983714
991446
989815
983714
483812
991446
989815
989815
962437
991446
911895
969095
989815
971103
991446
991446
989815
991446
926960
991446
962437
962437
991446
991446
989815
989815
981183
991446
989815
878607
991446
911895
405134
989815
991446
780965
962437
989815
813670
983714
914119
991446
989815
970241
969095
983714
991446
991446
764436
989815
991446
989815
991446
983714
991446
991446
989815
979580
991446
989815
973817
989815
969095
989815
805392
991446
977213
991446
991446
983714
991446
970305
979580
989815
983714
984245
780558
983714
983714
914119
969095
735396
969095
991446
991446
991446
989815
989815
969095
722646
969095
991446
991446
991446
984245
969142
965879
983714
989815
984245
692962
991446
983714
914119
971103
983714
711247
957230
534619
983714
991446
991446
991446
984245
983714
926960
991446
983714
989815
957230
989815
991446
991446
853030
991446
901811
892063
991446
984245
991446
989815
984245
916781
914119
983714
962437
991446
989815
989815
979580
989815
989815
981183
991446
960988
989815
989815
979580
914119
951317
973817
764436
965220
989815
991446
991446
773321
969095
991446
989815
989815
989815
981183
991446
892063
991446
991446
973817
914119
991446
805392
991446
991446
847697
991446
991446
969095
991446
896309
991446
957230
957230
989815
983714
979580
989815
164513
979580
991446
764436
989815
991446
965879
983714
991446
989815
957230
970305
965879
962437
991446
944362
962437
989815
991446
991446
989815
991446
989815
347189
847697
989815
991446
991446
969095
969095
981183
914119
989815
957230
914119
989815
989815
914119
991446
983714
983714
969095
991446
991446
984245
991446
991446
991446
965879
970241
991446
984245
989815
850826
983714
989815
979580
991446
969095
983714
911895
989815
989815
989815
984245
540226
989815
991446
941509
991446
914119
991446
991446
979580
991446
991446
984245
914119
989815
983714
991446
892063
973817
989815
983714
989815
984245
989815
957230
892063
663681
973817
991446
969095
991446
984245
965879
965220
989815
901811
970241
991446
970241
989815
991446
914119
989815
710095
856477
989815
991446
979580
991446
984245
984245
983714
989815
983714
991446
983714
723052
991446
853902
989815
983714
989815
944362
610388
991446
989815
991446
991446
983714
991446
989815
989815
979580
979580
991446
983714
991446
979580
914119
983714
991446
979580
989815
991446
948578
962437
983714
989815
914119
977213
991446
692962
991446
922604
965879
983714
991446
991446
983714
989815
989815
969095
989815
983714
991446
989815
981183
979580
991446
949556
914119
841950
962437
911078
983714
989815
989815
969095
991446
983714
969095
979580
969095
991446
983714
973817
983714
981183
523981
973817
991446
991446
983714
983714
970241
989815
957230
962437
957230
715361
991446
991446
969095
989815
991446
989815
798292
989815
991446
991446
991446
969095
969095
991446
979580
977213
983714
991446
991446
989815
979580
984245
991446
635032
849532
910604
991446
984245
989815
914119
989815
989815
989815
914119
865567
991446
989815
991446
991446
991446
914119
991446
991446
991446
989815
977213
965879
991446
991446
847697
969095
977213
914119
989815
981183
991446
135451
991446
989815
914119
989815
984245
847697
989815
979580
983714
989815
991446
977213
780965
933249
991446
983714
989815
989815
962437
955983
901811
991446
991446
970305
991446
991446
991446
991446
989815
989815
991446
991446
914119
991446
576574
983714
989815
989815
989815
991446
991446
957230
983714
983714
984245
989815
991446
981183
991446
764436
965879
989815
983714
969095
983714
991446
983714
983714
984245
991446
979580
989815
911078
979580
981183
989815
973817
914119
955983
983714
984245
969095
973817
984245
991446
979580
922604
989815
984245
983714
991446
969095
981183
991446
991446
991446
882299
991446
773321
979580
979580
700366
991446
957230
949785
991446
914119
965879
991446
989815
8759
989815
983714
969095
989815
973817
991446
984245
991446
914119
991446
957230
991446
973817
983714
991446
979580
973817
989815
991446
989815
989815
983714
983714
979580
989815
989815
921089
989815
989815
989815
979580
969095
991446
969095
930641
989815
969095
981183
901811
977213
969095
991446
989815
984245
969095
989815
989815
916781
989815
805156
991446
841950
957230
979580
959611
983714
991446
991446
979580
969095
970305
983714
981183
983714
991446
856477
965879
969095
865567
989815
991446
847697
989815
957230
991446
983714
979580
914119
946964
914119
979580
989815
983714
914119
962437
957230
983714
969095
991446
991446
991446
969095
989815
957230
983714
847697
914119
991446
991446
965879
962437
989815
991446
969095
989815
991446
991446
969095
991446
989815
914119
983714
991446
944362
989815
989815
989815
989815
991446
991446
979580
991446
989815
991446
989815
991446
983714
991446
991446
969095
910604
991446
989815
991446
989815
989815
984245
983714
960988
901811
841950
969095
983714
991446
991446
969095
922604
983714
914119
991446
983714
914119
989815
973817
981183
916781
983714
991446
983714
991446
989815
991446
965879
276423
914119
989815
989815
991446
776600
962437
989815
969095
984245
983714
984245
991446
979580
983714
991446
991446
914119
991446
991446
973817
991446
983714
926960
989815
989815
914119
991446
991446
969095
989815
983714
989815
991446
969095
991446
969095
991446
991446
989815
991446
861526
983714
969095
944362
991446
989815
969095
983714
981183
981183
991446
989815
991446
989815
989815
983714
914119
991446
991446
973817
991446
991446
989815
989815
991446
989815
973817
748901
991446
991446
983714
989815
989815
991446
991446
989815
983714
983714
989815
946964
901811
979580
989815
989815
991446
991446
989815
989815
405134
948578
849532
896309
991446
983714
969095
529851
989815
984245
957230
847697
991446
991446
983714
984245
989815
599489
981183
991446
970305
991446
981183
397007
957230
914119
989815
991446
983714
991446
991446
983714
911895
926960
914119
8845
983714
962437
991446
989815
989815
991446
973817
991446
955983
991446
981183
979580
850826
983714
991446
989815
983714
991446
979580
989815
991446
991446
973817
962437
981183
991446
989815
991446
983714
983714
711627
965879
991446
983714
991446
991446
965879
983714
991446
916781
991446
991446
971103
8845
969095
989815
764436
991446
914119
991446
989815
983714
983714
991446
981183
969095
983714
692962
991446
853902
969095
989815
957230
991446
933249
914119
957230
896309
991446
969095
991446
991446
989815
989815
991446
989815
723052
969095
989815
989815
991446
914119
979580
914119
989815
989815
965220
984245
946964
878607
991446
989815
989815
973817
991446
989815
989815
969095
991446
984245
991446
991446
991446
969095
989815
969095
914119
970305
989815
989815
991446
991446
991446
991446
901811
991446
989815
989815
991446
965879
991446
813670
991446
983714
907208
991446
624687
989815
991446
991446
892063
991446
991446
991446
983714
983714
896309
957230
962437
989815
991446
959611
989815
989815
916781
969095
989815
957230
989815
981183
991446
965879
983714
983714
534619
865567
989815
991446
983714
984245
989815
969095
962437
853902
989815
969095
880846
989815
962437
735396
989815
984245
983714
983714
979580
991446
969095
989815
991446
981183
991446
991446
989815
914119
991446
991446
991446
991446
991446
991446
969095
969095
949556
989815
981183
989815
989815
989815
969095
989815
991446
914119
984245
969095
991446
991446
989815
991446
967437
991446
983714
989815
991446
989815
991446
989815
946964
989815
989815
977213
991446
989815
989815
991446
989815
