7500
7498
7500
7498
7481
7500
7481
7500
7461
7475
7500
7480
7486
7500
7500
7498
7498
7500
7498
7500
7500
7350
7498
7467
7489
7498
7480
7483
7500
7481
7498
7500
7467
7498
7498
7466
7480
7466
7480
7392
7475
7480
7500
7460
7481
7466
7342
7480
7481
7481
7500
7481
7491
7500
7500
7500
7500
7500
7500
7500
7461
7500
7500
7500
7229
7493
7461
7500
7333
7493
7498
7500
7498
7500
7467
7498
7481
7088
7500
7491
7362
7486
7500
7489
7500
7500
7500
7433
7475
7500
7500
7481
7489
7500
7481
7480
7489
7381
7500
7498
7480
7481
7500
7451
7475
7491
7493
7498
7500
7491
7498
7489
7498
7500
7475
7500
7500
7500
7480
7194
7498
7500
7460
7498
7381
7489
7500
7498
7500
7500
7498
7498
7481
7500
7475
7460
7500
7480
7493
7498
7396
7500
7498
7480
7500
7310
7498
7500
7498
7500
7498
7480
7500
7498
7481
7500
7489
7480
7498
7498
7498
7500
7481
7500
7500
7500
7389
7500
7500
7480
7500
7481
7500
7500
7423
7498
7498
7491
7491
7500
7481
7498
7481
7500
7500
7500
7500
7500
7500
7500
7481
7500
7500
7500
7481
7396
7498
7280
7481
7483
7500
7500
6362
7489
7500
7500
7491
7491
7500
7498
7493
7481
7500
7500
7498
7498
7500
7489
7500
7450
7460
7481
7467
7498
7500
6358
7467
7500
7498
7500
7500
7461
7491
7460
7498
7480
7480
7500
7500
7491
7500
7498
7485
7500
7500
7219
7500
7498
7461
7460
7500
7481
7498
7481
7500
7500
7363
7498
7498
7500
7500
7363
7311
7498
7500
7323
7460
7500
7500
7500
7424
7500
7461
7480
7498
7360
7481
7491
7481
7481
7498
7481
7078
7267
7481
7500
7498
7498
7500
7498
7481
7500
7460
7498
7461
7500
7475
7498
7500
7498
7481
7500
7481
7498
7481
7471
7500
7481
7500
7481
7498
7460
7500
7500
7498
7483
7500
7491
7426
7481
7481
7498
7500
7500
7475
7475
7480
7186
7176
7461
7480
7299
7225
7500
7396
7498
7491
7498
7498
7498
7323
7498
7480
7475
7498
7500
7480
7483
7486
7360
7500
7500
7461
7481
7489
7498
7500
7483
7299
7481
7481
7460
7481
7424
7500
7500
7498
7491
7481
7500
7500
7481
7500
7489
7498
7500
7500
7498
7498
7471
7489
7498
7460
7424
7460
7498
7480
7481
7498
7498
7498
7500
7461
7480
7498
7500
7500
7498
7500
7500
7500
7481
7498
7481
7483
7498
7481
7500
5586
4809
7485
7489
7396
7500
7466
7491
7500
5180
7500
7486
7498
7500
7471
7498
7491
7489
7500
7481
7481
7489
7500
7498
7489
7486
7460
7500
7480
7480
7498
7500
7498
7500
7498
7500
7498
7500
7500
7498
7500
7498
7433
7500
7491
7461
7489
7500
7498
7394
7498
7466
7500
7500
7471
7498
7500
7500
7500
7481
7489
7491
7500
7461
7500
7437
7483
7460
7475
7498
7500
7466
7498
7500
7500
7500
7498
5988
7480
7500
7480
7498
7500
7498
7491
7493
7498
7500
7500
7491
7323
7500
7500
7500
7500
7500
7498
7481
7480
7498
7500
7500
7489
7500
7498
7498
7480
7500
7500
7481
7500
7498
7498
7481
7500
7500
7500
7396
7475
7500
7498
7481
7483
7500
7500
7500
7481
7498
7500
7500
7498
7500
7500
7498
7481
7500
7481
7480
7412
7500
7500
7500
7500
7498
7498
7498
7467
7491
7500
7500
7498
7498
7481
7481
7500
7500
7500
7433
7500
7471
7460
7500
7498
7498
7500
7498
7471
7181
7500
7336
7498
7481
7460
7481
7466
7498
7481
7500
7489
7491
7500
7498
7480
7498
7461
7491
7498
7500
7498
7500
7481
7500
7498
7498
7481
7461
7481
6880
7498
7500
7481
7500
7481
7500
7500
7498
7500
7483
7489
7489
7500
7498
7489
7500
7498
7471
7500
7500
7500
7475
7481
7460
7500
7500
7498
7500
7489
7500
7498
7498
7500
7426
7500
7366
7498
7491
7165
7461
7500
7500
7489
7483
7483
7500
7480
7498
7500
7500
7381
7500
7486
7460
7489
7475
7299
7480
7483
7500
7381
7500
7500
7498
7026
7500
7460
7500
7498
7467
7480
7498
7500
7498
7483
7491
7498
7498
7500
7460
7500
7500
7498
7500
7481
7498
7461
7500
7500
7500
7381
7483
7500
7480
7500
7363
7483
7500
7498
7500
7363
7475
7500
7498
7489
7481
7481
7489
7498
7481
7489
7498
7498
7500
7500
7498
7500
7500
6806
7498
7500
7500
7480
7498
7350
7500
7500
7350
7460
6975
7323
7500
7491
6358
7498
7498
7500
7500
7481
7500
7466
7481
7500
7481
7480
7486
7500
7350
7194
7498
7500
7498
7489
7251
7249
7461
7498
7500
7498
7500
7498
7498
7491
7481
7475
7500
7467
7491
7500
7498
7481
7485
7498
7491
7481
7489
7480
7489
7481
7480
7500
7491
7500
7191
7500
7493
7483
7481
7498
7500
7500
7498
7498
7500
7500
7433
7498
7498
7500
7498
7460
7498
7500
7483
7480
7467
7500
7500
7471
7498
7467
7500
7471
7498
7500
7500
6644
7500
7483
7498
7480
7481
7483
7489
7500
7500
7466
7475
7467
7500
7466
7500
7491
7491
7498
7424
7481
7483
7489
7500
7500
7491
7500
7498
7500
7467
7500
7483
7500
7500
7467
7500
7500
7466
7481
7466
7475
7500
7500
7500
7500
7433
7498
7481
7491
7500
7481
7500
7489
7491
7433
7500
7500
7500
7481
7489
7500
7480
7500
7500
7500
7433
7396
7500
7481
7500
7500
7500
7498
7498
7483
7498
7299
7500
7500
7500
7426
7498
7500
7489
7498
7500
7471
7437
7498
6155
7260
7489
7500
7481
7500
7498
7500
7500
7483
7498
7360
7500
7489
7498
7500
7500
7500
7475
7498
7500
7500
7486
7461
7500
7481
7471
7466
7481
7498
7491
7500
7481
7493
7500
7500
5189
7500
7498
7500
7481
7480
7500
7481
7500
7500
7498
7483
7489
7500
7181
7299
7498
7078
7396
7491
7491
7498
7480
7498
7498
7389
7498
7466
7498
7500
7500
7500
7480
7475
7498
7498
7500
7408
7475
7460
7500
7498
7498
7500
7467
7500
7489
7461
7498
7500
7500
7498
7194
7500
7500
7480
7500
7481
7491
7481
7491
7481
7493
7500
7491
7498
7500
7500
7500
7500
7491
7498
7424
7461
7425
7500
7500
7280
7475
7500
7498
7498
7500
7500
7481
7500
7500
7299
7460
7481
7481
7498
7491
7498
7308
7480
7498
7498
7500
7498
7491
7350
7481
7498
7498
7402
7500
7491
7498
7480
7500
7498
7500
7500
4481
7475
7489
7500
7114
7480
7481
7500
7491
7480
7481
7498
7500
7481
7491
7500
7500
7466
6975
7500
7500
7299
7500
7480
7500
7498
7498
7489
7500
7467
7424
7489
7439
7220
7475
7461
7500
7498
7481
7498
7461
7498
7500
7500
7500
7500
7451
7491
7498
7500
7480
7498
7498
7498
7500
7498
7500
7500
7500
7491
7498
7481
7500
7500
7500
7480
7498
7433
7500
7500
7500
7481
7500
7498
7481
7491
7500
7483
7471
7439
7500
7498
7500
7491
7500
7500
7480
7498
7493
7181
7480
7498
7481
7500
7500
7402
7498
7483
7498
7491
7394
7500
7461
7500
7460
7500
7498
7500
7500
7193
7498
7481
7500
7500
7452
7500
7500
7489
7498
7498
7500
7498
7362
7500
7483
7498
7483
7493
7498
7475
7500
7498
7483
7500
7500
7500
7491
7500
7498
7500
7498
7471
7500
7009
7500
7500
7500
7498
7481
7481
7500
7500
7095
7498
7498
7498
7498
7500
7498
7396
7500
7498
7491
7500
7489
7498
7498
7481
7489
7500
7500
7498
7491
7500
7500
7500
7500
7500
7500
7500
7500
7500
7498
7481
7481
7500
7471
7498
7500
7480
7498
7466
7489
7480
7500
7480
7181
7481
7489
7481
7251
7500
7500
7498
7489
7466
7498
7498
7498
7481
7500
7498
7500
7470
7498
7491
7498
7498
7498
7481
7498
7433
7500
7500
7491
7498
7500
7498
7500
7481
7483
7466
7498
7500
7480
7480
7493
7491
7433
7491
7500
7498
7426
7486
7481
7481
7491
7460
7500
7424
7480
7500
7491
7500
7480
7491
7461
7483
7299
7481
7500
7466
7500
7491
7467
7483
6662
7491
7498
7480
7500
7489
7498
7299
7466
7450
7480
7500
7491
7500
7500
7466
7480
7498
7498
7500
7424
7481
7475
7480
7500
7498
7498
7481
7498
7500
7491
7500
7500
7500
7500
7498
7500
7500
7491
7466
7480
7498
7500
7489
6797
7485
7480
7500
7481
7466
7366
7485
7500
7498
7493
7481
7498
7396
7491
7500
7500
7480
7389
7500
7481
7483
7466
7475
7498
7498
7500
7222
7481
7500
7498
7500
7500
7480
7426
7489
7480
7498
7500
7498
7481
7500
7500
7500
7424
7481
7481
7500
7186
7500
7498
7500
6490
7466
7461
7480
7299
7500
7500
7500
7461
7498
5185
7500
7498
7498
7500
7491
7481
7396
7481
7498
7466
7481
7498
7498
7500
7489
7500
7466
7481
7426
7500
7498
7481
7500
7466
7402
7481
7489
7500
7500
1475
7498
7498
7500
7498
7460
7483
7219
7480
7498
7498
7481
7460
7500
7500
7489
7498
7500
7500
7500
4858
7480
6358
7480
7498
7481
7481
7500
7475
7498
7500
7481
7425
7500
7480
7470
7491
7483
7489
7437
7500
7500
7500
7489
7498
7500
7498
7486
7426
7498
7500
7481
7500
7481
7500
7035
7500
7500
7466
7500
7481
7498
7460
7483
7481
7481
7498
7500
7500
7460
7483
7481
7491
7498
7500
7500
6490
7475
7480
6128
7424
7500
7500
7500
7433
7500
7500
7039
7498
7475
7480
7500
7467
7493
7491
7480
7481
7500
7500
7498
7500
7461
7500
7481
7498
7451
7481
7500
7461
7500
7412
7498
7500
7500
7500
7489
7500
7500
7498
7498
7491
7500
7308
7491
7493
7475
7498
7498
7500
7498
7481
7480
7481
7466
7500
7461
7498
7486
7498
7500
7500
7500
7498
7424
7481
7500
7500
7500
7480
7500
7500
7461
7498
7500
7480
7500
7489
7481
7194
7498
7475
7498
7498
7500
7433
7483
7500
7480
7500
7500
7500
7500
7500
7498
7498
7481
7467
7489
7493
7498
7481
7466
7481
7491
7489
7310
7489
7483
7467
7475
7342
7493
7483
7498
7475
7498
7500
7500
7500
7500
7498
7342
7466
7433
7483
7500
7500
7396
7481
7498
7500
7500
7500
7500
7498
7498
7498
7498
6524
7500
7500
7500
7430
7498
6359
7433
7475
7480
7500
7481
7194
7481
7500
7500
7500
7491
7500
7481
7481
7500
7500
7500
7500
7498
7489
7500
7491
7498
7498
7498
7500
7483
7500
7500
7451
7500
7489
7500
7489
7498
7500
7500
7498
6502
3755
7500
7491
7460
7481
7481
7311
7500
7500
7466
7481
7460
7498
7491
7412
7461
7498
7498
7498
7489
7498
7480
7483
7500
7498
7466
7481
7500
7500
7489
7481
7498
7470
7299
7489
7471
7500
7500
7500
7470
7500
7498
7168
7460
7481
7471
7475
7491
7498
7498
7500
7491
7500
7491
7489
7498
7500
7498
7498
7424
7498
7498
7466
7491
7500
7481
7481
7500
7498
7489
7483
7475
7500
7480
7466
7500
7498
7498
7426
7500
7426
7461
7500
7500
7500
7491
7460
7500
7498
7491
7500
7500
7498
7500
7480
7491
6490
7480
7500
7500
7480
7500
7498
7491
7480
7232
7475
7498
7475
7498
7500
7498
7500
7498
7500
7498
7480
5303
7500
7500
7471
7481
7500
7500
7498
7489
7498
7498
7500
5924
7498
7471
7471
7491
7481
7500
7480
7498
7491
7489
7299
7489
7500
7489
7483
7480
7500
7498
7500
7421
7500
7498
7498
7500
7481
7481
7475
7498
7500
7481
6502
7498
7498
7498
7500
7483
6975
7481
7500
7498
7498
7498
7481
7489
7350
7500
7500
7483
7489
7466
7500
7500
7498
7500
7500
7500
7498
7498
6375
7500
7500
7500
7466
7470
7483
7500
7493
7483
7500
7498
7424
7498
7481
7500
7491
7498
7500
7500
7500
7489
7357
7498
7498
7500
7500
7500
7498
7342
7500
7483
7491
7481
7498
7481
7489
7489
7299
7500
7480
7500
7481
7498
7480
7408
7500
7500
7500
7498
7480
7466
7498
7461
7498
7500
7466
7498
7461
7489
7489
7500
7498
7500
7498
7466
7500
7481
7500
7500
7480
7498
7498
7498
7500
7489
7500
7498
7500
7460
7498
7500
7480
7500
7461
7481
7489
7498
7466
7481
7500
7498
7498
7480
7299
7500
7394
7500
7498
7485
7481
4044
7467
7481
7498
7491
7498
7493
7498
7500
7500
7489
7500
7358
7500
7451
7466
7489
7500
7500
7475
7461
7480
7481
7498
7498
7489
7498
7498
7424
7308
7498
7498
7481
7500
7129
7489
7500
7481
7249
7500
7498
7498
7500
7491
7500
7500
7396
7500
7500
7460
7489
7491
7461
7498
7466
7500
7460
7500
7498
7500
7389
7402
7498
7238
7500
7498
7500
7475
7491
7134
7489
7481
7500
7500
7498
7451
7489
7481
7483
7500
7500
5645
7460
7466
7498
7500
7498
7181
7500
7500
7480
7500
7500
7480
7498
7500
7498
7481
7498
7500
7500
7485
7498
7396
7489
7466
7500
7486
7485
7498
7500
7498
7480
7026
7212
7500
7498
7471
7500
7481
7500
7424
7381
7500
7500
7483
7498
7467
7500
7500
7500
7498
7498
7500
7486
7481
7500
7491
7500
7500
7498
7498
7498
7433
7489
7450
7491
7381
7498
7481
7481
7500
7500
7483
7500
7500
7498
7475
7500
7461
7500
7500
7396
7491
7035
7498
7500
7466
7498
7500
7481
7498
7500
7475
7460
7500
7500
7460
7500
7498
7425
7336
7500
7500
7498
7498
7500
7460
7500
7498
7500
7500
7500
7500
7500
7483
7498
7461
7498
6490
7471
7491
7500
7498
7412
7500
7481
7498
7500
7500
7424
7500
7500
7500
7483
7500
7500
7498
7498
7489
7498
7481
7408
7498
7500
7498
7460
7500
7500
7500
7486
7493
7378
6975
7381
7481
7498
7483
7498
7480
7500
7489
7491
7498
7481
7483
7500
7498
7466
7467
7491
7471
7489
7498
7500
7489
7489
7500
7480
7500
7500
7500
7498
7481
7500
7381
7498
7293
7500
7475
7500
7493
7500
7500
7460
7498
7500
7498
7460
7491
7424
7491
7498
7500
7408
7498
7350
7480
7500
7461
7498
7480
7500
7500
7498
7500
7500
7500
7475
7498
7500
7500
7500
7475
7489
7498
7466
7498
7426
7500
7491
7402
7500
7471
7500
7475
7481
7498
7481
7500
7500
7489
7500
7498
7489
7498
7433
7461
7498
7461
7500
7500
7366
7480
7451
7500
7500
7500
7500
7500
7491
7498
7381
7500
7480
7481
7500
7500
7500
7500
7500
7498
7460
7498
7471
7433
7402
7363
7498
7486
7498
7498
7500
7498
7489
7481
7461
7500
7498
7460
7483
7461
7500
7489
7467
7500
7500
7491
7500
7498
7500
7500
7481
7481
7481
7461
7500
7500
7489
7480
7500
7381
7500
7500
7500
7489
7424
7500
7498
7481
7500
7280
7500
7481
7461
7481
7481
6550
7351
7498
7268
7498
7481
7461
7394
7481
7500
7500
7498
7498
7426
7498
7498
7480
7304
7481
7500
7500
7461
7498
7491
7498
7500
7481
7500
7500
7483
7498
7500
7461
7500
7498
6925
7481
7500
7381
7500
7389
7485
7481
7424
7498
7480
7381
7481
7181
7402
7461
7299
7483
7498
7500
7461
7480
7471
7461
7249
7498
7467
7274
7489
7500
7500
7481
7500
7088
7498
7500
7498
7491
7500
7500
7498
7498
7481
7500
7470
7498
7481
7489
7461
7498
7498
7498
7489
7489
7500
7498
7500
7500
7481
7500
7481
7498
7489
7500
7481
7489
7467
7483
7460
7500
7500
7498
7392
7500
7480
7489
7498
7481
7500
7500
7500
7481
7489
7460
7491
7426
7439
7500
7500
7396
7481
7481
7481
7500
7500
7500
7500
7500
7489
7475
7500
7498
7500
7500
7433
7481
7498
7498
7475
7461
7491
7493
7500
7500
7500
7500
7498
7481
7498
7498
7480
7481
7500
7481
7489
7489
7500
7498
7500
7498
7500
7483
7500
7396
7500
7500
7498
7481
7480
7480
7489
3781
7500
7212
7498
7467
7493
7500
7500
7396
7498
7500
7500
7500
7471
7498
7500
7500
7491
7489
7500
7461
7498
7471
7460
7500
7498
7483
7483
7489
7498
7461
7500
7481
7498
7500
7467
7498
7500
7491
4858
7483
7500
7491
7500
7475
7480
7500
7498
7498
7481
7489
7498
7500
7491
7491
7500
7460
6546
7489
7486
7381
7481
7491
7481
7498
7481
7500
7483
7460
7481
6880
7500
7480
7491
7498
7481
7481
7498
7498
7500
7498
7500
7498
6666
6703
7498
7498
7500
7481
7491
7475
7498
7481
6358
7498
7498
7489
7500
7481
7498
7500
7498
7500
7498
7500
7491
7498
7500
7489
7500
7480
7481
7481
7498
7480
7500
7480
7498
7498
7500
7500
7475
7498
7498
7500
7450
7491
7451
7485
7483
7461
700
7500
7481
7500
7461
7500
6956
7489
7500
7475
7498
7481
7500
7433
7467
7498
7489
7498
7498
7500
7460
7491
7500
7500
6108
7498
7498
7381
7500
7394
7491
7500
7500
7491
7498
7274
7498
7471
7480
7483
7500
7500
7500
7500
7396
7498
7498
7498
7498
7483
7481
7500
7500
7480
7481
7498
7498
7381
7491
7481
7500
7363
7498
7500
7481
7498
7466
7498
7481
7500
7498
7481
7466
7481
7500
7498
7500
5084
7500
7500
7481
7500
7491
7500
7394
7500
7500
7500
7433
7500
7500
7498
7424
7489
7500
7323
7481
7475
7500
7483
7500
7498
7451
7498
7424
7491
7481
7466
7500
7498
7480
6953
7500
7498
7498
7498
7500
7498
7481
7498
7500
7500
6605
7489
7500
7194
7491
7500
7461
7500
7461
7498
7491
7500
7475
7498
7498
7481
7500
7498
7498
7491
7498
7498
7489
7498
7481
7498
7500
7500
7498
7467
7381
7498
7451
7498
7500
7500
6502
7480
7500
7498
7481
7500
7500
7498
7500
7475
7498
7483
7483
7481
7299
7471
7500
7481
7433
7491
7491
7491
7500
7426
7500
7491
7475
6666
7481
7466
7498
7498
7498
7181
7181
7500
7460
6737
7491
7498
7500
7481
7500
7186
7500
7483
7481
7389
7500
7483
7500
7498
7481
7500
7500
7498
7500
7480
7323
7498
7500
7500
7402
7500
6977
7461
7500
7500
7498
7466
7481
7500
7493
7498
7500
7500
7481
7483
7498
7500
7491
7500
7500
7500
7423
7475
7500
7481
7498
7225
7500
7500
7165
7489
7481
7500
7500
7500
7466
7498
7500
7489
7310
7480
7500
7498
7498
7500
7500
7500
7481
7260
7481
7471
7481
7460
6449
5073
7481
7489
7498
7500
7466
7498
7498
7500
7498
7500
7274
7498
7500
7093
7498
7500
7500
7480
7498
7498
7498
