696868
696894
696894
696086
696868
696894
696894
696894
699231
699231
698028
699231
699687
671774
699231
695555
699231
699231
652426
696868
673162
699687
696894
696894
699231
696894
695555
696868
691187
699687
696086
671774
696868
645680
696894
694350
699231
696894
699231
699687
694350
672582
691880
696868
699687
564625
694350
696894
696894
694350
695555
696894
696868
699687
696894
696894
696894
699231
696868
699231
636976
696894
699231
699687
699687
696894
690724
691577
512753
696894
696894
699687
694350
694350
691187
699687
699231
699687
696894
696894
696868
696318
699231
696318
696894
699687
699231
696894
699231
672582
671774
696894
695555
691187
696868
691187
696086
414193
696894
694350
465537
679433
652426
696894
699687
699231
696894
689893
696894
696868
694350
695555
696868
696868
695555
696894
696894
695555
696894
696868
674776
699231
696894
699687
696894
699687
699231
691064
699687
696868
696894
691187
696894
694350
696894
646362
696868
699231
695555
696894
696894
699687
699687
696868
674747
696894
699687
673162
699231
696894
672582
696894
699231
696894
681744
691064
696894
696868
699231
696894
681044
671684
696868
695315
699231
699231
696868
699231
696894
696318
699231
699687
699687
699231
699231
699231
696894
696894
696868
699687
699231
694695
699231
699687
699231
671081
696894
699231
414193
512753
694350
696894
696868
694559
630524
696894
696894
699687
699687
696086
696894
695315
696894
696894
699687
699231
638200
696894
699687
696894
696894
672582
695555
699687
696894
699231
699231
696894
699687
699231
691577
695315
696868
645680
695315
672582
696868
695555
699231
699687
672582
696894
599493
696894
696868
691187
652426
699231
310624
699231
699231
699687
695555
691880
699231
699231
696868
699231
697483
699231
695555
673131
398057
699231
696868
695315
671774
699231
699231
691187
696894
696894
699687
696894
699231
696868
696894
699231
696894
681744
696086
696894
691577
696868
696894
695315
699687
695315
699231
699231
696868
699687
699687
696894
696894
696894
696868
699231
699231
696318
699231
696868
686545
696894
672582
699687
696894
699231
699687
696894
691880
696894
699231
696894
699687
699231
699687
696448
696894
699687
695315
699687
699687
699687
692765
694350
699687
618553
695555
696086
699231
699687
699231
698028
694350
699231
699687
694350
699687
699687
696868
696894
694350
699687
694350
558417
699687
699231
696894
696868
696868
694350
696868
699231
696868
661370
699687
696894
699231
696894
696894
699687
696318
699231
696894
681744
696086
699687
699231
694350
694350
699687
696894
699687
691187
674291
699231
699687
695555
699231
696868
696894
699687
696868
695555
699231
696894
696448
696894
695555
696868
699687
691187
699231
636121
694350
673131
699687
699231
696894
696868
671774
699687
696894
696894
696894
696868
696894
696894
641564
699687
696894
696894
695555
695555
699687
696894
699231
696894
696868
699687
696894
699231
695315
636121
699231
696318
688146
699231
699231
699687
699231
696894
691064
667611
671774
699687
699231
696894
699687
695555
696894
696868
699231
699687
691187
652538
696868
696868
696868
699231
699687
699231
699231
696894
699687
688146
694350
691577
699687
696894
696868
696894
674747
696894
694350
696894
696868
699687
696868
699687
696894
691577
691187
696894
696868
699231
695555
699231
696868
694350
696894
696894
696894
688146
696868
696894
696894
694350
694695
699687
696868
696318
694350
696894
699231
699231
696894
696868
691880
687506
699687
695555
695315
696894
699687
696868
699687
699231
671684
699231
696894
696868
699231
696868
699231
699231
699687
672582
699687
699687
695555
696868
696318
691187
695315
696894
696868
696894
673162
696894
696318
696894
696318
674776
694350
699231
696894
699687
699687
696868
696894
699687
699687
699231
699687
696868
699687
699687
699231
619587
696318
695555
673162
696894
696894
696868
673162
696894
640644
699687
699231
699231
699231
695555
696868
696894
699687
696868
696894
699687
699687
691577
694350
699231
696894
696868
699231
696894
699231
699231
696868
696894
695555
699687
696894
696894
696868
699687
699687
668838
672582
699231
696894
696894
696894
696894
694695
699687
696894
673162
696894
699231
694350
699687
699687
699687
699231
637175
699687
699231
696868
645680
612644
696086
695555
694350
696894
696894
699687
699687
691187
691187
690724
691187
699687
699231
696894
699231
696894
691577
696894
696894
696318
681744
699687
699231
695555
696894
676274
699231
696868
169974
699687
695555
697483
696868
696894
691577
674291
699687
695555
699231
696318
696894
695555
696868
696318
668838
699687
699687
696318
696868
699231
696894
638200
696868
696894
699687
699231
696868
696894
699231
696894
699231
694350
699231
699687
694350
696086
696894
695555
696894
699687
699687
699687
696894
699687
699687
672582
696894
695555
699687
456737
699687
696448
699231
502652
696448
696868
696894
674747
699231
696868
688146
695555
699231
696894
696894
696894
699687
696868
137596
695315
699231
696894
699687
699687
608471
696868
681744
699687
696894
652426
698028
691577
699231
699231
699687
699687
696894
699231
691627
699231
694559
699231
696086
699231
694350
695555
696868
699687
699687
699231
696894
696894
695315
695555
699231
696894
695555
699687
675531
694350
699687
695315
674776
696894
697483
694350
699687
698028
696868
696894
695555
696894
696894
699687
699231
696894
696894
696894
696894
696894
696894
690724
691577
696894
699687
671774
512753
694350
673131
696894
699687
691187
696894
699231
699687
695555
699231
696894
691577
696318
696894
694350
681744
699687
696868
699231
696894
699231
696868
699231
696868
696894
696894
695555
699231
696868
691577
696894
699231
699231
696868
696448
695555
691064
699231
699687
699231
699687
695555
699687
699231
359103
696894
699231
696894
696894
691187
694350
666584
696894
699687
694350
696868
696894
699687
699231
699231
699687
699687
696894
696894
699231
667611
699231
696894
696894
696894
696868
699687
645680
696894
695555
696894
696894
699687
696894
699231
699231
699231
696894
696318
696894
696894
699231
696894
696894
699687
686545
672582
696894
692396
696894
696894
699687
696894
696894
696868
696868
699231
671774
699231
698028
699231
696894
673134
694350
691577
681044
699687
699231
696318
699687
695555
699231
690285
699231
699687
699687
699687
696894
696868
615869
696868
696894
696894
696868
696894
696894
699231
696894
698028
696318
691577
699687
696894
696894
696318
695315
698028
699231
699687
696868
652426
674747
699687
696448
695555
655443
695315
695555
696868
696894
699687
696894
699231
691064
648025
606734
696894
699687
699687
699687
695555
673162
636121
696894
696868
699231
696894
699687
672582
696894
699231
694350
691187
699687
694350
694350
699231
699231
696894
691064
696894
696868
699687
699231
696868
696868
696086
696894
691577
696868
694350
696894
696894
699687
619587
696894
699687
694350
696868
695315
696868
699687
699687
70387
699687
687506
696868
696894
695555
699687
694350
699687
672582
696894
674776
695555
699687
694350
696894
688146
699687
699231
696868
699231
698028
699687
661370
699231
699687
699231
699231
591126
699231
627013
696868
695555
691187
699231
699687
699687
696868
699231
699231
671774
699687
652426
699231
699687
696868
699687
696868
695555
696894
696894
696894
672582
699231
694350
699687
696868
694350
681044
699231
672582
699687
699687
699231
699687
699231
696868
699231
696894
699687
691064
600903
696894
696894
699687
699687
672582
694350
695555
699687
698028
699687
699687
692765
699687
696868
696894
699687
691187
696894
696894
696894
696868
696894
696894
695555
696894
699687
696894
699231
696868
696868
696868
694350
696868
699687
696894
699687
699687
699687
699687
694350
696894
696894
696894
699687
699231
502652
699231
696894
699687
691187
696894
699231
696868
650970
456737
699687
696894
696894
696868
699687
699231
696868
658265
696868
691187
696894
691064
696894
699687
696448
681044
696894
696448
696894
698028
696894
695555
696894
696318
696868
681744
696894
699687
699231
695555
696894
699231
696868
691187
695555
699687
699231
699687
699687
681744
696868
695555
699687
696868
589639
679433
696894
699687
699231
696894
672741
699687
691187
695315
696894
696894
696894
696894
696868
699231
634914
696894
699231
696894
691187
699687
699231
699687
696894
699231
696894
695555
699231
696318
696894
674776
699231
698028
696894
699231
699687
699231
699231
699231
695315
673162
691577
696894
672582
694350
642872
699687
699231
696894
696894
696868
691187
696894
696868
696868
672582
699231
699231
699231
698028
699687
699687
699687
429003
696894
699687
696868
698028
666470
696086
696868
696894
699231
696868
638200
696318
691880
696868
699687
696894
699687
699687
699231
696868
691187
696894
623761
699231
699231
696894
696894
673162
699231
696894
674776
699231
699231
691064
696868
691187
692765
696448
698028
696894
699687
696894
696894
699231
699231
699231
699687
699687
696868
694350
696318
695555
699687
699231
659214
699231
699687
696868
694350
699231
683001
698028
696868
699231
699231
695555
668838
696868
696894
699687
619587
699231
699687
699687
696868
671774
636121
696894
696868
674776
696868
699687
691187
696894
652426
696894
699687
699231
696894
696868
696448
696868
696894
696894
696894
699687
696894
699231
699231
696894
696868
691577
696894
673162
696894
691064
699687
597950
699687
695315
691577
672582
696894
699231
696868
699687
699231
516494
694350
699231
696868
512753
696894
619587
699231
696894
696894
696868
699687
699687
691577
699231
696318
696318
696894
618917
672582
699231
699687
699687
699231
699687
694350
695555
673162
695555
395257
699231
696868
696868
696894
699687
696894
696894
699231
699231
699231
699231
696868
699231
699231
695555
691064
699231
696894
699231
681044
696318
658265
696868
695555
696894
696894
699687
699231
692765
681044
696894
696894
696868
699231
699231
699231
699231
694350
699231
673162
695555
699687
699687
695315
699687
696086
695315
698028
694350
671684
699231
434912
692765
696894
697483
699231
645680
699231
699687
696894
699231
699231
699231
691577
696868
698028
699231
696318
695315
673162
699687
699231
696894
636121
694350
694695
692193
692193
699231
696894
699687
695555
699231
699687
696318
699687
699231
696318
699687
696894
696868
672582
696868
699231
696894
696894
691187
696868
699231
696868
699231
696894
618917
696894
699687
685214
699231
696894
696868
694350
699687
696868
699687
699687
699687
699231
696894
694350
696868
699687
699687
293132
699687
666584
699687
694350
694350
696894
694350
699231
694350
699231
696868
699687
696868
696894
673162
672582
696894
696894
696894
671774
694350
699231
694350
695555
696868
699687
696894
696894
694350
696868
695315
699687
690634
696318
673162
695315
696086
692812
696894
696894
699231
691187
699687
695315
696894
699687
699231
696894
699231
695555
696868
694350
696894
696894
695555
627013
695555
696868
696868
696894
696318
696868
699231
699687
698028
696868
696868
694350
699231
696894
691187
696868
699231
696894
699231
699687
647337
696894
699687
694350
694350
699231
696894
698028
699231
681744
696894
699687
691187
696894
699231
694350
696868
696318
699687
671774
696894
694350
699687
690724
696894
671774
699687
699231
696894
183252
696868
320436
696868
699687
691880
696894
696894
674380
696894
688146
696894
699231
695555
699231
696894
696894
694350
699687
692812
696868
699231
696894
634354
695555
696894
696894
695315
696868
694350
696894
696894
688146
695555
695555
681744
691187
696894
699687
699231
699231
699687
699687
696894
699687
696868
694350
696868
694350
699687
696868
699687
606734
696868
696868
681744
672582
696894
696868
674747
696894
699231
696894
699687
699687
696894
696894
696894
673162
699687
696894
699231
696894
696894
699687
699231
681744
691577
696894
696868
696894
699231
634606
694350
698028
699231
699687
696868
699231
699687
696894
696894
691187
673162
691880
699687
699687
696868
699231
699231
696868
699687
696868
699687
673162
696868
696894
691187
696894
699231
699687
696868
672582
694350
696894
696868
699231
681744
696894
691187
696894
688146
696894
699687
696894
695555
576027
696894
699687
695555
699687
699231
696894
696894
696894
694350
691880
696894
699687
699687
691064
699687
699231
699687
696894
692812
699687
673162
696894
696868
696894
694350
674291
699231
696894
696894
652426
694350
696894
696894
696868
694350
696318
699687
606472
694350
699231
696318
696894
696894
699231
674776
696868
696894
672582
698028
499113
699231
695555
696868
696894
699231
695555
699231
699687
699231
696894
699687
699687
696894
699231
695555
696894
696318
699687
695315
694350
696086
699231
699687
696894
699231
695555
699231
696894
699687
696894
696868
699231
699231
699687
699231
618917
696318
654263
696894
696894
674747
699687
695315
699687
695555
699231
696868
696868
699687
699687
671774
696868
696894
696894
696868
699687
699687
696894
696894
681744
699231
696894
699231
672582
696894
699687
699687
699231
699687
696894
696868
699687
681044
696868
699231
699231
696868
696318
699687
699231
694350
696868
696868
696894
695315
699687
699687
696894
694350
699687
699687
671774
699687
699687
699687
696894
696868
696318
696894
618553
699687
671774
696894
696894
696894
674776
699687
699687
695315
696868
695315
695555
699231
699231
699231
699231
696894
695315
696318
696894
696894
699687
699687
695555
599493
699231
699231
696868
699687
696894
696894
696894
699231
699687
696868
696318
696894
696894
695555
696868
699687
696894
691187
696894
699687
699231
696894
696448
676274
695555
699687
606734
696894
699687
691187
644953
699687
699231
696868
696894
699687
699231
672582
699687
696868
696894
681744
691577
696868
696894
699687
696868
694350
681044
699687
691187
699231
667611
695555
695555
699687
606734
699687
691577
696894
699687
674747
696318
673131
695555
696086
695555
699687
699687
696894
667533
696868
695555
695555
699687
674776
695555
696894
699687
696868
696894
695555
696868
696318
699687
696894
699231
694350
696894
671774
691187
699231
699231
696318
699231
189280
687506
674776
674776
698028
694559
671081
699231
688435
696894
672582
696318
696318
696894
699231
699687
699231
699687
674291
699687
692812
699687
695555
696868
696894
696868
699687
699231
699687
679433
696868
699687
699687
699687
696868
696868
699687
699687
691187
696894
699231
699687
698028
699687
696894
696894
699687
696894
690285
692765
696868
696894
691187
640644
699687
699687
699687
699687
699231
695315
699231
699687
696086
696868
699231
671081
696894
696894
679433
691187
627013
694350
696868
696894
699687
699231
696894
698028
699687
696868
696894
699687
699687
672582
696318
699687
696894
699231
699687
699231
694350
691577
699687
695315
699687
696868
699687
695555
699687
636121
696894
696894
699231
699687
699687
691187
696868
671081
699687
692812
696868
696894
699231
699687
699687
696868
699687
699687
699231
699231
696894
699231
659214
696894
696894
699687
696894
198114
699231
699687
696894
594029
699687
696894
671774
414193
696894
699687
695555
695555
696894
696868
696894
699687
696318
699231
699687
695555
696868
696868
696868
696868
699231
691577
695555
699687
699231
699687
672582
699687
699687
699231
695555
699687
699687
659214
694350
692193
696318
695555
694695
414193
695315
696868
691187
699687
695315
696868
696318
605880
699231
696894
699231
696894
696894
699231
696894
696868
696894
696894
699687
699231
696894
699687
699687
691577
695555
625180
694350
699687
696894
699687
699687
699231
696868
696894
691187
696894
696894
679433
696894
696318
696894
679433
695555
643525
686545
696318
696894
699687
672582
699231
694350
652426
696894
696318
696894
699231
699687
672582
696868
696894
695315
694350
699231
696868
699687
696894
699231
699231
699231
699687
696868
696868
696894
694350
694350
694350
695555
699687
695555
673131
696868
696894
696868
695555
699231
699687
691577
696894
696318
695555
699231
699687
699231
696894
674776
699231
696086
699231
696894
699687
696894
652426
696894
691187
696868
696318
699687
696868
681744
696868
691187
695555
699231
696868
695555
696894
696868
696868
512753
699231
696086
695555
699231
699687
671774
698028
696894
695555
699231
699231
696894
696894
238739
696086
696894
695315
691577
699687
696318
696894
696894
696894
696318
641564
699231
696868
696894
696894
699687
699687
696894
696894
696086
696318
672582
696894
696448
699231
699231
696868
699231
699231
696868
699687
691577
696894
699231
691577
699231
696318
695555
699231
691577
699231
696868
699687
644953
696318
699687
696894
696894
699687
699231
699687
699687
696894
696868
696868
696868
695315
696868
691577
696894
695555
696318
696894
696894
646362
699687
691577
696868
699687
699231
696894
695315
694350
679433
699231
699687
696318
691064
691187
696868
699687
699231
696894
696894
696318
631553
696448
696868
696894
696894
699687
696894
696868
699687
696894
699231
690156
696868
691187
696894
696894
698028
696894
696894
672582
696894
608471
699231
699687
695315
671774
696318
696894
635122
696868
696868
699231
696868
699687
699231
699687
627013
698028
645680
696894
699687
607479
699687
699231
699231
691064
696868
696894
691577
699231
603638
699687
681044
696894
681744
695555
695555
699231
695555
696894
695555
696448
696894
699231
696894
699687
696894
696894
696894
619587
696894
696894
696868
674380
696894
696868
699231
692812
667611
698028
696868
699687
696894
696868
694350
696894
681744
672582
698028
695555
696868
699231
679433
696894
696894
699687
699231
691187
696868
699687
674747
672582
699231
695555
699687
696894
699231
696894
696894
696868
699231
691577
696868
696894
694350
696318
696894
699231
696318
699687
696894
695555
672582
699687
679433
696894
696894
698028
698028
674776
696318
699231
696894
696868
696868
699687
672582
699231
699231
699687
696868
456737
699687
690724
696868
696868
696318
699231
699687
695555
699231
696868
696868
696894
699687
699687
692396
699231
696894
696318
696868
699687
696868
696868
699687
699687
696868
674291
699687
696894
695315
699231
696868
696894
699687
672582
699687
699687
699687
699687
696868
695555
691187
696868
674776
699231
699231
699687
696894
699687
699687
695555
696894
699231
699687
699687
699687
699231
694695
694350
696086
667533
696894
699687
696894
699231
696868
699687
699687
699231
696894
699687
699687
696894
699231
696894
699687
695555
699231
696894
695555
696894
691187
695315
694559
696894
695555
699687
692812
673162
696868
694350
696894
696868
699687
699687
696868
667611
699231
699231
696894
699687
696894
696894
696894
699687
696868
691187
699687
671081
673162
696894
699687
695555
691577
696868
695555
691187
694350
696894
692812
696448
699687
699231
696868
699231
695555
696894
695555
692812
699231
695555
699687
694350
699687
699231
695555
699687
691627
696894
691577
696894
696894
699231
696894
696868
696086
696894
694350
696868
696868
671774
696894
696868
696894
697483
696868
695555
672582
699687
696448
687506
699687
673162
691577
699687
342533
681744
691187
699687
672582
699231
699231
699231
699231
699687
696894
699231
696318
696894
699231
699231
699687
699687
699231
699687
699231
696894
667611
645680
699231
696894
695555
606734
660626
694350
699687
696894
699231
691577
643566
696894
696894
695555
699231
696868
696894
699687
672582
699687
699231
696448
696868
699231
692765
699231
699687
699687
695315
696894
691627
699231
679433
696868
699687
696894
699231
699231
699687
699231
699687
696894
699687
695315
694350
699687
696894
672582
696894
699687
671081
695555
692765
696894
696894
699687
699231
696318
699687
699687
699687
488549
691187
692812
694350
696318
696894
674776
695555
696868
699231
699687
696868
696894
696894
699687
631700
696894
699231
696894
699687
691187
600412
696894
695555
696868
696318
674291
696894
696868
696894
696318
695555
636699
694350
699687
696894
699687
699231
691577
699687
694350
699687
691064
699687
696894
696868
699687
699231
691187
671774
673134
699687
696868
699687
694350
695555
699231
695555
608471
699687
672582
698028
672582
699231
688146
641564
636121
699687
699231
696894
696894
699687
699687
695555
699231
694350
688146
696894
699687
696894
699687
699687
699231
696894
672582
699231
699231
696894
699687
692765
696868
699231
681744
699687
635524
698028
699231
696868
699687
671081
699231
699687
699687
279295
696894
674776
699687
691064
699687
667611
652426
696868
699687
699687
696086
645680
696868
699687
696894
699687
691577
673134
696894
696894
696868
699231
691187
673162
699231
699687
699231
694350
699687
696868
696894
699231
696894
699687
673162
696868
696894
696868
696894
696894
650970
624823
696868
699687
696318
699687
699687
681044
695555
699687
696868
699687
695555
696894
699687
696894
696868
699687
671774
699687
696868
695555
696086
691064
699687
699231
696868
699231
695555
699687
696894
695315
696894
696868
696894
699231
696894
699687
699231
698028
699231
699231
696086
699231
699231
699231
699231
696894
699231
695555
695555
695555
695555
696868
696868
695555
696868
699687
699687
699687
696868
699687
699687
694350
696868
699687
696318
699687
699231
696894
699687
699687
624973
696894
696894
699231
699231
691187
691187
699687
696894
691577
699231
606734
696894
699231
698028
691880
696318
696318
696894
699231
699231
696868
699687
673162
696894
691187
696868
699231
699231
696318
698028
696868
624973
696868
512753
696894
699687
672582
699687
699687
699231
348704
696868
699687
691577
696894
699231
671081
674776
696894
699687
651404
699687
699231
696868
636121
691064
696894
696894
696868
618553
696868
695315
674747
691187
512753
696894
696894
696868
696894
696318
699231
699231
695315
699231
694350
696894
699231
696894
696318
696868
691577
696868
666584
699687
696318
673162
699687
694350
696868
672582
696894
699231
696894
696894
696868
696894
696894
696868
699687
696894
692193
696894
696868
696894
695555
699231
696894
699687
696868
698028
699687
696868
699231
696868
696894
696894
692765
696868
696868
699231
694350
696868
691577
696894
696894
699231
697483
695315
699231
690724
696868
699231
699687
696894
696318
699687
699687
699687
696894
619587
696868
696894
699687
695555
696868
696318
699231
696318
696868
688435
619587
699231
699687
699687
699687
691187
695315
692765
696894
699687
696894
673162
696894
696868
696894
699231
699687
699687
673162
699687
694350
699231
695555
696086
696894
695555
696894
696318
696894
696894
691577
696868
695555
691880
696868
672582
698028
696894
696894
695555
696894
672582
585600
696868
696868
695555
696868
699687
699687
696448
696894
696868
696894
696894
696894
696318
696318
699231
699687
699687
696868
694350
696894
696894
699687
699687
674291
695555
696894
694350
691577
691187
696894
666584
699687
696868
695555
699231
696894
696894
696894
694350
699231
699231
699687
485169
696894
699687
696868
699687
699687
694350
696894
674747
699687
699231
673162
667533
699687
671774
699687
465537
699687
696868
666470
696868
699687
696868
699687
699231
696894
698028
699687
699231
691187
699231
691187
694559
699231
696894
696894
694350
695315
699231
696868
699687
695555
650970
699687
606734
696894
696894
699687
695555
643525
691187
672582
699231
699687
695555
699687
691880
699687
694350
695555
696868
673162
695315
699231
696894
696868
691187
699231
691187
696894
699687
699231
699687
694350
699687
699231
696894
696894
695555
690724
696894
696868
664536
699687
694350
695315
699687
699231
691187
699231
695555
696894
696894
699231
636121
691577
699687
696868
696868
699687
696868
672582
694350
696894
699687
699687
699231
696868
683001
696448
696868
699687
691064
699687
699687
640644
694350
601334
696318
699231
694350
696318
695555
699687
696894
699231
502173
699687
696894
699231
699687
679433
699687
699231
691187
696894
695315
699231
696894
699231
681744
694350
696868
695555
691064
673162
696868
699231
699687
636121
699687
696894
695315
699231
696868
699231
699687
699231
699231
699231
699687
699231
696894
696894
672582
696894
696894
699231
644953
694350
699231
698028
696868
694350
696868
691577
696894
696894
699687
699231
673162
696868
696868
696894
699687
696894
699687
699231
694350
696894
694350
696868
695555
699231
695555
696894
695555
696894
671774
699231
699687
696894
696894
699687
699687
699687
696894
699231
696894
696894
696448
696448
695555
691064
679433
696894
696318
699687
692812
696894
699687
691577
699687
699231
696894
696318
696894
699687
696894
636699
698028
699231
694350
695555
696894
696894
696894
696868
696868
699231
636121
699231
694350
696868
692812
198114
699687
696894
696894
696894
695555
699231
699231
695315
691064
696894
696894
695555
699231
695315
696894
699687
696868
691064
699687
556411
696894
699231
674380
696894
691577
696868
696868
699231
699687
696894
699231
696086
696894
696894
619587
699687
696868
699231
692765
696318
696894
696894
696894
699687
699687
694350
699687
696894
699687
699231
699231
696086
696894
695555
696894
694350
699231
699687
694350
695555
696894
659214
696894
699231
696868
699231
627354
696868
696318
674747
696868
696894
696894
691064
696868
699231
695555
696868
699231
667533
691064
696894
695555
699231
696894
660857
696894
696894
696894
696894
696868
698028
696868
699687
694350
696894
699231
673131
691187
674747
699687
699231
696894
652426
672582
691880
694350
696868
699231
696894
699231
691187
699231
696894
699231
691064
699231
699687
691577
696894
690724
699231
699687
696894
696894
699231
699231
691187
699687
699687
699687
699687
694350
696086
696894
667533
694350
699687
699687
671774
696894
698028
674291
679433
699231
692812
696894
694350
696318
675531
694350
681744
696868
699687
699687
696086
699231
699687
681744
671774
699687
698028
695315
696894
699687
694350
698028
694350
696894
681744
699231
696894
699687
699231
699687
696868
699231
696894
699687
636290
696894
674747
699687
699231
696894
696894
695555
696868
696894
699687
696894
696868
699231
674776
699687
696894
699231
696894
699687
699231
672582
696086
696894
696894
696868
696894
696894
699687
699231
699231
696894
695555
699231
695555
699231
696868
699687
695555
696894
699687
699687
485887
695315
699687
694350
699687
696894
673162
691577
696868
699687
699231
699231
696894
691880
696894
695555
696318
695555
696894
696894
695555
696894
696894
699687
672582
692193
696894
699231
699687
332128
671081
695555
699687
691187
696868
695555
696894
696894
695555
699231
699231
696894
696894
692765
696868
691064
615869
699231
696894
699687
696894
674776
696894
699687
699231
696894
699231
695555
674776
691577
696894
696318
699231
666470
636121
699687
634914
696894
696894
696318
695555
699231
699687
695315
699231
695555
699687
699687
699687
695315
691187
699687
696868
699687
636121
696894
671684
691187
694350
699687
696894
699231
695315
696868
698028
696894
671774
691880
661128
696868
699687
696868
696868
674776
691064
696868
699687
696894
699231
699687
691880
695315
612644
699687
699687
696868
696868
696086
696894
695315
691577
699687
696894
696868
699231
696868
699231
699231
699231
696894
699231
695555
696868
695555
699231
696894
671684
696894
699231
696868
699687
696894
699231
699231
694350
694350
699231
696894
696894
667611
699687
699231
699687
696894
699687
699687
694350
698028
695315
699687
696086
592894
699687
696894
699687
696894
696868
699231
695555
699231
691880
699687
699687
699231
674747
691627
696894
696894
86863
696894
699687
699231
699687
696894
699231
699231
691187
696894
699687
696894
699687
699687
696894
672582
696894
699687
695555
696868
691577
696318
695555
681744
694350
666470
698028
699687
699687
615869
696868
699687
696894
696318
696318
696894
696894
690634
696868
671684
699231
699687
690285
699687
696868
395257
699231
699687
696318
696894
699231
696868
699231
696868
696868
699687
695555
696868
696868
698028
699231
696894
694350
696894
538444
699231
694350
699231
681744
699687
699687
699231
699231
674291
696894
695555
692193
695555
694350
696318
696894
696894
699231
694350
699231
699687
696318
696894
699687
699231
699231
681744
625180
691577
696868
696868
699231
672582
699231
696894
672582
695555
694350
696894
671684
671774
696086
699687
695555
699231
699231
696894
696868
695555
699687
696894
699687
696448
696894
694350
696894
696894
696894
696318
691064
696894
377232
674776
699687
699231
415239
696894
699231
652426
696448
699231
540165
696894
694350
699687
696868
696086
696894
699687
694350
691187
696894
696894
699231
695555
699231
696894
691187
699231
696894
696868
671684
699687
698028
696894
696868
697483
696894
696894
696868
695315
672582
696894
698028
699687
615869
672582
696894
696894
698028
696894
691577
699687
694350
699687
699687
696894
696894
696868
694350
691577
699231
699687
699687
671774
699687
695555
699687
699231
699231
652426
667533
699687
699687
699231
699687
696894
699231
699231
699687
698028
699231
691880
699687
696894
699687
699231
699687
699687
696894
699231
691187
696894
699687
696318
696894
699687
692765
699687
699687
672582
699687
695315
699231
695315
699687
696894
691187
696868
696868
695555
692873
696318
699687
691187
696894
699231
699231
695555
696894
696894
696318
696894
696894
699231
696894
695555
666470
695315
691577
696868
681744
699687
696894
696868
699231
699231
673162
699231
691064
696894
699231
696318
686545
699231
699687
699231
699687
691577
699687
691187
696894
696894
699231
696868
699231
696894
699231
699687
699231
691187
696894
696894
691187
696894
699231
691577
672582
681744
699231
696894
695555
695555
696086
699231
696868
699231
695315
699687
699231
696894
696894
699687
699231
696086
699231
695555
696894
696868
279295
699687
699231
699687
679433
696868
696868
696894
619587
699687
636290
605880
696894
696894
699231
696868
696894
694350
695555
699231
699231
696868
696318
696894
699687
696894
696894
699687
696894
695555
696868
696894
698028
696894
694350
696894
699687
673131
696868
696894
699231
699231
696894
699231
691577
696894
699231
699687
699231
695315
696894
696894
699231
699231
696894
699231
681744
699687
696894
696894
696894
699231
699687
695315
694350
699687
696894
696894
692765
699687
696894
674291
699231
699687
696894
699231
694350
696868
696868
696894
699687
695555
699687
634914
699687
696318
696868
691187
699231
694350
671774
696894
672582
688146
694350
696894
696894
699687
698028
696894
699231
699687
696868
695555
699687
696894
696894
699231
673162
696894
699231
699687
640644
357129
699231
696894
619587
691187
695555
696894
699687
699687
696894
696868
699231
696868
699687
699231
699687
672582
699687
696894
699231
699231
699687
691577
691187
696868
699231
696894
691187
696318
696894
699231
696894
696894
696894
699231
694350
699687
696868
696868
695555
696318
673134
696894
699687
339249
696894
699231
696894
699231
699687
696894
699231
696868
699231
696894
699231
696868
699231
694350
696318
699687
699687
696448
695555
696894
691187
694350
698028
699231
696894
696894
690285
699687
696894
699231
696868
696868
696894
672582
696318
699231
699231
696086
696894
696086
699231
699231
696868
699687
608471
696894
699687
696894
692396
696894
696894
652538
681744
699231
699231
695555
502652
688146
696894
699231
696894
696868
696894
696086
696894
696894
691577
696894
699687
696868
696894
515992
699231
699231
696318
691064
699231
696894
692396
699687
699687
696894
696894
667533
618553
694350
691446
673162
692812
694350
699231
699687
699687
695555
699687
696894
694350
699231
695555
695555
696868
699687
694350
618917
696894
681744
671774
694350
691187
699231
696868
699231
545658
699231
696894
699231
672568
699231
690285
699687
696868
696894
699231
652538
673162
695555
318668
696318
699231
699687
696868
667533
696894
695555
694350
699687
675811
696894
696894
698028
691064
696894
696894
699687
696868
696894
655443
699687
696318
699687
696868
696868
699687
691187
694350
696894
699687
699687
691187
696894
699687
666470
635122
672582
695315
699687
699231
699687
671774
699231
699687
696894
694350
673134
691064
696894
699231
696894
695315
696894
672582
699687
699687
696894
692812
699231
699687
699687
699231
696318
699231
699687
698028
671774
696894
699687
696894
672582
699687
696448
696868
696894
699687
699231
699231
699231
691577
699231
696894
696894
696894
695555
699687
699231
699231
643566
696894
696894
696868
699231
694350
694350
696894
696894
699231
699231
691187
681744
699231
699687
696868
694350
689893
694350
696868
672582
696868
699687
699231
699231
696894
679635
696868
699231
699231
699687
699687
699687
696868
696894
699231
696868
699231
696894
699687
699231
681744
523428
696318
652426
696894
696318
696894
696894
699687
674291
696318
692812
696868
699231
696894
699687
699687
699687
699687
699231
696894
699231
696318
696894
694350
694350
699687
694350
691187
699231
694695
699687
699687
673162
694350
699231
699687
691880
696894
696894
699687
691880
699231
699231
694350
672582
696894
694350
632100
699687
699231
692765
696868
692396
691064
699687
696894
696894
696894
696868
699687
696894
696894
696318
699687
695555
696318
691064
696894
691187
645680
699687
699687
696894
699687
699231
699231
696086
699687
699687
696868
691577
645680
696086
696894
699231
699687
696894
696894
456737
672582
696894
699687
694350
641564
692812
699687
699687
699687
699231
696894
699687
672582
696868
672582
674291
696868
691627
695555
699231
699687
696894
696868
696868
699687
699231
698028
699231
699231
699231
699687
696894
695315
672582
699687
669424
696868
673131
699231
695315
696086
699231
672582
696868
696868
699687
691187
691064
699231
696318
652426
699231
699687
695315
696894
696894
699687
694350
695555
691577
696894
699231
696894
567166
694350
696894
696894
699687
695555
695555
695555
694350
699231
694350
699231
699231
694350
696894
694350
699231
699687
688146
696894
696868
691187
681744
696086
699231
696894
696894
696894
696318
699231
695555
696868
699687
696868
699231
694350
691577
696894
696894
695315
699687
699231
699687
699687
699687
699231
696894
696868
695555
646362
699687
696894
696894
699687
696894
699687
699231
105085
696868
691577
696894
699231
699231
698028
696868
696868
694350
699231
699231
696894
699687
699231
695555
699231
699687
696894
694350
696318
699687
696894
696894
699231
696894
699687
699687
645274
699687
696868
696894
699687
699231
696868
574351
696868
696868
691187
696868
699687
687506
671774
696868
699687
699231
699687
699687
696868
696894
696894
696868
699231
696894
696894
696894
672582
694350
696868
699231
695555
608471
696894
696894
696868
696894
699687
696894
696894
696868
696868
696318
695555
696868
695555
699687
696868
699231
699687
681744
699687
696868
699231
600036
696868
696894
671774
699231
699687
699231
691187
688146
694350
699231
695315
699231
699231
695315
699231
699687
699687
699231
696894
691187
699231
695555
696894
672582
696868
699687
696894
699687
696894
696868
691187
691187
699231
696894
691187
699231
696318
699687
699231
699687
699231
696894
699231
696894
696868
694350
699687
699687
696894
696086
699231
696894
699231
696894
695555
694350
696894
696894
696894
699231
681044
696894
699687
673162
692765
699687
696894
696868
696868
679433
699687
696868
696894
696318
696894
699231
674291
699687
695555
696894
694350
699687
699231
696894
699231
699231
699687
699231
696894
691880
699687
696894
686545
699687
699687
699231
643525
696894
681744
690724
695555
681044
696894
696894
696894
637409
699687
696894
699231
699231
699687
695555
691880
696894
699687
699231
696894
699231
695555
696318
699231
699687
694350
696868
696894
696894
674747
696894
696894
696894
675531
699687
696894
696894
699231
699231
673162
699687
699687
696894
681744
696868
699687
691187
696894
696894
696894
696894
696318
694350
696894
699687
699687
696868
694350
696894
699687
696894
696868
699231
696868
696894
672582
696318
695555
696868
626592
681744
699687
699687
667611
673162
699687
696894
696318
696868
696318
699231
696894
696894
699231
696318
696868
699231
672582
696868
699231
691880
696868
696868
699231
695555
699687
696868
691577
667611
696894
695555
674291
699687
667611
699687
696086
696894
699687
695315
699231
699231
699687
699231
699687
699231
699231
696894
671774
696868
667611
699687
698028
673162
672582
691577
672582
699687
696894
695555
699231
695315
696894
696894
699687
666584
696894
699687
699687
696894
699231
696868
695555
699687
695315
691064
695555
493031
699231
699687
699231
691880
696086
674380
672582
696894
699687
696086
696894
699687
699687
699231
699687
696894
699687
691577
699687
695555
696894
699687
695315
696868
696868
695555
696868
671081
699687
699231
696868
596614
699687
696868
699231
696086
699231
696868
696868
699687
696894
699687
512753
699687
696448
694350
696894
699687
696894
691577
696086
699687
696894
696894
699687
699687
699231
696894
699231
699231
696868
699687
696894
699687
699231
699231
691577
696894
696868
696894
696894
699687
696894
691187
699687
699687
696318
699687
696894
699231
696868
699687
696894
696894
696868
631700
699687
699687
696868
696318
696894
699687
696894
699231
674291
696894
672582
699687
696894
696894
671774
696894
696894
699231
694350
691577
699231
699687
699231
699687
207241
696868
699231
696894
699231
699231
699687
696894
699687
699231
696318
696868
696894
696894
696868
695555
699687
695555
696868
687506
695315
696894
695555
694350
696894
673162
695315
696894
699687
674776
695315
699687
696894
699687
699687
696894
672582
696894
696894
699687
671774
696894
696894
699687
696894
696894
696318
694350
694350
696868
699687
695555
695555
696868
699687
695555
695315
696894
696894
696868
699687
696894
691187
696318
696894
699231
692812
696868
699231
699687
699687
668838
699687
699687
699231
696868
696318
696894
696894
691064
698028
691187
699231
696894
699687
699687
699231
696894
569667
699231
699231
696894
696894
698028
699687
699687
699687
695555
699687
699231
691577
696868
699231
699231
698028
695315
696894
696318
650970
688146
698028
696894
696868
699231
699687
696318
699231
699687
699231
691187
696894
699231
695315
672582
696448
696894
696894
696894
699231
696868
696894
589639
681044
699687
589667
696868
696894
696894
699687
696894
699687
699687
696894
699231
699231
699231
696318
694350
699687
699231
699687
696868
699687
696894
699231
694350
699231
695315
674467
699687
696894
696894
695555
699687
699687
696894
694350
696894
695555
699231
696868
699231
699687
699687
695555
696868
699231
699231
699231
696894
696894
661370
699687
699687
696894
699687
695555
696894
696868
699231
699687
696894
699231
699687
692812
672582
695555
671774
696894
696894
691577
319943
696894
699231
691577
699231
696894
691577
512753
695555
699231
696894
699687
699687
699687
699231
687506
674291
696318
699687
696894
699687
699231
696894
694350
695555
694350
699687
699231
696868
666584
691187
699687
695555
696894
380876
698028
699687
699687
696318
699687
691187
674776
696894
697483
699231
696894
699231
696894
696868
698028
696894
672582
699231
699687
695555
696318
694350
699231
676274
691187
699231
695555
699231
696894
699687
687506
699231
699231
699231
699231
699231
671684
699231
699687
699687
699231
695555
696894
699231
699231
699231
699687
691064
699687
696868
696868
695555
699687
699687
696894
696894
696868
692193
699231
699687
696894
699231
699687
696894
662660
699687
699687
671684
699231
606734
691880
696894
696868
673162
696868
696894
699687
699687
699687
696868
699231
695555
697483
696868
699687
697483
699687
699231
696894
696894
696868
699231
696894
674747
699687
696868
695555
699687
699231
695555
695555
699687
672582
699231
699687
696894
691187
699687
699231
631553
606575
562901
699231
696894
699687
699231
699687
699687
671684
699231
696868
636121
699687
699687
698028
691627
699231
699687
695315
695555
699687
681744
696894
695555
699687
696868
696894
699687
699231
699687
696448
696894
699687
698028
699687
696086
695555
696868
696894
696868
696868
699231
699687
699231
699687
699687
393291
691577
696894
696868
695555
699231
699687
666470
699687
696894
699687
696894
696894
699687
696894
699231
695555
696894
696868
696894
699231
672582
699687
698028
671684
696894
696894
691187
696448
699687
699687
699687
699231
699687
696894
699687
699231
696868
650970
696894
502652
696868
694350
696894
699687
699231
698028
696894
681744
691187
699687
660626
673162
696894
695555
699687
699687
691187
696894
699231
696894
699231
696894
696868
699231
695315
695555
696894
699231
696894
696894
696894
699231
699687
699687
696894
696318
699231
699231
696868
699687
696894
692765
696868
696894
695555
696894
636121
699687
698028
699687
696318
696894
698028
691577
699687
696894
695555
696894
699231
696894
671081
699687
696894
699687
672582
696894
699231
694350
695555
699687
699231
699687
699687
699231
696868
673162
699687
699687
699687
681044
699687
681744
696894
696868
699231
695315
699231
691187
699231
696894
699231
696868
699231
672582
695555
696868
699231
699231
699231
694350
699687
691880
699687
699231
691064
695555
695555
699687
696894
696894
695555
696894
699687
696894
696318
699231
699687
691577
696894
696894
696894
694350
699231
699687
699687
696894
696894
696868
699231
699687
699231
696868
695315
696868
696868
696894
699687
699231
673162
696894
691064
699687
699231
696318
699231
695555
696868
691064
696894
695555
696868
691880
699231
699231
695555
696894
699231
696868
699231
696894
636121
696894
696868
696894
699231
672582
696868
695315
672582
691187
695555
692765
699687
696868
699231
672582
695315
695555
672582
691880
699687
691187
641564
696894
694350
698028
699231
696868
699687
692765
671774
696318
696894
696868
667533
699687
699231
692812
699687
696318
696868
691187
699687
699687
696894
696868
699231
698028
696894
691187
696868
699687
696894
699231
699231
696894
694350
699687
695555
691577
696868
696868
699687
500979
699231
699231
696868
699231
696894
696894
691187
696894
696894
699231
689884
699687
696868
699231
695555
696894
696868
696448
694350
696868
696868
699231
699231
537133
672582
696894
695315
699687
696894
699687
699231
696868
699687
691187
696894
699687
699231
695315
674776
696868
699231
699687
696894
696318
695555
696868
696868
699687
696318
590868
696894
699231
699231
699687
691577
699687
696894
699687
694350
696894
699687
696894
699687
696318
696894
699231
699231
699231
695555
696894
699687
696868
698028
667611
691577
696868
699687
699231
695555
699687
699687
695315
691187
686545
672582
696894
691880
696894
696868
699231
699231
696318
696894
691064
699231
696894
650970
699687
699687
691187
673131
512753
696894
699231
694350
691187
699231
696894
696894
699687
692812
696894
691187
699687
636121
699231
696868
696868
699231
696894
695555
696894
674776
691187
696894
698028
699687
615869
696894
696894
672582
699231
694350
699231
699687
699687
696868
695555
696894
694350
699231
694350
694350
696868
699231
696894
679433
696868
696868
696894
691187
652426
696894
699231
696868
524491
699687
667611
696868
699687
699687
696894
699687
699231
679433
691577
696894
695555
695555
699231
692193
694350
699687
699687
698028
691187
671774
696868
695315
696894
695555
694350
699687
691187
698028
699687
696086
695555
696894
696894
698028
696894
695555
615869
696894
699687
699687
699231
696894
699687
698028
699231
696868
699231
696894
696868
612644
662411
695555
673162
696894
696894
699687
699231
690156
692396
699231
691187
699687
695555
652426
699687
699687
681744
696894
699231
699231
695555
699231
699687
696894
696868
695555
696894
699231
699231
699231
699687
696894
696894
699687
695555
696894
699231
696868
699687
687506
699687
699231
695555
672582
699231
696894
696868
696086
694350
696894
696894
696894
671684
674776
696868
696894
699687
696894
699231
641564
696448
696868
696894
696868
696318
696894
699231
699687
691064
696894
696894
696894
696894
696868
696868
699231
696894
699687
696894
691187
699687
696894
696894
696894
696086
696894
661370
681744
699687
672582
696894
696868
696894
699687
699231
696894
696894
699231
698028
696868
699231
696868
699687
699231
699231
699231
696894
696894
636121
695555
696894
140374
695555
699231
694350
674291
699231
699231
691577
681744
695315
696894
696868
691187
619587
699687
699231
699687
696868
699231
699231
699687
696868
691577
696868
696868
699687
696868
675531
698028
699687
696318
691577
691187
699687
584887
699687
687506
699231
699231
695555
699231
696894
694350
666584
696894
696894
699231
699231
699231
691187
695555
696868
696868
699687
696894
699687
699231
698028
699687
699231
695555
696894
691187
699687
695555
696868
671774
699231
699687
699231
691187
696868
699231
699687
695315
690724
512753
692873
696868
696894
694350
699687
681744
699687
699231
695555
696894
696868
695555
652538
695555
696894
696894
696894
696318
699231
652538
695555
699687
696894
695555
699231
695315
681744
699231
699231
691880
699231
691577
694350
673131
699687
699687
696894
673162
696894
696894
696868
699231
577660
696894
699231
691577
699687
699231
699231
699687
699231
699231
696868
681744
673162
698028
699231
696894
699231
696868
672582
699687
699687
699231
696868
696318
696894
691187
699231
699687
696894
695555
645680
696894
691187
696894
667611
699687
699687
699687
699231
638200
696894
696448
699687
699231
696318
699687
699687
699231
695555
696894
696894
691577
672582
696894
694350
696318
696894
679433
699231
699687
696894
696894
696318
699687
696894
696894
695555
696868
692193
696868
696318
625180
681044
699231
648897
691064
699687
694559
699687
696868
696894
694559
699687
696894
618553
695555
699231
699687
671774
699687
672582
696894
696318
691187
699687
696894
672582
699687
699687
696894
696448
699231
699231
238739
699231
691187
691577
696894
691577
696894
699687
699687
696894
696894
640644
696894
696894
699687
699687
699687
681744
699231
699231
691577
696868
699231
696894
672582
696894
695555
699687
699687
696894
699231
619587
696894
696868
695555
696894
695555
691577
696894
691064
696868
699687
699231
696894
699687
695555
696868
696318
696894
696894
696868
696894
696868
696894
696894
699687
696318
696894
692765
691880
699687
695315
694350
699231
699231
696868
696868
699231
672582
699687
696448
696318
699687
699231
695555
681744
696894
699687
696894
699231
699231
696894
606734
691577
692193
699231
696868
695555
696868
696868
696894
699687
695315
696894
695315
699231
696868
696894
672582
699231
699231
696894
699231
696894
699687
699231
699687
696894
699231
673162
699687
696868
699687
696894
696894
696894
696894
696894
699687
696894
699687
658265
699231
673162
696894
699231
695555
691064
699231
696318
695555
699687
691187
672582
698028
679433
696868
696894
696318
699687
692765
696318
696894
699687
672582
695315
699231
699687
694350
696868
694350
696868
696894
699231
696894
695315
699231
696868
699231
696894
690285
671774
696894
699687
696894
696894
699687
696894
696318
699687
699231
699231
699231
699231
699687
699687
696894
696894
695555
691187
692396
672582
696894
699231
699231
694350
695555
691187
699687
699687
696318
699231
695555
699231
699231
696894
696894
699231
699231
699231
696894
699231
699231
691577
696318
685214
696086
696894
198114
699687
694350
696894
672582
696894
696868
696894
698028
699687
699231
696894
699687
696894
696894
699231
699687
691187
645680
696318
696894
696894
652426
696894
699231
696894
699231
699231
696894
696894
699231
696868
695315
696318
694350
699231
696318
696868
699687
699231
696894
699687
699687
699231
699687
695315
696868
699687
699231
699231
699231
696894
691187
691187
696868
674776
696894
696868
696894
691577
696894
696894
699231
699231
699687
699231
646362
692765
672582
681744
691187
699687
691187
696868
667533
688146
695555
699231
696894
696894
696868
696318
699687
699687
637022
699687
674776
696868
696894
699687
696868
699231
699231
699687
699687
699687
699231
696894
696894
696894
631553
699687
699231
696894
696868
187020
699231
661370
696894
694350
696868
699687
695315
696318
696894
699687
696894
699231
696868
696894
674776
699687
699231
699687
696868
674776
699687
696894
696894
699231
699687
691187
695555
696894
696894
672582
696894
696894
696086
696894
691577
699231
696868
696868
696894
645680
696894
694559
699687
699687
695315
699687
696894
696894
589807
672582
696894
695555
696894
699231
695555
699687
699687
696894
699231
696894
696894
695315
696894
696894
619587
696894
696448
697483
696894
696894
699231
699687
699687
696894
696868
699687
696894
696868
696868
691187
699231
691627
671684
699687
695555
699231
699687
695555
699687
674747
699231
696868
696894
696894
691187
696868
699687
699687
699231
696894
696868
699687
696894
694350
699231
696318
699231
599493
696894
699687
694350
674776
696894
696868
696894
699231
695555
699687
699231
699687
672582
699687
694350
699687
695555
696894
694350
696868
696894
699231
696894
694350
668838
696894
696318
699687
696894
695555
696894
652426
699231
699687
699231
699687
699687
694350
696894
699231
699687
699687
691880
619587
696868
698028
696894
694350
696894
699687
699231
696318
699687
695315
681744
696868
699687
699687
696086
695555
699231
590236
699231
696894
699231
699231
699231
696868
647337
696868
695315
699687
696894
696894
699687
695555
695555
699231
674291
667533
699231
699231
699687
695555
696318
699231
672582
696894
699687
699687
694350
696894
694350
699687
641564
696894
699687
691187
694350
696318
699231
696894
681744
691187
699687
696868
696894
695555
694350
696868
696868
696318
696868
643566
699687
695555
699687
696318
696894
695555
696894
695555
695555
699687
698028
699687
696894
681744
696894
698028
696894
699231
512753
696868
696894
694350
691187
595095
694350
695315
699231
699231
699231
699231
699687
699687
630524
671081
699231
699687
674776
673131
699231
699687
674747
674291
696894
696868
699687
699687
699687
694350
695555
699231
699231
699687
699687
696894
699687
667611
696868
696894
696868
699231
699231
672582
696894
695555
691064
699231
695315
699687
671774
696894
699231
699231
696894
696868
696894
691187
696868
699231
699231
699687
696868
645680
699231
696894
699231
699687
691187
699687
695555
695315
691577
696894
696868
696894
696868
696894
699687
694350
695555
696894
696894
696894
699231
696894
696868
606734
699231
696868
699231
696868
699687
699231
699231
696894
699231
502694
696868
699231
699231
696894
696894
691577
456737
695315
696894
699687
691187
699687
696894
696894
691187
674566
696894
699231
699687
696894
620576
695315
699231
694350
696868
696868
699231
696894
696868
645680
699231
696894
699231
696894
696318
699231
696448
696894
699687
699687
699231
696894
696894
699231
699231
574351
699231
699231
694350
696894
699687
696894
699687
696868
699687
688146
694350
696894
695555
699687
696868
690724
699687
696894
696894
699231
699687
691577
688146
696868
696894
699687
696894
699687
691187
699231
696086
691064
699231
696894
696868
699231
696318
696894
699231
696894
699231
698028
645680
695315
667611
699687
696894
699687
694350
692812
652426
699687
696894
691064
699687
696868
196020
691577
699687
652426
699687
699687
696086
699687
696086
696894
696894
695555
696894
699687
691577
699687
695555
699231
699687
699231
698028
694350
696868
652426
652538
699231
694350
699231
695555
696868
699687
696894
699231
699687
699231
699231
695555
681744
691064
696894
699231
694695
699231
699231
696894
696894
696894
696894
699231
699687
694350
695315
699687
699687
696894
674747
673134
696894
691064
696894
699687
699687
696868
696868
699231
699687
696894
696894
636121
699687
699231
699687
696894
694350
696318
696868
696894
691577
642580
298216
696868
696318
696894
699687
688146
695555
699687
695555
699687
696086
699231
636121
652426
699687
696894
672582
696894
699231
696894
695555
695555
694350
696894
699687
696894
699687
671684
696894
694350
695555
699231
695555
699687
696894
552324
696894
696868
699231
699231
465820
696868
696868
695315
177166
699231
696894
694559
696868
699231
699231
696894
699687
696318
699687
699687
696894
588853
696868
699687
696894
695555
699231
696868
694350
699687
696894
696318
699231
696086
696894
694350
696894
699231
696894
699687
694695
699231
697483
696894
690724
696894
696894
699231
699687
696894
691187
694350
699687
691880
696448
696868
694350
696894
696086
696894
699687
699687
696894
696894
699687
645680
696894
696894
696894
696868
699687
699231
671774
696868
696894
699231
699687
699687
694350
699231
696868
695555
681744
695555
699231
699231
696318
696894
696894
667533
699687
696894
695315
696318
699687
699231
696868
696868
615869
696894
666470
699687
695555
699687
692812
695315
615869
691577
699687
699687
674776
696868
696086
597828
645680
652426
696894
696318
319943
696894
630383
696894
646362
645274
691064
698028
699231
696318
696868
673162
691187
699687
696894
666584
696894
699231
691577
695555
694350
696894
696868
696894
696894
696868
699687
681744
699231
699687
696868
696894
699231
695555
699231
691187
699687
694350
696894
696894
699231
696868
606734
696894
673162
696894
696894
694350
696894
699687
696868
691187
699687
699687
691187
699687
699687
696894
696868
691880
696894
692765
699687
696894
696894
696894
696894
696894
695315
699231
699231
696894
696868
559037
699231
699687
695555
699231
696868
696868
695555
696894
696894
696894
696894
696868
695555
696318
696318
674747
681744
696894
699687
699231
699687
695555
699687
696894
699687
694350
699687
695555
690634
699231
699231
696868
699687
696894
699687
698028
699687
696868
681744
696894
696894
696318
691577
642580
672582
596266
619937
696868
652538
699231
699687
699231
696448
699687
699687
696894
692812
695315
696894
642580
671684
696086
699231
696894
696868
699231
699687
696868
696894
691577
699231
696894
696318
696868
696894
699687
687506
696894
694350
696894
699231
643566
696868
695555
696868
699687
696868
699687
699687
699231
696894
672582
696894
696086
696894
696894
691064
696894
696868
696894
696448
691064
692812
696894
699687
699231
696894
699231
699687
699687
699687
696894
699231
696868
699687
699687
699687
694559
699231
699231
699231
691577
637342
696894
696868
699687
695555
696894
694695
699231
696868
699231
699231
699687
696894
696318
696894
696318
696086
696868
696868
696894
696894
699687
696894
699231
696894
688146
699231
674291
696868
698028
697483
696318
699687
696894
641096
696868
699687
696868
696894
699687
696894
699231
696894
696868
694350
699231
699687
699687
696894
696868
699687
699687
696868
699687
695555
695555
699231
674776
696894
699231
286005
699687
696894
696868
696868
699231
699231
625180
694350
698028
652538
696894
615869
696894
691187
699687
694350
672582
696868
691627
673162
595095
696086
699231
696868
699687
691187
696894
681044
666584
694350
699687
696868
699687
697483
672582
699687
699687
696868
699231
696894
696086
674776
699231
699687
696894
696894
652426
696894
696894
699687
696318
696868
696894
699231
293210
699231
699231
681744
696868
681744
696894
696086
699231
699231
699231
699231
681744
681744
696894
699231
699687
695555
699231
696868
696868
691577
699231
699687
696894
696894
695555
695555
699687
414193
699687
699231
672582
679433
696894
696868
699231
696894
694350
681044
699687
696894
696894
691187
696318
696894
695555
696894
696868
699687
699231
699231
699231
699687
691064
694350
696894
691880
691064
696894
692193
696868
696894
699231
696894
696086
696894
696894
699231
696868
699687
674747
652426
699231
696868
699687
696894
696894
699687
696894
696894
699231
699231
691187
696894
696868
696448
696894
694350
672582
699687
696894
699231
694350
699687
679433
606734
696894
699231
696894
696868
699687
696868
696894
699231
699687
699687
696868
699231
699687
699687
691187
696868
696894
692396
695315
699231
699231
696868
699687
696868
699687
699687
672582
618917
673131
672582
696894
696894
696894
699687
692396
696894
696894
652426
346378
696868
699231
696894
699687
695555
696868
696894
695315
696894
696868
671081
696894
696086
699687
696894
696894
699231
696894
696894
696868
696894
699231
699687
696868
699687
696894
699687
584887
696086
699231
691577
699687
699687
699231
696894
695555
699687
699687
699687
699687
692193
696894
699687
699687
672582
666584
699231
698028
699231
696894
696894
696894
696894
699231
699231
699687
694350
699231
696894
696868
696894
696894
688146
699231
699231
696868
699687
696868
696894
574351
694350
694695
699231
696894
695555
490307
696894
696894
690724
691627
696868
696868
698028
681744
671774
696894
652538
695555
696868
695555
697483
696868
696868
699231
699687
696868
699231
696894
690724
696894
696868
696894
696894
696894
699231
699687
696868
699231
695315
674776
691187
696894
695555
671774
699687
699231
691187
695555
696318
696868
699231
696894
699231
699231
695555
699687
672582
696894
696868
696894
672582
667611
696868
696894
699231
672582
696868
696318
699231
674333
691627
699231
699687
558077
699231
695555
699231
696894
695555
696894
699231
696318
699231
696318
696868
699687
694350
699231
691187
606734
673162
696894
699231
699231
696894
699687
699687
691187
699687
695555
696894
696894
699231
692396
696868
699687
699231
699687
694350
695555
699231
699231
696868
696868
696894
673162
699687
672582
696894
671774
699687
696894
699231
696894
699687
691880
699687
696868
696894
696086
696894
672582
691577
672582
696894
699231
699687
696894
695555
696894
696894
696894
691064
699231
696894
692193
699231
699687
691880
696868
699687
699231
699231
699231
699231
699687
694350
699231
699687
692812
696894
699231
699231
696894
699687
696894
699231
692812
674776
696868
699687
699687
699687
559037
694350
699231
662682
695315
695315
691880
699231
699687
696894
696448
696894
699231
699231
699687
699231
699231
696894
630301
698028
696868
699687
699687
694350
640644
696868
696894
699687
696894
696894
696868
696894
696894
696894
699231
696894
672582
696894
696894
695555
695555
671081
577650
673162
696868
699231
699231
696894
696868
699687
696894
699687
696868
619587
606472
699231
699687
696894
699687
696448
696894
696318
691187
696894
696894
699687
699687
694695
699687
696868
695315
696894
699687
672582
699687
696894
699687
699687
699231
671774
696448
692765
696868
696894
681044
696868
696086
696894
593120
699231
694350
695555
696894
696894
699231
699687
696894
640644
696894
691880
696868
699687
696894
671774
694350
696868
696894
699687
696868
699231
699687
695555
699231
695555
695555
699231
699231
625180
699687
699687
699231
696894
671774
696894
696894
699231
699231
696868
695315
699687
699231
699231
696894
699687
699687
696894
696318
696894
696894
696868
699687
672582
699231
699687
696894
696086
672582
692193
667611
698028
575933
696894
696894
696318
671774
696318
696894
699231
699231
696894
695555
699687
648025
671774
672582
696894
699687
699231
696894
696894
699687
695555
699687
691064
696894
687506
691577
695555
643566
696868
696894
695555
696894
699687
692812
696894
699231
694350
699687
699687
694350
694350
699231
699687
699231
699687
699687
691577
695555
696894
691187
692812
696868
691577
699231
699231
695555
671774
671684
699231
698028
699231
696894
694350
699231
696894
699231
664536
696894
699231
673131
674776
699687
699231
696868
691064
699231
696894
692812
691187
696894
699687
696868
695315
696894
692396
691064
699231
696894
694350
696894
695315
648235
696894
699687
694350
699231
695315
696868
696894
696894
699231
696894
699687
699687
695555
696448
696318
699687
692765
699231
696318
696318
699687
696894
691577
696894
699687
694350
699231
694350
636217
691577
691577
599493
696894
696868
692873
699231
699687
699231
699231
696868
679433
692812
696868
584366
696894
696894
696894
696894
699231
695555
694350
696868
695315
696894
699687
692873
699687
699687
695555
699231
456737
696894
699687
699231
699687
699231
691187
696868
699231
696868
696894
696894
696894
699231
696894
696894
695555
699687
695315
699231
699687
699687
696894
699231
699231
699231
695315
696894
699231
699231
696318
695555
699231
696086
694350
696894
696894
696894
696318
699231
672582
696894
696868
696894
696868
699687
692812
696894
699687
696894
699231
696894
699687
694350
696894
694350
699687
699231
696868
686545
699231
671774
696894
695315
699231
696894
696868
699231
699687
690156
681744
699231
667533
699231
699687
692193
692812
