900448
897477
900498
899336
900123
900422
900120
900498
900422
900123
899582
900422
900049
900422
900448
900043
900448
900498
898062
900448
900448
884334
900498
900422
900448
860251
900498
900123
900422
900049
900119
899349
900422
899933
900448
900498
900448
900498
900422
900498
900448
900448
899131
900448
900498
900422
900123
900448
900448
900448
891901
900498
899349
900422
900498
900498
900498
900498
882867
856808
900448
900448
900422
883469
899485
900448
900422
899012
900498
891445
900448
860718
900448
900422
673949
900422
900422
899131
771325
900422
900422
899349
900498
896116
900422
898062
900498
891445
891445
900422
900422
887156
891445
900448
900422
900498
890868
900422
899349
900049
900498
900422
900422
900422
899131
900498
898562
900123
900049
887156
895138
900498
900498
900448
900498
900448
900498
900498
900498
900448
900448
900448
900498
900120
900422
900448
900043
897901
900498
900498
897868
900448
900498
896116
900448
900119
900498
900448
900448
898062
900123
900498
900448
900422
900448
900049
876897
900498
887156
900422
900448
900448
900119
900498
900498
900498
876395
900448
900422
900448
900120
900498
900498
900498
900448
900120
899898
900123
900448
897868
900498
900422
896116
900448
900448
900422
900422
900448
896116
900448
900498
900049
887156
899349
900049
900422
900422
900498
888420
900448
891445
900119
900448
900422
900448
900498
899349
899349
900422
900448
900448
900049
896116
899933
900123
896116
900448
900448
900448
900448
900120
900422
900498
898270
900498
900448
899349
900422
900422
865709
900049
900498
900498
900422
900422
900498
896116
900498
900448
900422
900498
897397
900422
900498
900448
900422
900498
900448
896116
900422
900498
900422
899131
900043
899349
900422
900498
900498
900498
900422
900422
900120
900422
900498
900498
900049
900422
896116
891445
900123
900448
900422
900422
900422
900422
900049
900448
858418
900119
898062
890868
900422
899131
804599
896116
900498
900119
900498
900422
900498
900422
900422
900448
900448
900422
897655
900448
890868
900498
900448
900498
896116
900448
899933
898270
900422
900049
900422
900498
900498
900448
900448
900422
900448
900448
900136
900448
900498
900049
900448
899349
899582
900448
900119
900498
900422
900448
900448
900498
899582
900448
900123
900422
860251
900422
900498
896116
900448
885556
900123
900498
899933
900043
900120
900498
900448
900498
899933
896116
900448
900422
899582
900448
900498
899093
900498
900498
889388
899131
900422
900498
900422
900448
900498
890868
899582
900498
900448
800190
900422
899157
896116
900448
890868
900448
900422
900498
900123
899131
900448
900448
900498
900422
900123
900448
887156
900049
891445
900049
885572
899131
899933
900123
900422
900422
896116
900422
891445
900123
900123
900422
899582
900422
900123
900448
891445
900498
900498
897397
900448
900049
900498
900448
900049
900136
897226
775147
900448
900422
900448
900422
900049
860251
900448
900448
896116
898142
900422
900422
899582
900049
900448
900448
900498
900120
900498
900422
900422
898270
900498
899131
900422
900049
900448
900136
899582
846436
900498
900498
900498
899898
900448
900448
900120
900498
900448
900120
900498
900498
900422
900448
787665
900422
900119
900498
900123
900498
899157
900448
896116
900498
900498
900448
893779
900123
797006
900422
900498
900448
900448
899131
899012
900448
900498
900422
891445
885085
886707
900448
900498
900422
900498
900498
900498
896116
900448
900498
899933
896073
873703
898296
871567
900422
900422
899582
899131
900448
900498
900498
900498
900448
900422
900448
900422
900448
899349
900422
900422
900448
900422
900422
899582
900422
899349
900448
900498
900422
894455
900498
900448
900498
900422
900422
900498
899262
900123
899582
899012
900498
900498
899093
896354
900448
900120
900498
898270
900049
900422
900049
900123
900422
900448
900498
895138
900448
900422
899012
900498
891901
891445
580786
900498
900498
895138
894873
899582
896116
900422
900498
900448
900498
900120
900422
899131
899131
895739
900448
900422
900448
900422
882412
899131
900120
900123
887156
896116
900498
900448
900448
892272
898296
900498
900123
899012
900448
900498
900422
900498
900498
900049
900448
891445
900422
900422
900498
900422
900448
899349
899898
900448
900498
900448
900422
900448
900498
900498
900448
900123
900498
900422
900498
900448
891445
898062
900422
900422
896116
900498
900498
900422
900448
900422
900049
900448
556240
897220
899349
900498
900049
900448
900422
900448
900120
900123
900119
899349
900422
900498
900123
899933
891445
900498
900120
900422
898296
893780
900422
897477
896354
900498
897116
900448
900422
891445
900498
892355
900448
900498
900448
899933
899131
830967
894837
900448
899582
900422
900422
885085
891445
850477
900422
891445
873703
899131
900448
900422
900422
899933
900448
900049
891445
887156
885085
900498
900448
900498
900422
900498
899933
900448
900448
900448
900123
900049
893442
900422
900422
900422
900136
900448
900498
899131
899131
900422
900448
900448
900498
900422
900498
900123
900498
900498
900136
900448
900448
900498
900498
900422
891445
900120
899157
900448
900498
900498
900422
896116
871567
900448
897226
900422
900498
900498
900498
900448
900498
900448
900422
900422
900422
900049
898142
900498
900043
899898
900498
899349
900498
897477
900498
896073
899582
898562
900049
900448
900049
900498
900049
900448
900498
900448
900498
900422
900123
900448
900422
900448
883469
900498
900448
900498
900123
900448
900136
900448
900049
900049
900049
896116
900498
884479
900448
843043
897310
708706
900498
900422
900123
900448
899933
900498
900498
897220
900422
891445
900448
899131
900498
900448
900448
900498
900448
900498
900049
900498
900498
900422
897868
900498
900422
900422
900422
896116
900448
900123
900498
900448
900422
900448
900498
900422
900049
900498
900498
900120
900049
896116
890868
899131
900422
900049
900422
900448
900498
896116
900448
900498
891445
900448
900448
900448
897220
900498
900422
900422
900422
900498
899131
900448
900448
900498
900448
889039
900498
900498
900422
900422
900448
900498
900448
900049
900422
899933
900120
900422
899933
899898
900049
896354
900049
900498
900498
900448
900498
900448
900422
899349
900498
900498
900422
900049
900498
899012
892884
900448
900422
899582
900498
900422
900422
900448
900498
891445
900448
900422
900422
900448
900448
900422
884208
900498
900049
900422
887156
900422
900498
887156
900448
895138
900422
899131
900422
900448
900119
900422
900498
900422
891445
900448
896354
900448
891445
900120
900120
899349
900498
900448
900448
900448
900049
900422
900498
900136
899131
900448
900136
900043
900049
900422
900422
900448
900448
900123
900422
900422
900123
900498
899349
900448
900448
900422
900448
900498
900498
900448
900448
900448
896354
900448
900422
900422
900119
900448
900498
899093
900448
900123
900498
900498
866034
900422
900422
890868
871567
890868
900422
899012
898142
900043
828349
900498
900422
900448
900448
900448
897655
897310
900448
883140
898562
892355
900448
900123
898296
900422
895138
900422
900498
900422
900120
900422
891445
900422
900448
900448
896116
900422
900422
900422
900422
899582
900422
900498
900498
899349
896116
846871
900422
900498
900448
900498
879200
896116
900043
900498
900119
900448
891445
900448
899933
900049
900120
900498
900498
899349
900448
896354
899349
900498
900498
900498
900448
900498
900422
900448
900422
900123
900448
900498
900498
871567
899349
900049
900448
900498
900498
899262
898562
900049
900498
900422
900422
900498
900422
900422
900422
900498
900498
900422
900498
900498
900448
900422
900422
900422
900498
899349
900498
891445
887156
900422
900498
899582
900498
900448
900422
900498
888420
900123
899349
900498
900123
900448
900422
896354
900448
900422
896116
900422
900448
898077
900049
900422
900448
900448
900498
900123
900498
900422
900422
900422
899898
900498
900422
900498
900448
900448
900422
900498
876395
900119
900123
900049
900422
900498
899093
900123
900448
900498
900049
900498
890868
900498
900422
900498
900422
900448
900422
857369
900119
900448
900123
900498
890988
899131
900498
900422
900049
900422
899349
885085
900498
899349
900498
900498
900448
900498
900049
900498
900422
888420
900448
900498
900422
900448
896116
899157
899898
899898
900498
900119
900498
900448
892912
869544
900448
900448
900123
900049
900422
900422
900498
899131
900498
900498
897655
900120
900422
900498
900498
900123
900120
900120
900498
900498
900422
900498
900498
896116
900422
900498
900049
900498
900422
899349
900448
892606
900448
899131
899349
900422
900498
900448
900123
900498
900498
900498
900422
900498
900448
900498
898562
899582
900448
899157
900448
896354
900498
890988
900448
900498
900448
900120
900498
900448
900049
897226
896116
900448
900422
900498
900448
899093
900498
900498
897226
900422
780651
899898
900498
897397
900448
900049
900498
900498
900498
899131
900498
900448
900422
900498
871571
900120
896116
889815
900422
900136
900498
900422
900448
900422
900498
71620
900498
900498
900136
900498
900049
891445
900498
900448
898270
900498
885556
900448
900448
898270
900123
900049
899093
900448
892349
900448
896116
900498
899933
900498
900498
900448
900498
900043
900498
890868
900498
891445
900498
896116
900422
900498
900448
900123
900422
900049
899157
900123
723426
900448
900422
900422
900422
900422
900448
900448
900448
900498
900422
900422
891445
899582
900422
900422
896354
900498
899349
900422
900422
900422
900498
900448
900422
900448
900498
899131
896116
891445
900448
900119
900123
891334
900498
900448
898062
897397
900049
900448
900422
900049
900498
900498
900049
900422
900123
900422
900448
894703
898142
900498
900498
897226
892355
900422
900498
900422
860944
900422
556240
899933
900498
878180
900498
889039
900498
900498
900049
900448
900123
883469
900498
900422
900498
900422
896116
900422
900498
900498
900049
896116
900498
900448
900049
900498
869544
900123
900136
900422
900498
900498
900498
849334
899898
900422
900422
899093
900136
900043
900448
900498
899349
900498
900498
900123
900448
900422
900448
900422
900422
896116
900498
900422
900448
900422
890868
900119
900422
900422
900498
899582
888883
876395
899582
898270
900448
900498
900422
898062
900498
890988
900498
899157
899582
899582
899131
897220
900136
804438
900422
900049
900498
899933
900049
900123
900498
900498
900448
895739
900448
900448
899157
900049
879084
899485
900498
899349
900448
899349
900498
900049
900498
899157
900448
899131
900422
900422
900448
900043
900422
896116
896116
899093
900422
900448
900498
900422
900448
900123
900498
899349
891445
900498
891445
900498
900123
900422
891901
900498
899131
900049
900043
900422
897226
900422
900498
900498
900498
899582
900049
900422
899582
900422
900136
900123
900422
900422
888420
900049
899349
900049
900448
900123
899262
900498
898270
900448
900422
900448
900498
900123
866034
556240
900422
900498
900422
900448
900498
900422
899349
900448
900448
898296
900448
900498
900498
900049
900448
899349
900422
898062
900043
900498
900422
891445
900123
900448
900422
900498
900448
897868
887156
900422
900422
900422
900123
900448
900422
900498
900123
900123
896631
900120
900422
900498
900049
900448
887156
900422
900123
900448
878180
809580
900498
900498
900498
900136
900448
900498
899131
900448
900422
900448
900448
864296
895138
900123
900498
900498
899349
900422
899933
900049
900498
899349
900448
900448
898270
900422
900498
900448
900049
899349
900120
900448
900422
900422
899349
900498
900422
899898
899349
896116
900448
900422
897868
900498
899933
900049
900498
896648
900498
899349
876395
900448
900049
900498
883469
900043
897655
900448
900119
900049
900498
900422
887156
900498
900448
900422
900448
900422
900448
892355
900422
900498
900422
900119
900422
900498
899349
900448
900448
900448
900498
900498
896354
900498
900422
900123
891445
900422
900498
898062
900448
899093
899485
900049
900049
900448
899349
900422
886376
900119
900498
900448
900498
894327
900422
900448
900498
900498
900448
896116
900498
900498
900049
899157
900448
900448
900422
900049
900498
730937
900498
899157
865026
900498
900049
900422
900448
900422
890988
900422
900448
900123
900448
899349
897397
899349
900498
897220
900049
898062
898142
900448
900422
900498
900448
890868
900448
900448
900498
900498
900448
900123
900448
896116
900498
900448
900498
900049
898270
900422
900498
900136
900498
896116
900448
900498
900119
900422
900498
900448
900448
900498
900498
890868
891445
900498
892355
900123
900448
830199
900498
900422
900448
900120
900422
900049
862322
900422
897226
900422
900498
900448
900498
900422
900448
900498
900448
900422
900049
900119
900498
900498
900422
899093
876395
900422
900049
899093
900498
900498
900120
900422
900422
900448
900123
900043
900498
895736
892884
900422
900498
900448
900448
900448
899582
900422
900448
900422
897027
900448
900422
900448
899131
900448
900498
900422
900448
900043
900448
900422
900049
900498
900448
899898
900049
900448
900120
896116
900120
900422
900422
900498
900448
900422
900049
899349
897551
900422
899349
900498
900422
900448
900123
323280
900422
900498
900498
900448
900448
900120
900448
900448
900448
899898
900498
896116
900422
900422
899093
900448
900498
900448
900049
900422
897868
899012
900448
896354
900498
900448
900422
899131
900498
900120
900498
900498
900448
900448
900448
900123
900448
895138
900422
900448
900049
900422
900498
900123
900123
900448
891445
900498
900422
900422
899349
884208
896116
897397
898142
898832
900448
900498
899933
900498
900119
900498
900123
900422
891445
900448
897397
899131
900422
900422
900422
900498
900422
900422
900498
900498
899582
900498
899582
900498
899349
892355
900123
900119
900422
900119
900498
897397
900498
900049
899349
900448
900448
900448
898062
900448
900448
900448
900422
898142
900448
900448
900123
900498
900049
900448
897655
899349
900498
900498
900498
900049
900498
896116
900448
900120
900422
900448
900422
900422
899131
899131
900123
899349
900422
900422
900422
900448
900498
900422
899131
891901
900120
899349
900448
900448
900448
897226
898142
900498
900049
896116
900498
860251
900422
900043
900422
900136
888866
900422
899898
899485
900498
900448
899582
900043
900448
900498
899093
900498
900049
896354
871567
900422
899131
891445
900422
900422
896116
900498
897655
900422
900123
900123
900120
900422
900422
900422
897116
900123
900498
900422
900123
900422
900123
900422
900049
900422
900498
900448
900498
896116
900448
900448
900448
892355
900498
900498
900049
900049
900422
896631
900498
900422
900448
891445
900498
900498
899093
900498
900422
900049
900422
900120
900422
894455
900448
894327
900422
900498
895138
900498
900498
900498
890868
900422
900448
900448
900422
899582
900422
900448
890868
900422
900422
900498
900498
892606
900498
900498
900498
899933
900448
900498
896116
900119
896116
900498
899582
900422
900422
898562
900498
900422
900448
899933
900498
898562
900119
900498
899582
899157
899349
894455
900498
900422
899349
899933
878180
900422
900448
896116
900498
894837
900448
869235
900049
900498
900422
896116
900049
900448
900422
899093
900422
899131
900422
900498
871567
900422
900049
840617
900123
900448
900498
847936
900448
900049
899131
899485
900498
899093
900422
898062
900422
900498
900448
900448
900498
899898
900498
900448
900498
900498
891445
900448
900043
900422
900498
900448
900422
900422
900448
900498
899898
900422
900448
900422
900049
900498
900049
900049
896354
900498
899131
900123
900422
896116
900422
900498
900422
900498
900136
900049
900422
900119
900498
900422
900422
900422
900448
900498
900498
900448
900498
894455
900448
900422
900448
900448
900422
900448
900498
884479
895587
899131
900498
900498
900498
900119
900422
900422
900498
900120
900422
900498
900422
900422
896354
899933
900498
899349
900498
895138
900422
900123
900448
900422
884443
900422
900422
900049
900422
900123
900422
900448
900422
900448
900422
873703
900448
900120
891445
900498
896116
896354
900448
900448
896116
900448
900498
900422
900123
899093
900448
900448
900448
900049
900422
891445
899485
900498
900448
900448
900448
900422
883469
900448
890868
900498
900448
900448
900448
899349
897397
900448
900422
900448
900422
900448
899012
899582
900422
899582
896116
896116
899933
898270
900498
900498
900422
900049
900448
900448
900422
900498
899012
900049
895739
900422
525468
900498
900119
890868
900120
900498
900123
896116
900422
900136
900448
873703
900448
900422
891445
900422
896354
900123
900448
900448
899131
900123
900498
900448
900498
900498
900498
900498
900422
900498
900422
900422
900498
900422
900422
900422
900448
900498
900498
900498
900422
900448
900043
900422
900422
899157
900422
900448
898562
900422
899131
900498
900498
900498
900498
900498
900123
900422
900498
900422
899933
900498
900123
900422
898062
900448
900448
900498
871567
900498
900498
900422
900422
895739
900043
900448
900498
900498
900422
899898
900422
895281
900498
900422
896116
898971
900498
900498
900448
887156
895138
900123
900120
900498
900123
900422
900422
900119
900123
900498
900448
899582
900498
900422
900498
900448
900119
900498
891445
900448
900498
900049
900498
900498
894837
900448
900498
900448
900422
900049
890868
900498
900123
899093
871567
900422
899582
896116
899349
900422
900422
900123
900120
900448
900448
899131
900123
900448
900422
900498
898296
890868
900448
900136
899898
900498
900448
900498
900448
900498
900422
900123
899157
896116
900123
887156
885085
900498
900422
899349
900049
900422
891445
900049
887404
900498
900498
891901
900448
900422
900448
896116
900498
899349
897655
900422
900498
900049
900498
900448
900422
900498
900448
900119
887156
900448
900448
880855
900498
900448
900448
900498
900498
900448
900498
900422
900498
900498
900448
900049
900498
860251
900448
900448
871567
900422
900448
899349
900422
899898
900448
899131
900422
900422
900498
900498
900422
900422
900448
898296
900498
900448
900498
900498
900498
900448
895736
900498
873703
896116
900448
900498
899093
892349
900422
900422
891445
899131
900498
900498
896116
900498
899012
900448
900498
900448
900448
900498
900123
900123
900448
899898
898296
899933
900448
900422
900448
900498
900448
900448
900498
900498
860251
900498
900498
900422
900498
899349
900422
900448
895138
900049
900498
900448
900498
900498
897220
900123
900498
900448
900123
900448
899093
900422
900498
900049
896116
898062
900498
899157
899093
900448
900049
891445
891445
900422
900422
899349
900120
900498
900049
900448
900448
891445
900422
900448
900448
900498
900422
900049
900136
900422
899582
896354
900049
900448
900448
897868
900498
900498
900448
900498
898457
900498
900119
900498
900498
900422
900448
900498
900448
900448
900049
900422
900049
900136
898562
900498
898270
900448
900448
891445
876395
900448
900448
900422
891445
898832
852158
900448
900422
900498
900123
899349
900049
900120
900498
900448
900498
900422
899582
899933
900498
895138
900422
896116
900422
900448
868008
899898
900119
891445
900448
891445
884103
899349
900123
892349
900049
897027
899933
900448
900448
900498
899582
900049
900422
900498
899157
900448
899933
899349
899933
891445
900498
900120
900498
900422
900049
900448
900498
892355
900422
896354
897226
900049
900448
900422
900448
896116
890868
900123
900498
900422
572103
900422
900422
899349
900448
900119
900049
900448
900049
900136
899131
900498
900498
896354
874859
900498
900119
899349
900422
900422
900448
900448
900448
900119
900498
900448
900049
900448
900498
900049
900123
900498
900498
900422
900120
900422
899093
900498
896116
900498
900498
900136
900422
900498
900448
900422
900448
899131
900498
900498
876395
900422
900422
898062
900448
900123
900422
900448
900422
900422
897655
898562
900498
900498
900422
900448
892912
900498
900049
897397
900498
896116
900498
900049
900049
900448
900422
900422
900498
900498
900448
893779
898832
900448
900498
900448
900498
900498
900448
900448
900498
900448
794399
899582
900422
900422
899157
900448
900136
899131
900498
900448
900422
899131
900119
900422
900498
900448
900422
900422
900422
900448
900422
891445
900498
900422
899349
890868
900498
900049
900422
897868
900498
895138
900049
900498
900448
898270
900422
900422
899933
900422
897027
890868
900448
895138
900498
896116
900498
900448
897226
900448
900119
900422
900498
900049
900422
900448
900448
900123
900049
899933
899349
900498
900123
900422
900448
900498
900498
900448
900498
900498
898062
899131
891334
900448
900498
900498
899933
900123
900422
900422
900498
900123
900448
900498
900448
900498
900498
900498
900136
900422
896354
900498
900422
882499
372955
900123
900498
900498
900448
900448
900049
900448
899131
896116
891445
887156
900448
900448
900498
900498
900498
900119
900498
900498
900049
900123
900498
900448
900498
900422
900448
900049
900448
900498
900448
900422
900498
900448
883290
900448
900120
900498
900498
896116
900422
900448
900120
900422
900123
900422
898457
900498
900498
900448
900498
900422
900119
899093
900422
899582
897655
891445
900498
900422
790801
900448
899933
900498
900498
900498
900422
900498
900448
900448
900448
891445
900422
900422
900498
900498
900448
900448
900049
900448
899582
898062
900422
900422
900498
900498
871567
900448
900498
900448
900422
899157
861200
900043
892744
900498
900049
897655
899898
679151
900123
899131
900422
900498
900422
900448
900498
900422
900448
900498
900498
900422
871556
900498
900422
900498
898270
878180
900448
900448
900498
900498
900498
897868
900049
871567
900448
900498
896116
900119
899582
900422
900422
900498
900448
900498
896116
900422
900049
900448
900448
900498
899933
900422
900448
900448
900498
900123
900422
900422
900448
895138
900422
900448
900448
900422
900498
900049
900422
900422
896354
900422
896354
898270
887156
876897
900422
900498
896116
900448
900049
900422
899582
900448
900498
900498
900448
899131
897655
900448
900422
900049
894195
895373
899349
900498
900498
900123
900049
891445
899131
900498
900448
865105
900498
899349
900448
900498
900448
900498
900448
900498
900448
900120
896488
900049
900448
900448
896116
900498
900422
900123
900448
900448
900448
900422
900448
900498
896116
900498
900422
900498
900498
900422
900422
894119
894327
873703
900448
900422
900422
900498
900448
900448
896354
900136
900123
900498
897901
900422
900119
900448
876395
900049
900448
900422
900043
900043
895587
900498
821248
900498
900448
900422
900498
891901
900448
900422
900498
900498
900448
900123
900422
900448
900498
900498
900498
897655
900049
900422
899349
896116
900448
900448
900498
900448
900498
900049
900448
900422
900422
900498
900422
900498
900422
900498
900498
900498
900422
900448
900498
899131
900498
900123
900422
900498
900498
899898
900120
900448
900422
900422
900123
890868
896116
900498
900498
900448
900498
900043
900448
900498
900448
900498
900498
891445
900049
900498
900498
900448
900498
900448
900049
900422
900120
900123
900498
900498
899582
900448
900448
900498
896116
900136
900498
826904
900498
900448
900422
900422
900422
900422
900422
900448
900448
900498
900498
900498
900448
900422
891445
900049
900498
900049
900498
899349
900498
900049
900448
900049
900448
899933
900448
900049
900498
899093
900448
899349
899012
900123
900119
900448
900422
900498
900498
900049
896116
900123
900119
896116
900422
900448
900049
900448
899582
900498
900498
896116
900049
900448
900422
900498
900422
900448
900498
899131
900422
900498
900448
900448
900043
900422
835186
828115
900049
900448
900448
891445
900422
900448
900123
900422
900448
900422
899898
892606
899349
900498
891445
900422
884334
900119
900448
899093
899582
900448
899093
900448
900422
899012
900448
897116
900049
900049
899582
900448
900119
899012
900498
900422
900448
900498
900498
900120
899012
896116
900448
865726
900422
896116
900043
900498
900498
899485
900448
900448
899582
900049
900498
899131
900422
896116
900123
896116
900498
900422
900049
900498
900448
866034
900498
900498
899933
900448
900498
900448
900498
900448
900123
900422
900448
900498
899131
900498
897655
897551
897655
900049
900422
900498
900049
900119
900448
900049
900498
900448
900448
900448
899131
900448
868008
891445
900498
900498
900498
900422
900422
900422
900448
899093
899012
900448
896116
896354
900422
900049
900422
900422
900049
897027
896116
900498
900422
896354
900422
900498
900498
900448
900448
900448
900422
899131
900448
896116
896116
900049
900498
900120
900498
900123
899582
900422
900448
900043
896116
900422
900043
900498
900422
897655
900498
900498
900422
900448
900448
900422
900049
900422
900422
900498
886229
900049
900498
900049
888420
900049
900422
900448
900422
899933
899093
900448
898562
900448
900422
900448
900422
900422
900498
900422
900422
900448
896116
900448
900119
900498
900448
900498
900498
899349
900498
900498
900498
900498
898270
895138
900498
900049
900136
900422
900422
900498
900422
900498
900422
900498
900448
900422
866034
899349
900123
896354
900422
891445
876395
896116
900119
898562
900422
895736
900498
900498
900049
900448
900498
900422
900049
900498
900049
899933
895736
900448
900498
900422
900498
900448
900498
900422
900422
899349
900448
900448
898062
900448
900448
900422
900422
900498
900448
696229
900498
900498
900422
900448
900498
900448
884443
900448
900448
900120
896354
899933
890472
900422
900422
900498
900498
900422
900448
900049
900498
896354
900448
900422
899933
900123
891445
899349
900422
895138
899582
900120
900123
899582
894837
900422
900448
899933
899157
900120
900498
900422
899933
898457
900123
900498
900498
891445
899349
900498
900448
899131
900448
900448
896116
900049
900422
900448
900448
900422
900049
900422
900448
900448
900498
900448
887156
900448
900448
899582
900448
900498
899131
900049
900448
900422
900498
900498
900120
896116
890868
900498
900498
900119
900123
900448
900422
900422
900422
900448
900448
896116
900422
899349
900448
900422
891901
900123
900422
900448
900123
900498
900498
899349
900422
900123
900049
900422
900448
898062
900498
900498
900049
900422
900448
900448
900123
900422
900448
900448
885085
900448
900448
900049
900448
900448
900448
900498
900422
900498
900448
900120
900498
900448
898142
899349
900123
851200
900448
900498
900049
900422
900136
900136
900498
896116
900448
899131
900498
900498
900049
891445
900498
900498
900498
900498
899349
891445
900498
900448
900498
899485
900448
900448
900422
900448
900448
900498
900448
899582
899349
900498
900498
900422
900448
900448
900422
899933
896631
900422
900123
900422
900448
900043
900498
900448
896354
900422
897226
900498
900498
896116
900448
900448
900422
900498
900498
900422
883214
900498
900422
900422
900422
900120
900498
900123
900422
896488
900448
900422
897655
900448
900120
900448
900448
900049
900498
900448
900422
900123
900422
890868
900448
900422
900422
898062
900422
889388
900422
900448
900448
896116
900448
900498
900422
900422
896116
900448
900043
900422
900448
900448
882499
896116
892355
900498
900422
900498
900422
900448
900448
900448
898142
900498
896116
900049
896116
899349
898062
898062
900422
900422
900136
900422
900448
870465
900422
900498
899582
900123
899933
900136
900422
900498
900422
900498
900498
891445
900448
900123
900422
899093
900119
900448
900422
900448
900498
900448
900448
900422
900498
900448
900422
898270
900422
900422
900049
900498
900123
899349
900498
900422
900422
900448
900498
900448
900448
900123
900049
871567
899157
899349
883469
900498
896116
900422
900448
898296
899093
900498
900498
900498
900422
896354
900422
900049
900448
900448
860251
898270
900120
900498
900498
900119
884879
900448
900448
900422
900422
900498
891445
900422
900123
900498
900448
899349
900422
897310
891445
897551
900448
898142
900422
900448
900422
897226
890868
900448
900123
900049
900049
900498
891445
900448
900448
900448
900448
891445
900422
900049
900120
900123
900422
897226
900498
900448
900448
898142
900498
900448
900498
900049
900049
900498
900422
899131
900448
895373
900498
900498
900498
900422
900448
900422
860251
900422
899349
900422
900498
900422
900448
900448
900123
900422
900498
900498
900136
896354
900123
900498
900448
900422
900049
900498
900123
900498
900422
900422
900448
900049
900498
900498
899349
900498
900448
900422
900498
898296
900422
899349
900498
899933
900422
900422
900422
900498
900422
900448
900422
891445
900498
900498
896116
900448
896354
900498
900049
900422
900448
900422
900119
831408
900498
896116
900123
900498
899898
891445
900422
900448
900120
896116
900448
893553
900448
896116
900498
899131
900422
899898
900119
900123
892355
900448
891445
900498
900422
900422
900043
900422
900422
900049
900422
900498
900498
891445
900422
900498
900049
900448
900498
900422
900448
900422
900123
896116
897116
900422
900498
900422
899131
900123
899349
900119
900498
900422
895739
900422
900498
900498
900498
900448
891445
900448
900123
898296
898270
900448
900498
900049
900422
900448
900448
900448
885556
899582
900422
900422
896116
899349
900422
900498
900448
898457
900119
900448
900422
900498
891445
900136
900448
890988
900422
900498
825678
900422
900498
549080
900498
899933
899933
896116
900123
890868
896354
900422
900498
900498
899349
900498
896354
890868
900498
900123
900498
900448
900498
899093
900123
900448
900448
900498
900498
897220
900498
900498
900119
900119
899582
900498
860171
900049
900422
899131
900498
900049
891445
900120
900498
900498
900498
900498
900448
900448
900498
900498
897655
899131
900498
899349
899933
900422
899349
900498
900123
900498
900498
900498
900049
900498
900448
900448
892349
900448
900448
900422
897655
900448
900422
900422
899582
900422
900498
900448
900498
896116
900498
900498
898296
900498
900498
900422
900422
892349
900422
897868
899349
900448
869544
900498
900498
888420
899898
900448
900422
900498
900422
897477
900049
900422
900498
883469
900498
900498
900498
900123
897901
900448
900448
899131
891214
897220
884103
900448
899131
899131
900498
900049
900422
900120
900498
896116
897027
900498
898971
900422
900498
900422
900049
900123
900422
889805
900448
900422
884208
900136
900422
899157
900498
900498
900498
891445
899131
900448
900422
900498
900136
900498
883469
900448
900448
900448
900448
899349
900049
899933
899349
900498
900448
900498
900123
900498
900422
900422
895138
892272
900448
900123
900498
900422
900422
900123
900498
900448
890051
900498
900422
900448
900448
895138
900498
900448
900448
900498
900498
900498
900448
900498
884479
900049
900422
899933
891445
899898
900422
900120
900498
900123
900498
900123
896354
899012
900498
899898
900498
899933
900448
900422
896116
899898
900498
900448
900448
898562
896116
900422
900448
896116
900448
897868
900448
900120
900448
900422
899349
900049
899131
899582
900422
900422
900498
899131
900448
900498
900448
900049
900498
900498
900119
885572
900422
900120
900448
741147
900136
900498
900120
900120
900136
900120
900422
900498
891445
900422
900422
900448
900123
893553
900498
900422
900498
899933
900422
900498
900498
900448
900498
900498
900422
900498
900123
891445
900448
900498
899131
900498
900498
900422
900498
900120
900422
899582
900049
900422
900422
900422
900498
900422
900422
900448
900422
900422
900422
896116
900119
900448
869965
891445
900448
900498
860251
896354
900448
828349
900448
900123
900120
900448
900498
900422
899485
900448
900448
900498
900422
900498
900448
900498
890868
900049
900448
900422
900448
900422
891445
897397
900422
900498
899349
900422
900049
900448
900448
900448
900120
900422
900422
900498
900498
900120
896354
899131
890868
900498
900498
897655
900498
894455
900448
900049
898062
895281
900498
896073
900448
868008
900049
900448
900119
898062
900422
900049
900498
895587
900049
900498
900049
900498
900448
900448
896116
898062
900448
899933
900422
900120
900448
900498
898077
883469
900448
899898
900448
900049
896116
900448
900422
900123
900498
900498
900498
900498
900422
900498
897027
900448
900049
900498
900422
900448
900498
900448
899349
897310
900448
900422
900049
894455
900123
891214
900422
900498
899349
900422
900049
900422
900422
900422
671967
899349
900422
900498
900498
900498
900448
899131
869544
900422
900448
900123
899012
900498
899093
900448
900422
900049
900448
900498
900422
896354
900119
899898
900448
900498
900498
899131
900498
900448
900498
900448
900422
897397
900498
900448
900123
890868
899933
900498
900498
891445
900448
900119
895739
808609
896116
900049
899582
900498
900422
899933
900498
899349
900448
899898
900448
868008
900498
900422
900422
898062
900448
900498
900448
897220
900120
900422
899349
900448
900498
900422
900422
887841
885085
900498
900498
900448
900498
897226
900498
900448
900498
900448
900498
900498
900448
900448
900448
900448
897397
900422
900498
900049
900448
900498
900448
900498
896116
900422
900498
900448
900049
900049
766752
900498
900120
900422
900422
900448
900448
900498
900498
888509
890868
899582
900049
900498
900422
900448
899933
900448
900448
900448
900448
900448
900498
900049
900498
900120
865841
900422
900498
899131
899349
900498
900422
900498
899349
900448
900422
900498
899933
900448
900498
900448
900448
900448
900448
900448
900119
876395
900422
900448
900049
899349
900422
900448
900498
900123
654266
900498
899131
900120
900498
900448
900123
899349
900422
900448
891445
900498
900498
900448
900448
900422
899349
900049
899933
900498
900498
900422
784764
899012
900448
900498
900448
900422
900123
898296
900448
900448
900498
894873
900498
899349
900043
900448
900422
898270
900422
899012
900498
898062
900498
885085
900448
900498
900422
900049
900498
826820
900422
900448
900448
900498
888420
884879
887156
900120
900498
900498
900448
900422
900043
900448
900448
835337
885085
900498
896116
900448
899933
899349
900498
900448
900498
899349
900422
900498
900448
900498
891445
900498
900448
900049
900498
900498
900448
899349
900448
900448
900049
900498
893553
900448
899349
900448
900120
900119
900498
900448
900498
900498
900448
900049
900448
896116
900448
900448
900422
900049
900422
900136
900498
891445
900422
900498
900498
899012
900498
896116
899582
900422
899262
900498
900448
891445
899349
900422
900422
900448
896116
900120
900498
900049
900422
900448
899349
897027
888866
896116
899349
900120
900498
900448
900448
899898
900448
900123
900049
900498
900448
900498
900448
900123
900422
900049
900422
900448
900448
900049
900049
899349
900422
900498
900448
900123
900448
900448
900422
900422
900498
900422
900422
883290
899349
900422
900498
891445
900448
900498
900448
900498
899933
900498
900448
900422
887156
900498
900422
900043
900498
900498
900448
900049
900498
900498
900448
750467
900448
900448
888420
900448
899933
897477
900498
900049
900120
900498
900049
900448
900123
900498
900498
900448
900498
899349
900422
900049
899582
900448
900498
900498
900123
860251
900448
900448
900448
900448
900119
900049
900119
896631
897868
899349
900123
900498
900498
900422
900498
900498
900448
899898
900049
898296
818988
900498
900422
900448
900422
897027
900498
900498
900120
900422
899933
900448
896116
900498
900498
900448
900448
900136
900498
899349
897220
900498
900498
899131
900049
900422
900448
900123
900422
900498
871567
899933
900498
899933
900123
900422
898296
896116
900448
900422
900422
900498
900422
900422
900448
900043
899157
900498
885085
900498
900448
900448
900120
900498
900422
900448
900120
900422
900448
899131
900123
900119
900422
900498
900448
900448
900119
900448
900422
900448
899093
900448
900123
900498
900422
900422
900123
896116
899349
900123
900448
900448
900422
891445
900049
900448
900119
900448
900498
900422
900498
900448
900498
900448
900498
900498
899349
900498
900120
900498
900422
900448
900448
900448
613795
896116
899131
900498
876395
900119
896116
899012
886767
900498
900422
900498
900422
899582
900049
900448
900498
900049
890868
900422
900498
900498
898270
900448
900448
900498
900049
899582
900498
900422
900498
900448
900498
900448
899157
900448
846436
899131
900498
900498
900422
578803
896116
899131
900498
900498
900448
896116
900498
884208
900498
900422
898062
898270
900422
900422
900448
900498
899933
900422
900498
893312
894837
896116
899582
368206
900422
900422
898142
900448
900422
900422
900043
876395
900448
898832
900448
899933
900448
900422
900448
900123
900422
900422
900049
900422
900498
900136
899349
874329
900498
900422
900498
900498
900498
900498
900498
900498
900422
899485
899349
898270
900422
900498
898296
900049
900498
900448
856808
900448
900119
899131
900498
898296
900422
900049
900422
900422
900049
900448
900498
900120
900448
900498
900498
897310
900422
888866
900448
900049
900422
900498
900448
899485
900043
900498
900498
900448
900422
900448
900422
900448
900422
897397
900422
891445
900422
900422
899012
899582
900422
900422
900049
900498
900498
900120
900448
900422
900120
896116
900448
896354
900498
900498
900498
900498
900448
900422
900422
900498
900498
900498
900498
900448
900448
899349
900498
896116
893779
900498
900422
900498
900498
900498
900422
900498
900422
900049
900498
898296
900049
900119
900422
900422
896116
900049
900422
900422
900448
900049
896116
900498
900498
900498
900498
900498
900422
900498
891445
899349
900422
900498
898270
900498
900498
900422
900498
891901
900448
900422
900498
896116
900422
900498
893779
900498
892272
900422
900498
900448
900448
899131
900422
900498
898062
900498
890868
900448
900422
900422
900049
900119
900119
899898
900498
900498
900448
900498
900498
896116
898562
900422
900136
900422
900498
900448
899898
900422
900448
900498
900498
900498
900422
900498
900422
900448
900498
896116
900422
900422
891445
900448
900498
900498
894837
900448
900498
900422
900448
900448
900119
899349
900448
900119
900498
898270
899012
888420
900448
900498
900448
899933
890868
899349
900049
900422
900119
900448
897027
900498
900422
900422
900498
900049
900123
900120
900498
900049
900448
900422
900498
899349
900422
900498
899349
899933
899336
900123
900422
892884
900448
900498
900422
900422
899157
900498
900422
900448
892497
900498
900448
900448
900422
900498
900422
896116
900498
900448
899012
900136
899131
900498
900498
899582
887156
900422
899131
900422
900448
900498
900448
900448
899349
900498
900498
898457
898270
900498
900448
900422
900498
900448
899349
900422
900123
900498
900448
900123
885085
899131
900422
900448
900422
900448
900498
900498
900448
900498
900498
900448
899897
887841
900119
900422
900422
900448
896116
900136
900422
900049
900498
900498
900498
900422
894837
900123
900498
869338
900049
900448
900448
900422
900448
900119
900422
897901
900043
900422
900498
900498
900498
900498
900448
900422
900498
900498
900422
900422
900498
900422
900422
900120
900498
900498
900498
900422
900422
900422
900049
900498
900136
893529
695054
900498
900498
900422
900123
770037
880908
900448
897226
897655
900448
899582
897655
578687
888420
900049
897397
900498
900123
900422
900448
900448
900498
900448
880855
891466
900498
900448
900422
900422
900448
900422
900498
900123
900422
897027
900422
899349
900049
900448
900498
796312
891901
900448
900498
899485
900422
900123
900498
900422
900422
900498
899582
900498
900498
900049
899933
900422
900498
884598
899582
900498
900422
900136
881599
900422
900498
899485
900498
900448
900448
900422
900120
899131
900422
900422
896116
899131
890868
900049
900498
900498
900123
900422
899349
900123
891445
900422
900498
900422
891445
899131
900049
900422
900049
900422
887156
900498
900422
900448
900448
900498
900448
900498
895739
900498
900448
900498
896116
899093
900136
900498
900498
900119
897027
900448
879903
900422
900498
887156
896116
885427
881599
896116
900448
887156
900448
900448
900049
900448
900422
900448
900498
882137
900049
900448
900448
900448
900498
900123
900498
900049
900422
900049
891974
900448
900448
869538
900119
900123
900422
900498
900422
900119
897477
900422
900049
900448
900422
900498
899898
900422
900498
900448
900448
900448
899157
862122
900498
900448
900123
843345
900498
900422
900448
899131
900448
900422
900422
887156
899582
869544
900498
900123
900422
900123
900448
867263
900448
900498
899933
900498
891445
900498
890868
900498
900448
900448
900498
900448
891445
900448
900498
900498
900498
900498
900120
898296
900422
900448
866316
900498
899582
899898
900422
900498
900123
900498
900049
900422
900448
900448
883866
900422
900123
900422
897868
900422
900448
898062
900123
899933
900120
900448
898296
900049
900498
900422
900422
900448
899933
900448
900448
900448
900422
900498
900422
900049
900498
900498
900498
900422
900498
892355
900498
900422
900448
900049
900498
900498
900422
894327
900498
900498
900422
900498
900136
898062
900498
900422
888420
900422
900498
900498
900448
900123
896354
900422
900422
832860
900498
900498
899582
900498
900422
899012
900049
900422
900498
900448
896073
854322
900448
900448
900448
900498
900498
900422
900448
873703
900049
900498
900448
900498
900448
900422
896116
900422
900448
900422
900422
900498
900448
900448
900498
900498
900448
900422
900448
900422
900498
899933
898296
900448
864263
900422
900422
896488
900120
896354
900422
883469
900448
900498
900422
900422
900422
896116
900123
899349
900498
900422
900448
887156
900448
899933
900448
900498
900498
900448
900498
896116
900448
900422
900448
899131
900498
900422
900498
900448
900123
900498
896354
900498
900498
900448
494820
899933
898270
900448
899349
900123
900422
890868
900498
896354
900498
900448
900422
900422
896354
900498
899131
899933
900422
900498
900498
899131
900498
900498
900422
900448
895138
900448
499906
900422
900498
900422
900448
900498
898296
671967
900422
900422
788744
900422
900498
900498
894873
900422
900049
897226
899898
900422
900043
900448
900498
900123
900448
890868
899933
900422
900422
900448
368206
896116
900498
900049
900498
900448
899582
893779
900498
891445
900422
900448
900119
900422
899349
900498
900498
900422
900422
899582
900498
900448
900448
900498
900498
900498
900422
900119
900422
896116
890868
900498
900422
899093
900448
900448
900498
900123
900498
900422
894837
900422
900422
899582
900422
900498
900498
900498
900120
900498
900422
900498
900049
900049
900498
900422
900448
900448
899131
900498
900498
899093
900498
900123
858418
900123
834494
896116
900448
900498
900448
900422
900448
900498
900448
900448
891445
900119
883469
900498
900498
898077
900448
900448
900119
900498
897226
898270
899349
899349
900498
900422
897220
900498
900498
900498
900422
900120
893779
900119
900422
900498
900448
900448
896116
900422
900498
900123
900448
900498
900448
899582
900498
900448
900448
900498
900448
758631
900422
900498
900498
900448
900498
900422
891445
900422
899012
900448
900498
900498
900422
900448
896116
890868
900498
900049
900498
900498
900448
900422
900448
900498
900422
897655
900448
900448
900422
900498
896116
900498
900498
900498
900498
900448
895138
900448
900448
900422
756175
899933
900448
900422
900448
900498
900498
900498
900498
900422
900498
900049
900498
900448
885989
899582
898270
900448
900123
900448
900448
900498
900498
900498
899131
750467
900422
899933
900498
900422
900448
899131
900448
893779
887156
900498
898270
900448
891445
900049
900422
899898
891334
900498
896631
900422
900498
900498
896354
900120
900049
900498
900448
900448
900448
900422
900498
900123
900123
900448
900498
891445
892355
900498
895138
900498
899349
900498
900448
900422
900123
899131
900422
900498
899349
900422
900422
900049
900422
900498
900123
900422
900448
900448
900448
900498
900498
900123
900498
900123
900049
900498
900422
900422
900498
900498
900049
900049
900498
900498
899131
900498
897868
900422
900498
900422
900498
896116
898971
899349
900498
900422
900448
899349
899131
900498
900498
890868
900498
891445
900422
900422
890868
900448
821644
899131
900448
899349
900448
900448
900422
900422
900448
900498
900498
900120
834835
898270
900049
900448
900448
900498
900422
900498
900498
900049
900422
900498
900498
900049
900422
899131
899093
900498
900049
900498
900422
900422
834835
892630
900498
899349
900049
900049
900123
897220
900498
900448
900422
900448
900448
899582
900448
896116
900120
900498
891445
900422
900049
900049
900422
900422
900448
900422
900498
899131
896116
899131
900120
900123
896116
900498
896354
900448
900448
900422
769508
900498
900422
900498
900422
900448
900422
900123
895138
900422
900498
900448
900049
900448
900498
900448
900448
900049
900448
900448
900498
896116
900136
900049
900422
900448
900448
899093
900498
900123
899131
900498
900123
900422
900498
900422
892272
871567
900498
883469
900422
900448
900422
899131
899933
899349
900422
900422
900422
877813
900422
900498
900123
900498
900498
900498
900448
888883
876395
897083
897027
900422
899898
879084
900422
900498
899582
895138
896354
900123
899349
899093
892912
900498
900498
899131
899131
900422
900422
900448
899131
900422
866034
899012
900422
900448
900136
900422
900498
900123
900422
900498
900448
900049
900422
900422
900448
900422
900448
900422
900049
900123
891445
900498
900448
900422
900120
900422
900119
900049
900119
900422
900498
890988
899933
895138
900448
900448
900498
900422
900123
900498
899485
900498
900498
900049
893779
891445
900498
900448
891445
900498
900422
900498
900498
900498
900422
900119
899131
900422
899349
900448
900498
900049
900120
900498
899349
900119
896354
900498
899349
891445
900498
900498
900498
900448
900123
900498
900422
900448
900448
900422
900422
900422
900422
900422
896116
900422
900123
900498
900498
900448
896116
900448
900498
899582
900049
900498
900498
900498
896116
900498
900120
887156
900448
899093
899131
900448
900448
900049
900498
899093
900448
900136
900123
900448
900422
900422
900422
900448
900123
896116
900422
900498
868148
899093
900448
898062
900422
900448
900422
900448
899157
900422
900123
900498
900498
897655
900448
900422
900448
900123
899485
900119
900422
899349
900448
900422
900123
900422
900498
900043
900422
900422
900498
900498
872358
900498
900448
900422
896116
899157
900448
900422
900448
900498
900422
900448
900498
900422
900498
900448
900448
900448
900448
900136
893779
899012
897868
900049
900498
900422
900448
900448
898142
899349
899898
896116
899349
900448
900498
896631
895138
879816
899012
900422
900448
900448
705151
900498
900422
900123
899349
899933
900123
871567
900448
900049
896112
900448
900448
900422
885572
900448
900448
900498
900448
900498
890868
900422
900049
900422
900049
900448
900448
900498
900123
900043
900498
900123
900049
900049
900049
900498
900498
900448
900422
900498
900422
900498
900498
900448
900448
900422
900498
900498
900123
900422
900422
896116
900049
896116
900422
900123
900448
900498
893779
900498
900498
900422
900422
900448
900448
900123
900422
899933
900049
900498
898062
900498
890868
900448
897655
900498
900049
900422
900498
900498
897551
900498
900498
900448
895736
897226
900119
899131
899582
898562
900049
900498
900422
900498
891445
900498
900448
900049
900498
896354
898077
900123
900498
900498
900448
900448
900448
897477
900422
900498
900498
895281
900448
900448
900448
900498
899898
900123
900043
895138
900448
899349
900448
900448
900422
888509
896354
899582
900448
900422
900422
899898
900448
900498
900448
900448
900448
900498
860251
900422
854786
900498
896116
900448
900448
892355
899349
899582
899582
900498
900422
899093
900498
900119
896354
898562
900498
878191
792525
900422
900422
900123
899933
900448
900049
900498
891445
900448
900498
900049
900498
896116
900498
900498
900498
900448
900120
900498
890868
900448
900448
900448
899349
900498
899093
900498
900422
900448
900498
900448
900498
900448
900498
899898
900498
900123
900123
900448
894455
900422
900123
900498
850477
900448
900498
900498
900448
900422
900422
900498
900123
900498
900422
900422
900422
899898
900043
898270
900498
900049
900119
900498
900422
899131
900422
894327
891214
900422
895138
900498
900422
900422
900448
900049
900498
900448
900448
900049
900448
900448
899093
900422
900498
900422
900448
900448
899131
900422
900498
900049
900498
900498
900448
899933
900498
900422
891798
900422
900498
897901
900498
900498
900498
900448
900498
900422
900422
899131
899336
900498
900448
900448
900498
900422
900123
899485
891445
900498
864721
900448
900498
900448
900498
900422
899582
900498
900448
891445
900498
893779
900049
899933
899131
900498
900498
900422
900422
900498
900422
900498
900422
900422
879934
900498
899485
900498
900049
900422
900422
900422
900498
900422
898062
900448
900422
900422
900498
900422
900448
900120
900448
900448
900049
900422
900448
900448
900422
900448
877314
900448
900448
900448
900498
900422
900136
900498
900422
871567
900422
891445
900119
899349
900448
900498
900123
900422
900422
900120
899093
900049
900422
900498
884103
899898
899582
900498
900422
899582
900422
900422
900498
900422
900422
900448
898296
900498
900123
900498
900448
900422
900448
900498
900448
900422
900422
900498
899582
891445
884334
900049
896116
896354
900049
888509
900422
900448
896116
896116
899933
900119
899131
898296
899933
900498
897397
900123
900498
899898
900498
856808
900448
900448
900498
896116
899012
900498
900498
900422
900498
900498
900422
900123
895587
896116
900422
900422
899157
900498
900498
896116
900123
900049
900498
891445
900498
892993
891334
900498
900448
900043
368206
899933
896354
899012
900448
900498
900448
900498
900498
900049
900498
900120
876395
900448
900049
891445
900498
900123
900498
896354
900422
899131
900498
900448
900049
900448
900498
900498
900498
900448
900448
900448
900498
900448
900422
900422
900422
900498
900448
900448
900049
900422
900422
891445
900422
899582
900498
900049
900498
898040
900498
900498
890868
900422
900123
900123
900422
900448
876395
900119
900498
900422
900498
900448
900498
900448
886229
900422
900498
893553
900422
899582
900448
899131
900448
900422
899349
885427
899349
900422
899349
900448
899582
884479
900422
900422
900448
895138
900448
896116
891445
900448
900448
900422
900422
900448
898270
900049
900498
900498
900498
900422
900498
900448
900448
900049
900448
900049
900498
887156
900498
900422
900448
866316
900498
871036
885085
900498
900422
896112
893780
900498
895587
900498
898062
890988
900123
868008
899582
900448
900422
899933
900448
899933
897226
898562
900120
900448
887156
900422
900498
896116
900498
899131
898077
900049
890868
899349
900498
900422
883290
900448
900422
900136
900448
900498
900498
900422
899582
891445
900498
900498
900448
900448
900123
896116
900498
900498
900498
900422
900448
900422
900422
728856
900049
900120
900422
898562
900049
900498
900120
900498
900498
900136
899933
888509
900448
899485
900448
900448
900448
900422
900422
900498
899898
900498
900422
900448
899349
900448
900448
899582
900448
899485
900049
900498
899582
900448
900448
900498
900498
900422
900498
900448
898562
900120
900498
900498
900422
899349
896116
900448
900498
897655
900448
900498
900448
900448
900123
900498
894837
900448
900049
900422
846436
872358
899933
891445
879084
895138
900049
900422
899582
900498
797107
897220
900498
900448
900049
900422
900123
900498
899093
900448
900498
900498
708706
900422
882499
900123
900049
899933
896116
899933
900498
896116
900422
900422
900448
900448
900448
900448
900498
900049
898062
900422
900448
900498
899131
900498
900448
900498
900422
900448
900123
899093
900120
900123
900498
900498
900136
900422
900448
900422
900448
900448
900498
900422
900422
900422
899349
900448
900448
896116
900123
900498
900123
900049
900498
892355
900422
891214
900422
900498
900448
900422
900422
900448
900422
899582
896116
900498
900448
900448
900448
896116
898296
900448
890868
900498
899012
900422
393292
871567
900448
900498
900498
900049
899131
741147
900498
900498
900448
900448
900498
900498
900448
900448
900498
900498
899349
900422
900049
900498
900119
899933
900498
900422
900422
900448
896116
900448
896354
898562
898296
900448
900123
897226
900498
900448
900448
900498
875374
887156
900448
900043
900498
899933
887156
900120
900448
900448
891445
899485
900448
900448
900123
900049
900422
898270
900422
900049
871567
900448
900422
898562
900119
900498
900119
900498
900422
900422
900498
900119
900422
899582
900448
900422
900498
900448
900498
896116
896116
900498
900120
900422
900049
900136
900422
900422
899336
900448
900123
900448
900498
896116
900498
900448
900422
900498
900422
896116
900498
900448
900049
891901
896354
900422
900422
900498
900422
900448
900448
900422
900498
900120
900049
900498
900498
900498
900448
900498
900136
899582
900422
866034
900448
900498
900123
900448
899582
899093
900498
900448
900422
891445
900448
900049
892355
900448
899933
900448
899349
887156
900120
900448
900422
900498
900448
900422
891445
900448
900422
900498
900498
900422
900448
900123
900498
899582
900049
900498
896116
900422
890868
900448
896354
900448
898296
701974
900422
900422
895736
900498
900448
900498
900498
900422
900448
900448
900049
899349
900422
890868
884334
900049
900422
900123
900422
900448
900448
900498
900498
900136
900422
900498
900498
900448
869544
900498
900422
900498
900422
899157
900448
900448
900422
887156
900498
900422
854987
900448
900448
900120
899131
900043
900448
900498
899349
900422
900498
900448
900498
899898
900422
900498
900448
900448
900498
900498
900422
900498
897477
899582
897083
900049
900422
900448
900498
896116
899157
900136
899131
900498
896116
900422
900123
900123
900043
900422
900498
900498
900498
896073
900448
900422
900422
899336
900049
900049
900422
899933
900422
900498
891445
900448
900422
900498
896354
900043
900498
899349
900448
900498
790715
900498
897868
900448
900498
898562
900498
900498
900448
891445
900119
900422
900498
900422
900498
900448
900498
900498
900448
900123
900049
900498
896116
900448
899349
898062
900049
900422
900498
900498
900049
900422
900123
900422
869544
891445
896116
900448
891445
886229
900448
900498
900422
900448
876395
900049
900498
900448
891445
900498
900422
900448
900049
900498
900422
900422
900498
900422
900120
897027
900498
798238
900448
898296
900049
899933
900136
900448
900498
900123
896116
899933
900049
900498
899349
900498
900498
900498
900498
900498
900448
899157
869538
900422
900448
900120
900123
860251
900448
900422
900448
900448
900498
900123
900448
900448
900498
900120
900422
900049
900498
900498
900422
899349
900043
900448
900498
900498
900448
891445
899349
900422
871567
900498
900498
900498
900498
900448
899349
900448
899131
900448
896116
900498
900448
871567
899131
900123
899582
900498
900422
899131
769737
891445
900498
891445
900448
900498
900448
900422
900123
368206
899349
900422
900448
900043
900422
900422
899349
900043
900422
900422
897116
896116
896116
897027
897083
900498
900498
880939
900498
900498
900049
900422
900448
896116
900422
900448
900448
896354
900136
900422
899582
891445
900123
900448
900422
900049
900448
900422
900498
899349
900448
900448
900498
900422
900498
900498
900498
900136
899582
898270
899093
900498
900448
900498
900422
896116
900422
899349
899582
900422
899131
899485
900448
900120
900422
898562
899898
860251
900422
900498
900498
897477
896116
900498
900422
900498
900422
900123
896116
900422
900448
900422
900448
899582
900049
900422
900498
900448
900422
899349
900422
900498
900422
899131
900422
900498
900448
900422
900422
895138
900498
900422
899582
891445
896116
900498
900498
897655
899157
900049
900498
900498
900498
900498
900049
893553
900498
900448
900498
896116
900136
900498
900498
900498
896116
900422
899093
896116
895281
900422
871567
900498
900498
900123
900448
900498
900498
900498
900422
900498
900422
900498
900448
900422
899131
898062
900498
900448
899349
900498
900422
900498
900448
899131
900123
900498
900422
900448
900498
900049
900123
869544
900448
900049
900448
900422
900123
900448
900119
890868
899349
900448
900119
900498
900422
891445
900448
900498
900448
900498
900498
899349
900498
900136
900498
900498
900448
900448
900448
900422
900498
896631
900448
802742
900448
900123
900498
890868
900422
900498
900498
899131
900422
900498
900498
899349
900448
900123
900498
900422
891901
900448
897083
898832
900120
896116
900448
900422
899485
900422
900448
898270
900498
900123
900498
899349
888227
900123
894703
899012
900123
900123
900448
900422
896354
900498
891445
900049
900136
900448
900422
900422
899349
900422
900448
900120
900498
900498
896116
898142
900498
900498
900448
900498
890868
900448
900498
900049
900123
899582
900498
900448
900422
900498
900498
899898
900049
900498
896354
900498
900498
900498
900123
900422
900448
900448
900448
900448
899933
900498
888420
900498
900498
900422
900498
900448
900448
900448
900448
900448
899582
900120
900498
900498
900422
900498
896116
900498
896116
900136
900422
900136
900498
900448
900422
900123
900448
900498
900498
890868
900422
900422
900049
900448
900448
900448
900448
899131
887156
898296
900448
900422
898270
900448
891445
900448
900498
900422
900448
900448
900498
900123
900498
900498
900498
900049
900448
896116
900498
885556
900422
900422
899349
896116
898142
871567
900422
900448
900448
900043
900448
898562
900422
900498
900422
900422
900049
900498
899131
900448
900422
899582
900422
900498
900049
900049
900422
900498
900119
900422
900498
892920
900448
899349
899933
900422
900123
900448
798238
900422
900498
891445
899349
900422
871567
900498
888420
900422
860251
899012
900123
900123
900498
837140
900448
892355
900120
900123
900422
885427
900448
900498
900123
900498
816932
890868
900498
899349
900120
900498
900498
900498
900498
897397
900448
900448
900422
899131
900422
900120
899582
900422
895739
900498
897397
897226
900448
900498
876395
900448
900448
900422
890988
900448
900422
900498
900422
900043
899349
900422
790801
900448
900422
900498
900498
896116
900498
899349
896116
900422
900422
900498
900448
900422
900049
900498
900448
900448
900498
900448
900422
900498
899131
900498
899349
900498
900422
900120
896116
900448
891445
900498
900422
899349
900498
891445
900498
900049
900448
900422
900448
900049
900448
900422
900448
900448
900422
896354
900448
900498
866316
900422
896116
900498
899898
898296
900422
900448
900422
900498
900498
900049
900422
900448
900448
900448
899898
899131
900498
880855
900498
900422
898296
900123
900448
876395
891445
900119
900422
900448
900448
900422
900448
900448
900448
790801
900448
900498
900498
900049
900422
900422
900498
893529
891445
900422
900498
900049
900498
900498
899898
900498
900498
900448
900123
900448
900422
719695
900422
884479
900422
900448
900448
891901
900422
900448
900422
900422
900422
900498
900123
900498
900498
900422
900498
896116
895138
900049
900422
866034
900448
900498
900049
900498
900448
900498
860370
900049
900498
900448
900498
900448
889805
900049
900498
900448
900448
900422
899157
808609
900448
900498
891445
900498
900448
900448
900422
900498
900498
900498
891445
900422
900498
900498
900448
900123
900119
900448
900448
896116
900448
900448
900422
900422
900422
900123
896354
900498
900422
900422
900498
900498
900422
900448
899349
900422
887156
900422
900498
807867
900422
900136
900422
900422
900498
899131
885918
900448
900422
900498
900123
900136
900422
896116
900448
900448
900498
900498
899349
900498
900448
891334
900049
900498
900448
900422
899349
900498
900448
899131
900498
900448
900422
900422
892349
900123
865709
900498
900498
899349
899933
900049
900422
900498
900498
900049
899349
900422
889039
894636
900422
890868
900448
900448
900498
900043
900498
900448
900498
891445
900422
900123
900498
900422
900119
900422
900448
900120
900119
900498
900498
900123
900120
894636
900448
900448
900498
900448
900123
900498
900448
900448
896354
900422
900422
895138
900120
896116
900119
899898
900448
891445
900422
900422
900448
900448
900498
900498
860251
900448
900498
900422
900422
900448
899933
900498
900422
900498
900422
900120
900448
883469
900136
888420
900498
900448
900123
897226
899349
900136
891901
900422
899349
900498
900422
900448
900422
900422
900498
900448
891445
898270
900498
900422
900498
900448
900498
900498
857369
900448
900120
900120
900448
900448
900448
900422
900498
900448
900448
833965
900123
900448
900123
900123
900422
899012
900498
900422
900498
900448
900422
900498
900422
900422
900498
900448
900422
899349
900422
900448
900422
899093
890868
900498
900448
900498
900498
900498
900448
900498
900049
900123
900498
900498
900422
900422
896116
900123
900498
900448
899933
900422
900498
900422
900422
899131
900498
896116
900498
900448
900049
887156
900498
896116
900448
890868
900049
900123
900049
900422
900498
900049
900448
900422
900049
900049
899349
900498
900422
896116
900448
900049
900422
900498
891445
900049
900448
900448
899131
900498
900448
898562
900498
900498
900422
900448
900448
900422
899582
900498
900119
896116
900422
900498
900422
900448
890868
900448
900448
892349
899131
900498
900448
895138
900448
900119
900498
900123
898062
900422
900448
849242
896116
897226
900448
900448
900120
871567
900498
900422
900422
900448
896116
900049
900498
900448
900448
900448
899093
900422
899349
900498
900422
899349
900498
900448
900448
900498
900422
900448
900448
900422
896354
900498
899349
890868
900123
900498
900448
900448
900448
900049
900422
896116
900498
900498
900422
750467
900498
900120
900422
900448
900123
899933
900043
900422
896116
900049
900119
896116
900498
891445
899898
899349
900422
899582
899485
900422
900448
900498
900422
900448
900422
900498
900498
895138
900448
900498
900422
898142
899349
882539
900448
900448
900448
900498
900498
899131
900448
830161
900448
900498
900498
897868
900498
900123
900448
900448
900498
900448
900448
900123
900422
899349
900422
900422
900448
900498
900498
900448
891445
900498
900498
900119
866034
868008
898562
900448
899262
900498
900049
900498
900448
896116
900422
900049
899012
900448
900422
900498
899131
900422
900498
887756
900448
900498
900448
900448
900422
900422
900422
900422
900498
900448
900448
900448
900498
884879
900119
891901
896116
900049
889039
900123
835231
898142
899093
900422
900448
896116
900422
900448
900448
897116
900422
900498
723426
896116
900136
900498
900422
900119
900448
900448
900049
900498
900120
899582
900498
899582
900498
900498
874859
900448
900422
900422
900448
900498
900119
900498
900422
900422
900448
900498
900123
899093
900422
900422
900448
832109
900049
900120
900123
900123
900448
900448
900123
900448
899582
900422
882867
900123
900498
891445
900422
900422
900448
900448
899093
900448
900123
900422
900448
900498
900498
719243
900448
899349
895138
900422
900123
900498
900422
896116
898270
890868
900498
900422
900498
900422
900049
900448
896116
900498
900422
899898
900448
900422
900498
900422
900422
900498
900448
900049
900049
898040
900448
900498
897868
900120
900498
899582
900049
900498
900498
900422
900422
900498
900498
900448
900422
900498
899898
900123
896116
900498
897397
900448
900422
900422
899582
900049
899349
900120
900448
898270
900498
885085
897220
897226
897027
900448
899582
900498
900422
900422
900422
900448
900448
896116
900498
879934
900448
890868
900422
900448
900422
900448
900498
900422
900448
900448
899582
893442
900448
900422
900448
900498
899349
900049
900498
900498
879084
900498
900498
900422
894327
899582
900123
900119
900422
900422
900119
899582
900422
900049
900119
900498
900123
900422
900049
899933
900498
900422
900448
900448
900119
900422
900498
887404
900119
900448
900498
900448
900498
900422
900498
900422
900123
900422
900448
900498
900120
900498
884334
899582
871571
900498
751695
900422
891901
900120
895138
900422
900448
900498
900422
900422
900498
900448
900448
900448
900422
900422
900448
900043
900498
899898
854786
896116
900049
900049
900422
900448
900422
900498
900448
900498
900422
900448
900498
900498
899349
900498
900120
900498
898270
900448
900422
900422
830161
900498
900498
899157
900422
900448
899349
900448
900448
900448
900498
899349
900422
900498
894837
900422
900498
896116
900448
899131
900498
900422
900422
897868
900448
900123
900448
900136
900498
900448
900448
900448
900448
900498
869773
900498
896116
900422
900448
900422
900498
900123
900498
900448
900498
900498
899131
900422
900498
900448
900123
891445
896116
900422
899582
899093
900498
900422
900123
900448
900422
900448
899131
896116
900448
900049
900422
900422
900448
900422
900422
900498
900498
900498
900043
900422
900120
900422
900498
900498
899582
900448
900448
899131
896116
900498
900498
900422
896116
899898
900422
896116
900422
900123
900498
891445
899131
900498
900498
900498
900422
900448
896631
900049
899349
900422
897868
899933
900448
900498
900498
898296
899898
900119
900049
900120
900422
900422
900422
900498
896116
899131
890988
900049
900422
900049
900498
900422
900422
900049
900448
900448
900498
900498
897116
900498
899582
900498
900422
900498
900448
900448
900049
900498
898296
900498
900448
900498
900448
896354
900498
898296
900123
900422
900498
878180
900498
899349
900448
900448
857117
896116
900498
900422
900498
900448
900448
900498
900422
899349
900498
900422
900422
899012
899485
888509
899349
900498
899131
900498
899898
900422
900448
900422
900120
900422
900448
900498
818988
894638
900123
900422
900498
900498
900498
896116
900448
900498
900422
900422
900448
900422
900498
900422
900049
900448
890868
900498
900448
897220
900448
894455
900498
900422
900498
900498
900498
900448
900448
900448
900498
900422
900498
877813
900422
900422
900136
900422
900123
900123
900422
900498
900448
896354
900498
894873
900049
900498
900498
900498
900448
900422
900498
900498
900498
900498
898040
900498
890868
900448
900049
899131
900448
900123
900422
899933
900448
900049
900120
900123
900498
900498
900498
899349
899485
900448
899898
900448
900498
900448
900049
900448
899157
900422
900049
896116
887156
900498
897477
900498
899933
900448
900498
900123
900498
900422
900448
900123
900119
900422
900498
900136
900498
899933
900422
897551
900422
900422
900422
900498
900498
899349
899336
900498
900422
900422
891445
900498
900448
900498
900498
900498
900448
900422
900498
897901
900448
899336
896116
900498
900498
900422
900448
900498
900498
826904
896354
899093
900136
900498
900498
899933
900119
896631
898562
900119
900448
899933
900422
899349
900123
900498
900498
891445
898270
900448
900448
900422
899131
900448
900422
900498
900498
900422
900049
900448
895736
900123
899933
890868
900448
900498
900422
900498
900498
900498
900498
900119
900422
900448
900498
900422
900498
900498
900498
899933
900498
900422
900498
899933
900422
900422
900422
900448
899131
900123
899349
891445
900448
885085
900422
900498
900448
900448
900448
900448
899349
899131
900498
900448
899898
900448
900498
900448
900448
900422
900448
891445
900448
900422
890988
900119
896354
900498
876897
898296
900422
896354
899093
899349
899131
900123
900448
899933
900498
900422
899131
891445
900448
899093
900448
894455
900422
899933
900498
900422
900448
900422
896116
900448
900422
900448
900422
900120
900448
900119
900422
900120
900049
900422
900498
900448
900448
897655
900422
900448
900422
896116
900422
900498
900498
896073
900498
900422
890051
898296
900448
900422
896116
900498
899349
900498
899582
900422
900448
900448
900498
900498
900498
900498
873703
900448
900498
899933
900448
900498
900422
900498
900498
900119
900498
900123
900448
900448
900422
900498
888509
900448
900498
900448
900123
897027
900498
900422
869544
900422
900448
900498
900422
900498
899582
900422
858418
900498
900422
891901
897397
899093
899349
900123
899349
900448
900498
900422
900422
900422
900120
899349
898142
900422
900498
896116
900422
899131
899582
900422
900123
900448
898062
900448
897655
900448
866034
900448
900123
900448
900422
899582
900422
898971
900498
898296
900498
890868
898062
900498
890868
896116
900123
900448
900448
900498
872358
900119
900448
879816
900498
900123
900498
900498
900448
895138
900498
900498
900422
892355
900422
900498
900498
900448
900120
900422
900498
900422
899093
900448
900498
900498
900448
900448
900422
896354
900119
900498
900498
900448
900448
899093
900448
900422
900422
900422
900422
900448
900422
900448
900448
900422
891445
899582
900448
900422
900498
900049
900448
900498
900422
900422
900448
900422
900498
900448
900123
900448
900448
900422
900422
898270
897397
900422
899012
900498
900498
897226
900498
900422
900498
900498
900422
900448
900448
900498
899131
900422
897027
900422
899349
899349
898296
885085
900448
900498
900049
900498
900498
900123
896116
900043
900498
900422
717317
896116
900498
900049
900049
900498
898062
900123
900498
900422
632284
900448
900498
900422
900049
900422
899349
897397
900498
900422
900049
890868
900448
899582
900422
900498
900448
899131
900448
900422
900498
900049
900498
900049
900498
900498
900448
900498
900498
900448
900119
900422
900498
900448
900448
896116
900448
900049
900049
900498
900049
900448
900422
899933
896116
899349
900422
900123
900049
895281
900123
900422
900498
900422
900123
891445
898296
900422
899012
900498
900422
898296
890868
900422
897551
888509
900448
900049
900422
900422
900422
899933
896116
900448
900498
900119
900120
900498
900422
900422
890988
900448
900498
900448
900498
900448
898062
900498
900448
900049
900498
900448
900498
900119
898142
899093
900498
899485
871567
898296
883469
900119
890051
898270
891445
900448
900422
900049
896116
900498
900049
900422
900049
900049
900422
900498
900498
900498
900498
900119
900498
900422
900422
900448
900123
900422
897477
899131
898062
900120
900422
900498
900448
900049
900422
900422
900422
900448
900422
898296
900049
900498
900136
900120
900049
900498
899157
900498
900448
899582
900119
868465
899933
899898
897551
873703
900498
899582
900498
900422
900498
899131
900498
900498
898270
900448
900448
900448
900448
891445
900498
900422
900498
900422
900448
899336
900422
900448
897220
900422
900422
900498
900448
900448
900422
900448
900422
896116
900043
900422
900448
900448
900136
900422
900498
900422
900498
900448
897027
900422
900448
900448
900422
900498
900049
900448
899336
900448
900498
900422
900448
898062
899582
900448
899923
891445
900422
900498
900498
900448
900448
900422
899131
900498
900498
896116
899262
900422
900123
900498
900498
900448
900422
899582
900422
900448
900448
900422
900498
899157
900422
900498
900498
897655
900448
900123
900448
900448
900498
900448
900422
900422
899157
900448
900422
900448
895138
900422
900498
900498
900448
896354
900422
900123
896116
900448
900123
900498
900119
900498
900422
900123
900422
900448
899582
898062
900498
900498
900498
888420
896116
900448
900448
898562
900422
900422
900448
900422
900448
900448
876395
900498
879084
899093
900448
900422
899349
900123
898971
900049
900422
900498
900498
886376
900422
900448
899131
871567
900448
900448
900136
900498
900448
900498
899582
900498
900448
900498
900448
899131
851200
897655
900498
900498
900120
494543
