100
1
19
23
2201
12000
2002
2200
990000
9999
4
29
11011
10999
100000
999991
1998
11000
30
989999
2000
1000000
101001
2001
999000
91
9
7
111
1001
1111
12
900001
900000
1999
11101
31
999
990001
10011
201
1099
999001
32
900
1024
101000
64
102
99000
10110
11110
2101
10
100001
1110
19
10111
22
901234
987654
999998
345678
999901
10001
999999
200
199
101
2100
999900
567890
11001
100
11111
899999
20
10000
99001
789012
999989
11
99
10100
11010
7777
21
999990
1101
901
10010
110
11100
262144
999899
998999
1000
12001
1100
10101
90
