932
160601140
695328215
539916446
607521641
975456814
258396577
470466484
809205531
639721414
522251389
311303844
439638827
871187424
109551569
136073534
328843435
154042597
109002918
799981474
127358657
726364281
985274258
593861107
995385527
898061000
703339429
357813893
274236032
181893937
349879687
600349467
118868706
20890746
772311736
844240699
454446617
433203
976410869
637917621
866229899
696507002
411954141
205392780
718029232
525654579
807309588
919654114
769204065
151358336
410754407
306305802
558960427
305238691
432882057
604100543
692231759
367323268
105606107
102627051
498000110
371329406
704563706
495390446
63146666
766300384
478249076
972078079
42931737
835438097
532618318
387268159
262562474
924691525
233692736
541314329
642211528
855892960
95247851
205430196
32138
931194815
446895036
829192740
112424528
116719592
511432342
941597498
764267276
297899266
284030631
352792119
879199867
828152874
850743901
13909185
45874867
171801301
615845369
667055828
753409434
116656401
342165222
306237594
512927774
948122943
204624998
344379390
778857817
604261124
563623673
346428393
396290086
464771161
877761260
548316088
957607435
353991332
487344292
347049894
223120770
222306528
536664648
146504464
75339225
3800980
870242989
382271784
748183169
199065117
156047963
349227561
670907429
560888768
279602108
418928042
602214040
355564799
861368928
113529203
478743009
982831651
858144798
743703404
682604696
193280048
111223674
520209736
119751564
791356117
841566251
589130656
77497272
374886465
842220166
815903576
244553031
586402803
436257415
727256167
994558205
864893228
402353408
573454754
458287373
697295244
644606818
664531508
70612535
984428242
123416361
797966925
69269650
256535001
772544583
322066361
237627131
443494720
724838569
568712043
500685137
895624345
907676099
520120445
778657360
433681021
522287527
410255397
672982485
253055611
315773783
456739367
786675189
652468663
995238037
556713250
485325218
445903330
988814343
414007444
219315791
971599055
129151056
233258478
590690066
847953332
678842650
317682157
687460038
980810897
893662750
34592411
311351792
848379360
757924442
207273985
998612165
613779983
324054793
241242543
22821254
727881705
356984059
926904165
47544852
786736180
431351162
438476846
629881007
883553669
231643406
23886713
882196168
365257147
123022253
181651427
945238021
91263662
489988526
810557251
871031724
695809936
710870055
408674930
374563767
894214735
551809903
668168433
926160098
818152945
16626896
266678772
972099195
328537204
480733520
274157438
203621810
37781451
985670672
923466539
322393460
679521543
649522595
796573375
385713203
359003529
742696313
187141788
877274503
867401522
387635410
645640681
344727420
192486596
592926391
694830594
393430414
678614007
568655062
42967987
173181516
970158921
293249568
916836790
45647462
923234615
187243159
246597610
210180608
930388851
126795518
414879671
377626216
204018032
868238078
635812680
870314231
380787468
17117871
114522390
567966885
903777614
110219022
468572391
412808135
906797016
82888867
706902402
458620437
424996160
984847881
134518811
684639955
956591295
461867894
789094693
722864071
783480627
120870888
257907080
182190308
716845117
929919002
667890
210766453
126241612
301583733
715998186
926941541
108990802
850670376
37125845
280406671
258160233
899137428
751063437
206844881
569469933
249375353
869206611
850265812
250952020
204255392
543957896
322152772
21455499
746172577
699989694
490791049
811465155
926464387
892720017
964909012
56237339
887890642
727765525
960350360
968082147
232005275
422434915
394501277
67268409
877572395
921631665
262495401
139619008
279534963
311019280
872764122
76664887
427319101
205959087
189689578
83565688
726829753
53322203
756508963
697466997
193954899
42844174
849315270
339823916
458389780
224796872
227823830
423053558
398880795
960348448
518813646
494633955
21041431
352275929
560140998
795981782
425073311
685462800
627792741
259655698
939354072
761355793
465481862
166298718
935011883
534700700
756389078
150959878
132675851
277268872
973378467
573372555
121897072
737275428
415487406
857757678
507148632
888647240
612726998
847665386
698103253
339290637
905230130
111368080
140715586
911561835
102006024
950039978
546858581
791826209
438551135
640707957
186247245
235711955
784926066
963928156
241691657
773529064
172800710
68148699
870117210
917055288
909482299
659133463
501454341
605461688
942650182
322465511
968917350
311800858
831345747
238501831
193885457
591583510
628006529
637170408
722035310
393077597
786731303
721610502
830848226
936829001
992054411
471264077
797121982
381597970
94396929
126512676
492873923
433886745
170870937
245385462
111601993
300972801
971207676
725329026
746272629
147321419
833726227
304064465
993054914
518526019
928435944
786349843
489605635
438408035
326299095
942154894
727362711
243998633
478932647
909718374
274044020
439501531
974265417
382264517
818642540
111938817
195045844
787096074
649885917
880918741
955686287
878928672
789128967
876321065
169078961
762392765
818695814
628600433
552190658
906075384
568040239
987974392
555992750
732263194
717281916
580647427
516908810
361622044
479656128
988622823
678053879
478300618
545556868
927073994
859555009
382487154
713470463
46377185
434883214
789120455
186362190
440293737
336011876
965258368
586153532
108141718
223626275
33891995
729364718
490636737
688120387
750466643
775077210
946408021
523036485
795308978
666709271
594754079
353405004
95344748
617378350
198588347
573646661
1831987
670874897
976738820
976718668
843077380
686742314
794822174
629045703
899270940
151368050
333980546
68383122
529054472
599632162
182923843
88117495
246993437
507347791
565983528
757964244
100443106
917677346
85821263
44378946
449967682
476510605
827564119
601218102
678573478
694817865
882499734
948324510
896603453
324857520
709408570
265621595
628254806
103158453
737265135
909785414
270475000
89310429
995366891
942588372
680847521
676047823
406678806
803060845
94925942
415902693
256047254
102109954
419058991
14790447
835391503
274475797
443365477
549330728
835636030
819062657
471862039
521129149
816193613
140343474
998108104
176317554
108942279
61503444
68337294
864732425
450419914
309047848
428042680
570916085
746406842
789674366
139855354
130570259
445404701
184279438
779215369
407229521
464556555
19774191
116624495
652155196
3535037
893056245
571602334
688724883
944797924
338577225
603353038
438267907
411505688
365074900
374232080
405395725
496850364
268608854
933862506
635405840
148108572
784938582
569294556
990118389
305708975
175274449
523806272
741770197
196925453
763810247
719234399
1131433
70244102
382867080
249557550
613010563
78496171
498745372
159471314
374372698
918209173
974618018
565262037
763069213
93546610
856520433
425726868
716991235
496005810
582217329
576407016
933124194
287867221
552374112
222221062
152861243
328023710
204684081
818294262
524334700
250591073
471297772
634231656
831852288
754630238
879315897
785868603
138681363
398123205
994704843
747121876
880766735
20392999
624597722
108795170
183062821
705787047
257666090
705134632
739070858
268430376
391583315
342975112
717783939
576919550
893115784
108050145
879054380
85937815
739077717
748633611
466403777
546727003
537836749
986661065
512100428
325474078
105253643
449040546
85116053
578515572
10943088
690898494
205963580
140980319
257815029
805116861
840432974
224037754
764135390
284348303
227627819
285138163
902505851
68153117
729180119
277345395
687926222
702028682
618964249
159782254
525369132
777498202
206656820
350080649
221398027
150137730
157745086
718751636
812678006
402875058
790751892
182733113
974939608
401460100
300226611
909052639
704133422
64894503
632279767
777454735
674435827
951441582
195109971
765240627
869761777
734092996
378649220
700926669
341745441
107822480
331084115
528753412
684493582
157278784
159467611
341975542
241119019
9269753
629963695
52607720
931916079
341905826
623377552
22373626
967269716
228360496
818768705
837638269
72306340
959231396
14575784
924887423
978520874
83855755
204858904
864761357
380588164
376543870
118436463
67352125
589421035
89438910
984814622
646716552
378114865
62274194
103271180
881137293
863112911
718115265
63864849
141736974
300469788
272708013
313203913
558873159
271647947
622778058
426946346
556561929
1600383
181210335
986954521
627411533
831031199
425125188
718346478
288993078
617615692
950189407
363102388
842321965
161664970
431189566
560764318
452006559
97199267
348191919
70467386
369016236
417244599
351422426
708749159
179499088
811750886
690997116
138848490
938493821
957360563
65435726
373730765
260252033
269588014
175325688
928495151
555735701
427195383
786313478
319537917
14049977
245806097
337747383
268792710
259557928
481383689
331888883
476618049
699858682
695817541
158929708
205008831
533244451
160780805
305116547
712279802
432203396
730921422
844896205
147986204
509788087
272016736
844335159
161957733
119106021
425829858
392324848
876277071
144692906
149966757
566791793
795307092
501882224
131758969
795149159
986046155
391095070
218050255
354838509
667535829
827743171
370099667
672618050
839497241
82081291
732230508
709373057
916776002
603543083
345639550
629803428
126248765
690165506
823960452
707049136
90146169
875686526
258833878
