6548926
1963935
6766845
9496701
1807048
8973
3334785
6501364
1592277
1648438
6431910
4944532
4853168
8784014
8100628
6633295
3251620
3248372
3511762
5792962
273344
3814368
6669385
9558200
6490678
4415556
9354107
6764437
1218015
8760814
7935931
9244855
2763807
5005120
3491991
7925692
1064298
5586262
7697959
2154984
5993226
7093336
7192818
1764772
5315459
5816667
5063296
6485789
6230601
1832536
2975883
6473454
3132595
994762
5960342
1843792
8362080
5681636
5040683
155669
6999267
5659664
6562
399534
1055637
3489173
6967683
2770305
1086465
2016037
2612442
6118398
4695252
8661106
2059446
1079339
3323904
7271308
2711266
927036
6660815
9254577
9143925
816596
2041169
2235757
7701561
65770
7182563
9353316
4848084
9362274
529693
8897725
7655088
3311338
925144
5082959
2615094
1127168
8978646
1664234
3824096
5741380
9701539
2471510
8209664
2532292
8396720
912752
5761098
5540770
8076651
5179947
1368905
7796550
9305830
2215941
3206426
5948011
9308168
7105467
2190669
1860432
959480
4402528
1227279
5463746
1074851
1626557
4833964
9338902
9179725
2295998
6195475
8689563
5285258
3579285
3263286
7434545
6821010
1457883
3164343
9025839
8766728
5643237
6092934
4122645
4999281
1696259
7800403
5387680
1542679
3876109
722719
9147673
683390
5609919
7335408
3502189
923416
3940421
3028885
1530812
8894674
6751605
9101971
9312219
652369
1225322
1069442
9131314
6112320
627968
9854909
5308456
6840411
8106287
5565540
2668374
507536
7912981
369817
2879121
5772055
1441561
4044884
3670203
2571533
5182200
568564
760328
8537308
569631
4481346
6769067
8338156
8115306
5622670
6108891
9658133
9592461
9916828
8318071
7660447
7846611
3831150
3718651
2273057
7812062
8228646
108732
3180324
5053169
1232988
8221561
7445823
8864424
7361555
6043620
580696
2447419
8102832
6446057
6226188
8461232
7021934
8118795
6508482
5926057
2035968
573326
2918055
444137
1264489
1379202
157348
8199626
2462367
5636732
3403825
3391598
2069791
6088762
3036941
5008896
7957971
3183858
2763822
5197098
6485778
2641553
2763212
936942
1059225
8105943
8660959
3617850
3834669
3662431
7294233
2677974
6335661
5535024
2014468
7813978
8670767
5344518
7096455
7404703
2819025
1934764
6952836
1120745
5747024
5799341
8887311
9798775
5645185
9551101
7384138
8860807
5937353
1813730
6985277
975927
2682673
9890482
4792800
6590126
5232383
9804999
9858361
2681844
3024122
8795747
1283885
5292376
738131
7006788
3796947
4864770
4081837
7909484
3291428
9354471
560407
867127
9028107
4231248
4026438
6869930
3962535
2417536
889082
4190549
799110
1304947
7425665
5300524
3767286
4504373
3334630
2501164
3272873
5344062
9408479
3053879
2855277
4585488
3368070
5274128
440138
2956422
7080447
5993486
6976625
3099428
3296877
1336028
9210787
1227911
5762394
2346286
8836046
3290757
6696848
4968668
4201007
2894218
7451408
410564
7074085
2015558
6421342
477964
4948390
9025233
1573047
4914597
2359613
699770
7336852
4263968
6809384
7134413
1258393
2864330
6083520
4562250
7773719
8432480
9544611
9980278
7387901
7559099
7899880
2207403
9992449
3955951
1282010
1199183
5267143
8162741
5920796
9646296
2426474
9699793
4149211
7791159
6486796
3325334
4655774
9329377
3152014
8428790
6339090
8865165
7423744
6662939
9060215
8858378
5501316
8754679
2118620
8995654
1815311
607799
1522015
6488895
9611421
4133554
9161791
5260539
9033771
1493256
8591113
6674638
9129610
2493920
3184161
9620202
5546491
5298808
9529751
4300532
4241805
554376
7475154
9588345
1040921
362065
1373158
1918797
2973944
6311440
9578503
7586582
5354721
7689296
3240706
7242493
1124029
7360689
5740585
2735978
92811
1076248
3109178
8472689
5321975
8103305
8830608
2632131
3781299
5020313
4970630
7627141
9088749
8637594
3836127
2684419
1319059
8120191
5098105
1916303
4120635
5998247
6918754
2050915
9641388
1508559
3872509
2306436
6353707
5697982
1098067
5710314
4354146
833982
9246344
2820031
8457104
2058528
260254
4955851
1140329
6591866
3080166
5333970
7814534
6222063
4469744
537491
61883
9322402
4859098
1176775
3063890
6519320
5959591
2481241
4456169
4292607
6299527
2946873
9413707
2703796
6342771
7470473
6849413
7450308
4470900
4425820
7651631
9955852
349634
2537208
798194
8415237
2329024
559114
1558159
8048607
7860887
3537079
9947441
3226709
2016172
7222402
9497994
957481
247109
4229504
6439539
9659690
1360374
3959523
612272
1031215
713123
8091367
5544904
294631
940487
282989
8720057
9341598
8539099
6039378
2400747
1445195
7402799
2360335
3723414
1006765
9778097
6001282
5369418
2300460
9563920
7335062
1888005
224742
8472963
1367560
5129036
9942877
1772984
1430813
8960733
8196534
3493917
6527916
8891105
1207922
6594698
4754502
4619160
5977808
3802876
2316611
8403168
1379207
844929
8838413
6514789
348738
4680974
9329568
2005152
6373825
41870
5899401
3497848
6527368
6627666
274152
7739583
739356
5714906
8243300
411827
9557819
5943863
5656699
207996
7152541
1802964
8106795
9054301
9146290
5290246
2579790
4964187
2063779
4159496
8806071
2957503
8422699
2087799
1331006
9570154
8454366
9581916
1880972
3845636
7265492
421524
843114
1218447
3540083
7437474
7414776
4093744
1735026
9812894
8732812
9499969
6484351
559638
2837806
6111632
2101775
286075
1290776
8004713
7423835
5956606
4113480
9514542
8253485
4913181
7997133
6742486
320454
5279601
7662182
6235450
3638015
4799746
2379772
7435404
5402989
2231013
3979524
8787038
3884931
112032
8048007
798815
9594483
8333539
3026597
3930399
6318673
4745817
9011074
5797696
9936720
2618156
6920982
4165316
1091968
3896666
1742225
7212340
1950935
6415774
548400
9293934
7543785
4750302
9090786
8504060
7677049
8050252
208741
3635450
584715
7431662
2332088
6020367
8281537
8641991
9582637
2863048
5288932
7877316
8046304
2365401
6899184
8416189
9728500
1767364
4408612
4997094
1542944
1535199
8686703
6514515
2562221
2288833
6025178
6173681
4904850
7023377
6730327
3624041
7637900
8840279
2790606
1751882
2489098
197200
3213673
8801089
5479950
8501796
4400505
6216064
5148660
7577257
5079585
3420596
9158665
9285408
5517312
3248315
9077886
7038064
6631406
2237575
2165034
225104
703710
7054413
9108709
5087839
5416816
442740
5519900
3170025
184594
1897093
6461705
2792928
1514118
6412157
1493241
6092207
890113
6418821
1682913
7586235
5190824
6128635
876214
161131
3117942
5234773
8894015
4176765
9000437
925793
7677280
8272042
504479
5432838
121350
5783812
4752148
2263938
7476668
6441452
7709175
8011387
7741657
1277592
2528058
8813479
3693189
1838204
4825110
3522404
7369621
3364664
3503360
2874668
6220146
4620769
9141494
5923992
1364187
1870649
386236
7970613
654374
4506218
584882
6522384
1941655
8826986
6317751
5441135
2495826
2505053
1905917
4828830
4215423
4969811
4022027
1640097
8504141
3293096
9139938
8321966
5729797
7844289
5894950
2449411
9594506
6808162
1727224
923561
95366
5749030
7000921
9646645
9497669
7029227
2264634
9879497
5224236
6938258
1068353
1619388
9148062
4482703
2893256
8256913
4006942
1847322
2662100
7237974
4888737
2206838
3455075
7486053
5449346
2369315
4339207
9042041
7058895
2917368
5703237
6477575
5745170
8483318
598703
3418171
7268181
8874015
3160492
2943802
8331281
8222831
2765053
6509827
2158355
7593745
6072318
9521397
4106332
7333659
3143959
9712108
7671256
2556651
4653980
5551870
9274025
7289239
536145
4914510
1210967
7357671
4601630
1191482
4792127
7419352
5377785
5168236
3566765
6135189
8493443
5610987
6317308
4915690
7301418
8421400
7713492
450836
3456437
7404074
3731306
8483402
5935459
1502345
9533873
9145460
2310379
