360
684106716
12713002
615576901
850916074
286445715
675397986
975660664
580860506
592357129
466904505
38350579
701740201
876963311
436900022
486273146
502970210
106655748
619302846
184501951
231344786
520703953
485124887
723556239
498341201
591456542
651518593
596568697
27752400
457153315
716208733
861552313
194712309
493251946
909875938
940161345
429972349
393767730
763275176
148531003
991041190
876935982
148395612
826837620
826287023
575194905
690174550
781280426
901900297
506458821
381555061
804566592
423097228
845064774
171526678
831248788
268337507
163012452
534914789
419085625
575221906
305989573
253744850
401106946
375526430
949605968
190694665
729973506
997784309
731505163
353134575
457034748
882279498
129489611
908484064
528348248
12205733
288264307
97238262
777285283
490928820
588610060
434107764
610017380
842714824
686160828
900996123
458822789
855897494
803264981
960737032
895812960
302874609
769588083
288962506
667182025
977764879
544560209
457767867
634051163
692826569
643648641
706139388
3213815
869091468
161172386
265600472
762919597
111894225
272132775
655931992
582663729
120193562
740345657
4945401
503204238
833218093
312305851
340064320
30568261
194151986
186373929
407933523
489540329
270606674
467916151
134351559
470276409
488793221
183914577
769538983
442743894
606741140
647299976
660157131
143184173
19381139
274248486
737511845
629543594
915764181
270339724
315342196
422751907
80838838
701764579
143622150
507368394
577313493
651866129
731478806
315107225
452418738
592382478
938678656
351329147
172671027
589399250
61258367
916308896
332879247
470314107
525390277
630471331
734760338
870572810
800412751
487188280
773128891
16076119
679589083
262524969
873643484
602180247
119921897
884259331
708292306
923579656
425513651
62811278
200923079
136912043
381300106
117533146
563342468
781186642
50338192
598214509
33775750
743915400
972100155
60595544
635562297
50919579
165731455
406786256
344387316
594903147
706378109
335713109
524682092
269832919
99566733
71537050
813153172
689809499
83770
672061970
7649810
11064320
924648543
268719660
829780482
747685670
118372430
353734019
110830533
492578963
211949347
723660401
622492844
952441634
356162922
954499594
720148437
5591424
972485208
67799694
12513249
801500999
927594314
750693178
886654386
398852190
9307106
199992197
456718920
792590199
57913457
230786415
23441316
172251764
141323622
561341759
951037991
114475426
464475783
551814026
705925032
437332903
312731337
475140592
223931747
564020903
637344217
46367304
441499477
947314000
880296744
94796189
702693129
391437474
481709853
133858251
838122863
779160963
673311266
90167112
228296686
968683298
694312886
857737098
181225020
405258249
387034034
785983903
783379688
548080728
425030082
216952238
179057516
375416296
486345702
454657360
490362972
642965364
353770740
423352807
308195193
558313749
261182991
380298258
189358084
199368721
433255680
325109424
396414074
198882747
20713468
707746239
542626653
927861261
796067351
900053491
760974282
98113410
339769698
810260253
249093709
611949544
524906491
854275438
100646695
766636502
829763302
119855456
181718204
687479810
34774023
320719002
809795429
971780539
919950888
569372021
716418828
497914380
61246402
223052500
35862939
392979997
524808494
16073287
796268585
724172706
10816931
720691853
998897792
813365798
279114468
556849488
25024464
365590492
962065294
715951979
795316274
331922281
65840282
587734349
536461934
240699985
883165133
854287970
619742604
207006586
56529791
365221970
132584325
504079621
146923081
628846916
607251945
