267617
7401665
6993823
7280733
1626483
9153836
9581517
3158406
4729150
7877547
7993288
3621044
3859626
1158105
8642280
9621598
4433351
6575416
7601329
8045997
3876304
9148994
4125934
3012882
6896381
6996173
6261884
9950939
4320630
3066941
1634727
4635444
1734157
731385
8908216
6614738
7715875
411627
2267781
7443614
3307390
7813433
7186350
40512
5727655
688839
4071642
5391461
7632638
973827
6095448
7321572
2329015
3096569
2999686
6170620
4162215
7970295
5393347
5486710
7176777
3382155
3787247
9677700
5614225
7184216
3542448
4415955
347792
9836059
3136806
265309
9992673
2723963
1854975
1945805
1442630
8799986
4901155
8454933
3412012
6996610
8543646
9957246
2518636
8378492
1152710
3640237
7847422
1246919
4260071
3332552
3994762
9191285
6641499
213241
4454899
7408663
3537687
7003479
7692550
6343484
8125583
8507984
3664151
6196428
1639624
5752356
7230983
5551689
3567521
6010507
3726705
7637126
53367
2035661
3222817
9079343
945966
3699542
8318234
2269243
262465
5473562
235003
5686245
221453
2144391
7903734
4655900
98466
7572340
749553
5157087
5202768
1087015
2154298
4911429
1021154
546509
2452074
5840212
5590985
2335383
2069197
9580592
8793318
4377470
5298563
1430493
9173482
3634313
5002511
3494073
4281525
6859225
7269678
9555280
1619691
3350656
732746
5190680
6318236
3494954
8051655
5633340
6775750
5215018
7442397
4251601
7820587
6567385
2512682
2298251
9647129
6209288
6629301
3737308
2703273
4571618
7608283
7027738
5124555
5967048
9050524
2817230
2767916
8713082
9435184
6059707
8234490
5765220
3415399
6872917
7372942
5801504
5472387
6880950
2917787
5327250
1511371
5665452
8164583
6598597
1004771
4346607
300581
3100050
1968887
6808912
9325682
5644339
9094396
7402626
2009782
9078352
1206720
7361027
1650418
459258
9184392
7116193
6546503
7378954
3599591
4216022
4452825
9307268
4801510
4620231
7465346
4609215
750815
495918
7407741
5383472
467354
1977816
7605939
1717541
3459602
1872024
6199677
6406097
968626
1768357
5739720
1424202
2666888
4499497
3673385
408180
3093609
9446397
1069928
453673
1512341
2078178
6144700
2874391
6457133
9792410
5895034
1711234
6050768
5028451
1484409
4992200
57413
5107148
5319249
7483552
9650902
9884047
8062527
3668642
3293526
6444268
6249831
947502
2922774
4842996
8466487
2970071
5932848
8656665
7955088
3426867
1930693
4943017
6771552
2692201
9377675
9740648
7689182
220238
3916988
4490874
5322113
2331731
6228969
5091152
4920558
860231
6451254
1425411
563825
3838693
8806511
1475539
2950595
3303841
785922
1799159
538525
394650
9586845
588180
3080520
8343990
7971846
5430228
4843674
4713635
369591
3598383
2502805
5528326
4143668
554985
1817618
1242344
909461
2995849
146285
724215
7200320
4169059
6650814
5744271
6731694
3951477
5318403
1262191
4564287
8397827
9584914
9524674
9518599
457
1328445
7412168
5084054
3369527
4065158
311649
9054481
7302907
9878137
1960385
