3626
661750648
467545810
380287266
923533364
80790928
239247631
420252787
789896327
998563283
220846274
330074420
440338156
712845241
83676015
344917297
943942169
898115872
150412828
940327461
780105870
987349577
77999988
547022443
75964082
724358852
102253290
7118609
660457177
55644509
835902152
376462539
116750038
480191569
563741657
374505943
801083039
622494688
799420581
919537348
813896077
133132651
398027287
352190608
491053792
537617475
823897404
473148304
990454090
48200743
698809699
716517240
341624518
124254141
416888332
517918555
807461210
750985054
689710978
136241869
52568058
538268613
186273591
712212683
995046633
294582234
695652280
229006731
60636760
331983408
620398505
496771998
350236532
366934155
907080438
669843442
746617644
431063976
666222217
771650052
984302914
410670063
622521810
466118490
957950208
32386650
939850507
621755236
607983065
451805004
621652707
416903737
852384325
32788299
781258560
744251110
727244745
781136024
10410539
90186695
610941825
260427063
369956633
626371866
954257037
461519037
345867400
757668123
108810510
357394786
777805753
443526100
713483276
244330717
337435785
311977103
797060624
852981455
383018385
729046053
42624906
107187047
457171393
924278522
908116855
97149408
865467461
57639173
622946078
222950266
106713442
56604978
417843218
848100064
470455272
843887148
508783375
503243505
623477383
516425072
924243082
189792686
427422145
131821022
871242559
798227091
816684012
635378001
111074735
13778032
48001815
720436128
3349642
476096545
959871330
782653617
199313964
763535483
639033131
818519532
255355105
706363033
808703149
386359903
335735955
207954989
995404486
930697875
713786292
970241857
669819499
171631920
97349538
486926929
837681149
630919513
933700296
286417745
480974219
197374327
784039113
518093154
424905103
785074917
594525579
870617616
791038156
850128751
379708504
336992434
159709271
304518104
384541542
529923763
511500210
689589709
279355018
257138165
680851822
753595354
622416802
763885782
490744774
879175159
314063817
812605689
55511085
285625789
679992585
577134163
929993085
605839318
433021039
140570670
985111169
991677017
833579740
950398505
870054799
463271096
826860811
157322701
652426437
491435219
257521019
2313376
65988964
48631840
755025514
805451678
628161787
447616815
799745267
938315224
763348483
151012016
22101070
323053040
56621379
468034866
387381698
156704105
205071952
856522680
175691150
165810749
503251079
818661067
265915955
258022545
342704685
862781730
931323117
990217811
477358448
14886962
828648301
97580408
995249553
857954201
729419329
81940651
293722215
558208677
695223063
112240912
64521601
953265058
738113709
239447168
323529396
294025206
849153638
638455420
146959568
850719119
318961457
373324137
648200148
99336721
235906998
409339493
588215998
114413225
126407415
756754520
357633243
72799293
834627740
364984121
625784909
832803387
202741506
410076515
674668233
380170095
4709327
760487065
959725060
27100852
494983751
33394513
788988393
813112683
758454846
338318035
602129683
817849402
414265950
671367709
674745210
331762
551830581
823051463
48320479
659539384
253873357
981036719
378293136
167051474
673573333
679985916
148601379
831982193
441599099
486436501
745190189
781012684
359615895
219369174
155561643
418668623
458029720
628476027
808737858
341232710
506457772
897625376
891109518
588219803
258611823
662954391
7267232
508801609
724511212
329508030
890079638
742455440
889438236
312524097
741865057
813874929
291672470
283180488
450032690
287441421
44223294
89781814
602543293
921000619
39443293
936178439
167806680
587079324
85966920
33241340
544971005
852104354
425233994
505539594
337592000
301213898
776703650
670876327
535320920
128807125
176931571
514440180
427820012
421511854
390652961
425892292
199660018
695867729
217038578
513276905
162004055
864556345
197777016
857346217
806894983
922569276
141385985
258683337
436482662
727046640
10984199
726858223
739338483
581733679
991274362
445644980
738857351
177282332
6993515
54344826
226540407
314728230
410091860
634844188
772599878
75195212
142117613
503446842
493039550
682939471
864539062
732002075
949719608
824751270
892139426
179244772
188486423
20812190
733367624
538630892
267269249
929690891
855648743
821415864
963317561
960089434
153649754
431428955
414687664
594493979
457767120
361596165
872410221
541478471
528470175
737634966
404950253
794698688
355992275
654491203
852520541
82731076
177820531
66270565
584970211
212373639
627743239
453814632
523594760
483374545
638977608
815629545
987094823
972636292
649634884
137732755
584327285
821149666
566771040
415679212
720935074
131868085
811078647
266202140
627783841
120376083
405669218
440049811
681290241
923311979
402662985
575694439
587902871
240248476
976462364
374734778
809417644
356813345
143097879
183869250
454528625
430482368
23105783
16402129
17014141
437417162
639741978
641097369
768223105
398875644
514373803
558150623
22657660
189941931
359212826
779582917
537339400
866895621
493680095
376419136
399727154
618752375
304560451
53102670
567309279
492662330
955091678
8630901
897582306
922536637
373603123
641543473
723921588
46183354
234353574
598244610
750109565
861716270
727731853
364267535
228658572
556418430
829969343
19023138
809570933
272735798
122529286
762818344
596676624
605840967
730408408
787206662
714446146
140214603
152038732
506340222
591317309
325770912
426399226
895555040
706850362
226732123
386875134
986551725
638844385
283995989
480339719
353173835
176671752
704216981
739410581
482544849
543834314
674347387
549229488
529104771
299967884
81592544
673844045
314500837
987443468
42751310
597133217
511021724
505187596
643091953
107837009
244013
999278107
568693918
401191972
126472070
524047084
367875435
6500932
590168230
988080983
698911631
898850593
541898360
204088386
665424793
668576571
777541499
278792663
753077687
592195565
946772317
407241764
462862099
54382408
179413785
793393204
19204250
480240534
522856975
809023690
840527375
375733051
481441174
780383944
329993813
295925197
832953026
145614611
670132142
224192347
679644676
307768921
917017979
752547720
819640852
486639756
405684114
34778603
688000963
290435909
761863507
353580488
371908729
814878257
985664459
934600923
546662619
122870606
862764118
198385705
481080941
921975369
971296850
557833704
748392106
567376929
790584408
525339127
767424136
537224345
935408374
531730870
226388143
660007634
243569444
447365250
636723666
180204153
310134560
28571599
403491017
472090495
13048571
431358812
245706294
234149264
903314114
448484415
62921343
622293910
665615521
766945335
533914505
924198284
663187357
564550506
374957457
501890114
130493501
940484790
465698214
653160492
518908253
727782577
801847369
270786338
528143364
382855748
537329078
721311888
9722154
841399474
555729586
575088744
783347787
905809603
522181253
55560547
938831640
454403188
227692506
786689154
664559228
388719519
113091205
344830500
144125386
700026847
284066691
682538138
278971017
530045619
124768948
192601920
330456268
921881581
677268171
222467054
359133993
204372826
846316921
540174727
796196390
854014166
519901831
318265618
687847229
117419063
751626315
742699706
3553105
338288366
614513573
402731778
608553793
935321243
233422458
893904722
16357568
323147896
101152384
202350844
285721314
391878823
880687261
79786316
299775916
470718579
59575710
19257158
613864918
305769080
857069884
860071381
614951899
640472337
772020720
588415300
470769192
867127455
557743946
839463672
40787826
211248544
953688184
306788511
303004811
754516401
13818894
122894314
742291629
730887860
95278056
230572388
315050244
600623450
622354373
768471309
479655870
280339835
197748765
21173615
209004619
326893652
191893518
86534421
914653457
544943662
347316148
473909996
816195956
199887058
566053434
490988278
682554793
313612227
497365212
459429292
699866463
151158986
829735419
329074554
533142597
400126932
375836463
726651285
835772371
786967984
576601538
757846064
667115240
485298973
697140433
52374927
557866772
339141915
445450328
213908916
694952401
889821453
396572966
647185111
708087983
747553213
906241151
889051103
436263297
732032891
674739902
60661429
276319641
909834465
867778948
922566859
723487290
195216121
337061710
808511986
228412516
624328806
687227943
924027247
601432336
681143463
119289274
159485328
632675413
722274129
200042767
474394374
302701138
118589093
475261486
926665955
573670773
664839593
948307410
784521298
95224340
874875733
882879015
259089541
704476415
229179059
518724695
741446938
906553079
173411116
109952614
634829717
891138362
78574558
925291769
723650675
887922020
333190020
287665931
369555183
747392156
161437744
854931341
52567321
843179715
822101317
738577232
951446367
998669429
273586042
248281008
434662114
263192397
53238634
159643311
661242530
164171182
733926179
154214352
125517744
816926094
53221828
713491679
393948784
823336448
999137250
55598137
869102638
144591068
412673508
740124581
534823745
477013629
852840525
26177286
677324645
607424826
3810362
10688422
5368685
852522434
378903416
955708570
871304382
82412665
331793972
811177651
707560595
449626335
83901350
960647609
245738728
972353145
284960821
636011217
18153413
903720047
753614941
615209362
842380307
230319630
472380629
616762262
738999053
539608722
342284681
641670838
464176781
932344164
524043455
145114870
468220147
969974403
303013813
640778758
922031378
388296026
603116580
662096758
54073578
29739298
15515996
535552375
142298437
696218772
502678517
282326026
167546227
950956667
443548287
747139560
242419789
106093540
672134150
591992053
863090808
225504340
854516449
294599524
906726126
221479762
108425121
683950077
656924598
799834730
592870409
634562082
733053160
122022679
562880499
149156990
543129399
345417559
644880672
245070414
894587794
707729420
915293660
244564126
509764055
489822815
274710528
149735623
851398946
93781363
809127370
380162531
670379296
372624553
160834551
489789135
186092836
5237441
282068871
955852868
729318888
453265227
656399101
175815326
976743346
958401409
962953771
620565641
815754152
436235391
754497382
150581111
544475618
238902885
876457955
906633034
114600879
570282874
404842271
747009231
880560087
657965986
773336248
929299743
152110711
694318015
615994789
229105197
55462931
317083570
271014883
592151567
961718442
277579488
654067250
282847327
384339264
741915940
329784126
887373992
836363645
580095830
290998255
942266299
173225055
767544349
127795114
488240068
664587642
170789054
716243941
427939338
537107741
701130839
653100176
746185882
814124441
65062989
5909741
330908412
590584199
86819713
9340808
270084436
863160658
457396251
376341489
678150560
924755936
385622511
355167152
566107614
74708376
389151630
145034262
560918486
80734483
180922142
801272564
192181840
923231796
367408994
68423034
343629787
644884810
383599429
795177848
47321728
685332756
995212170
966912919
360530430
797578506
360527963
946478859
603851721
502026393
543749013
982877034
721203807
596294413
539712115
436413663
318995071
858534661
782748017
936335114
179848353
25492917
661041543
595998253
346476445
61562528
939991377
862740049
530218118
10990247
667185348
838419820
515225834
859206029
316078770
726563555
756459051
987751039
593391181
45988035
694182209
978975805
224884909
615725309
893171115
79408206
252889155
257098674
739672764
812213330
193082106
696608836
748491328
625381505
310359687
620539568
551513752
593133993
251031790
175303261
973553599
409264442
210636728
699338164
744104363
742432731
136882768
605128244
314003464
631840574
946431379
928530204
574467140
762678199
690871736
993726104
253437595
866342898
376774821
494647981
887721213
77150563
838599600
422293684
958895500
30007009
494583302
873741024
20044322
879522478
905313267
434601287
486399655
525248930
210238350
873098251
802731278
138157993
966813915
719217242
199852607
303443940
188872660
762481852
38669019
799693981
885359413
232639056
808602204
766063043
881066431
496582707
754480426
609518745
5013727
592940784
863660532
750579157
681981642
17166540
603794808
11360334
465473528
913258672
680984711
275059219
863953335
850424597
867641373
239816865
34984812
7255029
573897065
37730176
272063799
794414748
850623588
393946328
70344012
125365437
490385379
566684492
954653702
296355477
768489293
274593725
602299767
632897594
48758667
276033734
770746336
964228745
634091183
550014498
82300794
560314720
851333392
610132402
562093615
781001419
27352418
86522962
147184809
51734625
609316529
105423830
588005749
938970827
327869406
139671634
493020742
713219937
151717908
877229846
560673307
857252300
248777002
976856714
441384569
511076694
797677762
601391153
604467592
497373840
865415587
329985169
777910773
893390697
497315135
512508452
423787247
800021131
998036993
719710649
371186169
188358744
553447579
707777629
38526517
252241589
245797980
60341822
678302540
816834104
50850557
386175983
930919537
493992867
418265971
300932623
273953530
749842982
674454769
298906824
615988462
548596961
271610783
776101398
18211730
350329379
245363063
347458074
760642491
902469558
97779802
913438518
998215832
717855364
774949321
589419983
508148098
532912211
107335875
650681178
127106366
321309580
483420467
702683254
582313563
578258749
623328347
860889621
9078205
319376427
842247638
290060859
335563214
157403173
763757764
819663328
69041449
626967988
511959838
320889321
708623800
780165511
234178465
850173322
928717579
271274670
832474118
610613674
355679463
44192854
511016868
6967499
188114509
302146874
672620003
723105908
360181207
357851276
591563109
574550378
937064768
533674032
824140170
740668255
419233342
942941762
351607836
876794411
414456935
742050200
461304774
642194910
267760874
591308092
926991479
265688409
630480799
356904305
829323275
201935939
956084151
54657902
381177521
813672777
258838774
84732528
935704384
681992422
321764914
481451809
671062876
79675207
614957874
960892598
154025298
737344075
807984524
335416823
296960551
211010305
56113935
257057124
347214340
14951148
906116575
657033219
29912420
738105838
668912620
180554351
785262637
376978215
975265333
103700937
775631394
450103428
297516626
868236706
354912681
237885228
874816769
836433230
445271045
944443763
734550456
959742605
644653834
511550039
714694895
66175277
222816210
820141427
562778603
274871722
315242172
571262960
540343935
991389789
857301080
412834886
234125216
466985946
639829443
287666786
467517993
826390524
961706228
714120784
270731444
186340870
950345662
204202347
675689822
131795070
507948755
513071198
262490019
919799570
436080157
489709226
331677846
894472871
715117538
532645271
281675460
795765537
560136441
645949238
624007478
45963601
183093909
17197166
987894398
209614511
517974259
982038854
409826217
683571184
997118600
525801302
238046465
168145127
987875479
455931466
265038542
66797734
86725207
319545638
699655376
75446600
50277275
801270133
980140528
33697443
603182688
940273644
350956968
243904893
857243815
766702561
611363117
563422971
963963292
398231705
264785309
607435885
478533357
553305045
977777467
963003427
681892790
136848869
59421493
665642299
967030011
598972952
508930070
930519530
449201683
597866941
350436407
75306946
348418911
871413982
855782756
168505476
933169182
255583910
257737135
199475826
3444739
173601495
406382516
593406402
137664214
755590380
386424172
340893484
810617759
937565608
815019193
440319187
501507054
283966781
148786933
901048919
772926650
8722017
851211891
342604486
101587481
921556735
897017519
120325282
847576233
869472644
136776471
179538138
150062034
731084245
593897687
763598721
616576250
657284653
773542358
778759342
435965716
969993514
291030303
448821735
355372466
898496896
743386884
35867288
449041277
142614638
338797321
421268875
97229106
691109465
360524121
239529872
719104922
870148881
634374887
428941964
459050021
645069541
573924378
528492529
680224375
994426458
475412279
311993720
736740474
959057462
784151094
158132237
318114769
77747010
633934303
674116247
791110058
986333716
903196329
686695018
759144801
846274679
964423566
674673113
601368717
980777279
764908051
829808572
204475926
723373763
74840356
758369130
497210091
811050170
442722363
284397987
167348828
189375433
494477474
934469602
546490031
534677780
856079676
647272502
183678448
523191210
667796816
500757687
249862907
956496731
909886066
292356412
484366456
816291004
127522770
298837626
814168124
98103299
44492808
792565255
845963522
753225212
493563753
7898582
2088118
792079169
35783745
97483955
876536311
180839673
470031728
3724359
880063631
58066860
738491012
378079023
433213031
131467804
69773740
829571539
279862668
938887397
172521690
633194508
680495032
896402171
716764488
272194415
511583452
836772983
728085928
883133108
665380515
930605109
25757264
838492433
523377016
239397180
780420601
899822585
575689951
76503431
511879612
892153420
897305383
81938594
804544063
440279061
268505738
308304612
698331165
670796990
861167729
156562088
18700817
144618935
124507085
573490603
16222562
485379253
642252041
143862548
880310779
268864439
393762390
875032445
115997372
482928898
730465801
648761011
68911182
861696032
387185539
477112094
29374285
544426177
464113122
190550914
641468620
878965442
760371260
833741216
169826177
991808881
362001495
279570756
867336094
686102875
888124260
712624294
230868925
864572288
912067249
300351420
595839343
862112473
615604246
258948023
686703616
769918317
142139333
13334627
358817584
5250023
197021566
816690160
911133137
204237791
911126177
245269986
983996843
425293351
494047819
262310371
493799294
710007084
987862875
307415612
239992382
292672469
342884328
569869108
921818564
155693462
847791364
20170881
278704168
295204430
922746737
560416238
872218685
82291349
238054187
120279027
603489292
345968966
148477325
521752128
902754184
630952351
573233848
634776144
810058063
487326677
492679505
577317865
583181235
891060633
521503641
71024245
583664917
137775919
715215953
463449171
619922390
349414731
333085097
63478963
216932063
354136983
127276588
79297428
417009552
548037933
330552577
995155425
628388132
459611189
590404436
347803441
536737398
50932942
110601537
262022967
9198198
91518771
754029915
568489611
644657872
207562929
892241967
909363095
883491349
167031415
957495026
728948518
216020097
776386305
630794452
217834747
486085569
821375952
840703470
448640686
478929696
495714440
292194874
884444876
606843209
51288381
877479852
456853812
385324708
811047858
406451536
944152459
762894880
18403919
405599965
389436936
576294507
893012475
18191243
45714309
592369146
203044252
208895084
180272241
359241047
242071041
354011445
743548805
864495888
945326832
875616407
526107350
323996412
137908658
819099580
661586439
300322356
986277413
923687812
320402434
226278301
392519248
407513433
777855614
34742499
263142082
645805399
188128006
149531115
108152624
11298763
365298408
576891800
984340741
704427049
313953133
188688767
34852442
448041614
76324529
453233138
334684130
772642390
11565271
779900445
980304979
229235206
340269513
863274569
975559004
628366846
696127478
65215054
739662246
368570495
266591024
990305342
528858366
994734886
86495578
443384105
750643854
512550117
280946937
255929136
120591481
661453009
666287810
147985702
281080461
539121401
147090871
332528714
794818834
292864482
393728945
531634855
102474570
882369890
346552407
57306046
542866504
284482670
757606779
36588777
208505169
708708289
382467298
800665346
771273267
914463074
648306077
93330195
482410244
631821088
500687026
246886740
337246561
353228284
335436138
573891224
827925418
555166906
385130621
489049226
739790740
795057203
117936779
684062431
502123037
831613216
929832378
62209474
157693872
371896098
60652180
515601883
434568897
397550666
375790501
529805880
578821282
904751149
256012589
642567823
956099199
231594660
929122247
589801782
479191776
150866866
367359315
444066862
714720940
264476345
931525140
612415575
1590478
117025585
683362448
826846720
216311423
819803259
729436267
175449835
357550434
955331325
420393764
469184155
344242280
770181135
269981545
424860919
421385172
565564030
435317576
385786074
125536930
711382414
77697508
680345617
223941847
721877222
987660652
654822588
266496514
154475548
82851840
305766246
299302740
65812659
374217705
78217839
795526590
357954284
125585196
594455214
90712972
99942869
165621592
328654093
433975130
224967179
789267634
328047005
127788029
422637534
265843301
684640712
194602253
845149559
901260467
922318347
838358453
683764024
271065681
8097983
25187212
81725497
953206993
571662602
395000825
412162221
656171584
969454512
712424386
596798087
420118903
825631457
726061016
936256495
503084993
890301263
302937799
740174314
25363186
289545797
697130533
986401844
812349658
716366552
178025118
154370430
322453134
876013055
536681636
556579699
838068925
272918367
8075638
687447924
133332376
256512022
911457758
832693332
901007852
528234808
837414151
306220160
990990459
204534148
17791643
910485217
69082180
747762661
618191160
914161269
972169452
673357996
980714230
516291126
315655553
475236289
942217866
283000460
900269014
468917375
878479145
639166515
827685725
99202121
445707850
547115123
361244103
614435860
694472958
517999388
646135033
828285659
908335468
731002965
692332981
580480512
780420567
176567987
171827809
208880070
631042108
538771372
551881135
344288825
987349817
130823362
538691234
579698350
808342301
97540627
348922512
584932412
685004975
289338808
411381906
13987175
793739759
388926891
870821736
36188615
470039834
841462418
671001582
778019476
194573456
434686794
528430934
268820105
97514830
633873273
496481427
993291188
74854010
415707268
119066893
705628155
878068671
458350142
946538224
528176342
795702925
197588847
25654530
506206732
447321004
138537616
691476853
922069377
166520608
808878170
519063973
510591010
553442350
586888
601047519
832184786
88861126
667644655
232100013
9340640
391596529
437372057
576519249
324001185
30000191
153057436
346731002
436052194
250887880
434788080
813473411
997160713
944885417
839746492
207516305
679953212
472934899
527242305
543321346
994240063
418749686
700195557
680003733
144093437
931677498
393231815
715426675
501944702
87405810
282374701
113859891
317312796
525821173
285529787
458226841
121966126
856178765
517830010
154463959
341721339
432638040
449880363
737963530
519043086
39226366
223427151
889930807
817555257
121479842
176274081
85134079
345406966
703508172
770518623
620436015
427133585
911666633
709259705
906656919
489207835
126157051
345192603
639074744
427271816
125560251
80620405
682944777
621604541
129605150
568212437
335957294
637843559
432432244
269898167
362197786
343898797
131071059
849550130
295138722
804206738
179380610
48317120
828570872
178726727
716809748
142331197
653495155
259438987
359538544
248158824
202010238
162742384
834251526
464481972
102009911
767005788
888792150
416271996
565134958
24904696
30681090
431143354
309136403
945483115
860105134
666969612
416342403
890479649
719358007
152301847
896163176
704835487
934870943
319570878
809521429
392102354
125752229
885815506
59174842
123037372
641719498
270035586
499175580
624069654
536895612
781798012
399885200
932802598
992224914
586964918
563783735
522933602
515468182
24307886
199808468
50333955
777020473
127013274
247304441
345446431
641412176
520972440
579958366
896373586
242424530
238227348
741787771
535605164
779268571
64929003
20576846
681498554
234461875
460975631
622845817
623168432
738515193
134964123
985820344
790812122
966954543
733356877
467399398
643670796
946689042
659434885
258283555
608672468
509196918
439849322
416499627
11002205
545204760
875329254
944036282
718075785
403135975
829618617
577383950
911786695
935247080
228149764
830276765
264411300
534938653
830945438
389379446
491883123
889425520
764590554
588147609
285567967
368797010
605946394
362579230
295990785
913351899
307519910
101222679
956713801
570868132
705757316
547167784
819463361
265196912
65846462
762001126
63709799
821348691
63774081
69462286
71696746
774185754
68725071
92071494
581221486
48482555
262310525
362425355
257403614
566571434
315045894
837140445
148060333
567399861
157083054
948777971
985853098
555171767
892929282
526369468
707596386
182793140
460787021
203281844
663578253
992911152
595576769
653383616
199625441
74072685
99837984
994047115
36879399
476316938
154018638
411778351
439580346
194373809
28896027
988470114
236236342
936162112
120194965
244390015
25342271
694061758
632020519
703778167
245145788
200023762
59231335
303294621
135094452
172853770
579925803
143097469
194855083
883372878
614521897
222070849
220832671
293657431
22204068
860353680
626557994
10365446
574494421
675437604
499583325
754381481
272255417
749352210
634788291
557790407
284074796
442078621
983494680
586817299
693472816
980130651
359060809
126599517
272793875
271835245
877267185
186464940
96099828
365140432
718881959
242231568
608604303
859497589
480521811
806334627
936599480
598971018
542749192
354728220
61625344
781006473
886235823
79969477
953543132
287745489
829561236
409760668
647386535
206821143
846473546
468547826
990541665
289450343
209084070
62816368
723482495
580399498
608016500
11735843
862858980
131896549
417755060
438772430
229432449
426504350
819909610
728928577
448997832
616739700
124561241
285065628
972157515
720380241
643970005
870715914
559579126
815708010
541422188
205678007
768918425
84423591
261297205
882409026
990626324
560964927
394816463
929144839
648461770
210898643
612483209
64862044
351756748
504761737
139180831
294976582
637204214
255272002
851262121
950589263
778229057
108413136
505021067
886705821
986676706
376005006
199581666
573934397
339279256
489529994
570459258
378836238
130393583
870025763
921107565
604384419
941049623
752949579
594020552
177661815
140090956
176837187
757500770
427245898
178948774
811231472
5127713
434639838
374159897
966064872
17979924
841635835
882838780
356161654
924783776
497161626
235060827
846821862
921984660
198367554
831243275
254972957
625888919
37868917
569202784
990802566
136883612
135495599
430182672
905736313
633486082
913963022
82995956
233144757
737288929
493984815
562487525
9414768
250295356
815028386
858062061
206416967
731849971
238670174
255887140
416570277
54985507
940280254
670792959
505882210
146039548
266111100
220540530
672414683
995908995
579871999
607653195
639554322
759706235
587236327
258090145
224163202
460627752
882261089
233376721
457807118
286122997
705335479
669224481
990616176
395849828
945273537
495728782
327962913
754865560
538945306
850340861
953452413
595553937
927513225
224456618
579740545
722037795
310268084
413742261
70200863
763526988
383336776
200752731
916103975
445565965
394086627
836664166
608433299
511458358
597510005
374099340
60601434
536873068
198837995
33993616
617514266
77178031
478256631
570199011
345664523
657289838
79991772
492045125
159176130
809240185
919476540
548018243
782706168
816667685
328796510
375855909
323749749
64644928
192576880
171674810
702002810
466768245
996956898
218314279
579436739
66887259
662641325
481760660
285378802
217595918
762057030
730882410
921047678
854418990
741134822
741271980
326180170
83261251
29913798
624538447
862133979
482634226
176105643
201115195
667024442
61328072
411367124
938873255
415198108
349039502
229682049
873313962
227785236
534521446
740037010
55789553
640231313
8887660
948433357
737119333
546171176
13725523
661885912
578164693
247730171
486514952
679051598
96875960
492949630
685573389
136541926
356838465
258708270
455028686
370813879
62913715
693344240
507230464
407261560
990344200
720855510
547853360
325988666
403659662
615003649
822032187
608907020
543928649
415286207
136856520
790200371
737681311
498173116
66893461
583527015
876548105
139038930
98410799
256409383
799808760
433492272
713708765
962100279
105251742
731346719
908407721
251671540
860520863
432738393
252613717
436613105
122764721
940686097
276019573
929125078
931453279
195474309
129098201
412256728
919150749
382456561
407322767
559026167
911503755
247036326
75877869
238015526
805791692
776593264
785147100
937004354
306550151
844732842
31698406
851394644
396806388
669614235
384548321
145968399
761128578
240959269
200072135
805589340
957831107
105833526
996293153
825717891
551920285
161089631
637568367
711308549
825648601
120315090
439229716
280814285
375722715
332866992
798987063
700720588
677637797
121869151
831545059
186025784
346995295
239479852
443527927
13455964
594083672
509788607
967315309
453767896
291483653
17612534
536597649
145903686
754831380
555613899
180266326
736470867
611640081
288339155
62779276
855867839
986886615
779292417
980297529
942824106
986894278
976610853
759794692
980556331
45768145
197744410
744619706
208626190
143393442
82162184
778484663
286296284
380076329
864411920
553950802
376893516
760177170
81445947
720923642
859650572
579602727
853459608
677596714
66281625
495825238
258627320
647408552
324819824
326033345
512370382
47904667
344812197
913483493
728311142
462087814
969034147
904400075
298442479
305037402
671549217
836081857
750596004
575905809
920191299
947334087
537643285
911183394
373545765
549630813
142714821
380841404
403891788
176446075
292878120
649681273
148641056
71716011
572612662
57828400
756985902
218218873
131938372
440904664
558759825
248212351
827097128
126980058
180480529
416010257
620330058
113016476
219513476
190987486
217664406
386682929
651849174
341995649
783254034
915357900
74595342
557189796
484947283
461648957
664391705
318580098
997838378
458690433
507108861
991714970
978541365
438583383
737908507
791995156
184891310
416324249
834471
41765298
829588651
996244854
728116346
26950894
163011566
855023979
242422378
985824340
747730137
697129893
772185046
848320929
361575658
432009962
684686305
481008420
15989985
146866442
102027733
352994849
588642509
767903565
68030343
150922257
754438841
939028910
453084427
111282905
290908456
814565609
883548643
801532962
723581338
535884088
440921034
666003858
426253928
928787372
280804150
212835523
697775673
86473270
637005987
724086972
937726
202011743
458624582
774966231
264744528
578708023
427083960
119253854
832060702
734609803
993394900
560157568
993447442
89538247
760314490
789054522
315989652
603691224
344454090
578355915
438474721
814637544
372390838
42861695
145220491
385684147
943339255
410637764
823226874
139171242
574096720
223077431
629333338
900418962
835013303
165660264
456231705
279538570
20209191
305069172
885914674
107077510
428770779
613869846
991583046
668231471
605060911
749105473
761529404
251606510
862667567
586171775
761813401
156123401
77238238
697802764
199275778
596710020
778392192
729105812
254045922
799530345
867371447
807125423
587334039
196970477
478913683
832755833
512517078
300452413
682449997
987436569
126462739
349514958
328935507
524320567
893556220
491327766
735198044
354461698
387356910
337094183
868665475
287567257
270847514
302422311
223767986
266222181
906970357
490277854
544778570
653840789
888625664
464045346
534977715
446242581
407599571
552702979
700827706
947649503
888813536
673689824
109122440
569182712
130586648
954085405
643567477
417827215
398416332
491884913
303650092
180297762
270500585
820519158
260998752
81169510
95159920
988519225
711891985
282051882
725583347
78494204
813957341
99032214
77857083
250731226
753763212
559956902
28256801
20248263
381780028
802832226
149884117
746144201
862632854
71549512
433570797
424826872
376526312
486329959
468141525
159394222
45209211
472242770
105068898
166423334
995052527
372567172
68396287
670137774
375922813
70684409
755387794
976083209
228489371
255743926
272295194
257632740
143385725
24885094
321927450
184020637
350128035
579232333
147024823
991823597
783365248
786734954
934658548
714885422
203371035
677043723
227442608
853364267
256206352
668179042
272084970
777512151
28936610
245607772
316797131
148292361
717420474
105253489
241282738
409921958
465622185
459601942
783563985
419553369
122576862
932670009
282269398
776152773
655358021
535878584
661089167
797183005
842378428
575667249
616225437
479054828
786110082
677582199
718132258
702389556
692634874
177662811
218199779
707523587
928440499
184939327
25851517
669204245
87054890
930036423
506957894
761808403
610732454
518803365
500231962
205867528
281600768
704394671
147243809
174739353
521024107
59927044
86550547
808660970
81639748
642223004
178628844
718469498
406486906
529088287
942428590
325310640
885178823
271403703
885786385
249569569
635589159
937569406
40810158
375836827
189777753
796330118
29285520
865504517
344100308
170960357
928238031
810550022
661014224
357694734
951591355
410995747
4305981
37428421
258338511
427378411
768627259
539207436
757795903
30239096
400162056
676732591
417995736
337290687
818675803
510203766
412544984
174633569
771042742
310253398
66177861
135930944
745359094
884336406
567301514
119692929
947038208
477163078
142295736
987413358
712713240
477926782
363285616
149358930
610312024
221699457
750552257
853206612
311488908
895985951
587679675
986329592
939216732
153164904
763147994
493249653
92858740
88169267
30120367
117210072
169744686
493423508
506964167
857082430
418522579
917006657
455892818
208102216
865768293
198899081
689951307
455524589
927277028
849609479
344724646
816889767
713954086
964396801
836909012
138786755
175275801
647398437
112127010
392680308
575269997
71965936
93870401
803479195
969126119
601299655
898668961
944164060
958127670
932971623
233854583
750043968
276788838
974270697
852232661
741192976
822006733
182856848
60622360
536869189
18611041
483942798
749860762
93279625
91172545
641537634
952853531
907160845
688388896
454118123
121470953
578122628
183330381
481105860
661006264
584250317
629220894
828991253
839963893
641666971
426913436
777988073
806944994
765622590
408561731
297994612
291223328
970438614
179154954
364247117
653205471
628984878
970736033
899995324
78844826
778270697
744923239
847262949
655799159
798844343
449053646
288677050
923860815
85826252
822673179
975033466
756676217
30370534
780883931
341745156
774277884
705332087
20788809
768864275
417384597
782927895
110471050
356353452
1899482
865289054
42218843
621348256
789263144
286974011
280657269
968812937
612791742
191832775
833010391
921365344
648853620
674338299
145293300
997360281
855384078
852576279
783915461
213764927
91092481
300167761
48965157
21061914
847693960
804670149
523512357
921782255
421966829
252691686
805203395
761480687
510230331
576661768
734652214
556646574
83796804
122719854
706881846
827816085
743500736
623788639
900901609
738914505
966023416
369802800
287823093
456586258
28168822
349163497
701383541
856082961
759216683
986431226
535251471
603281370
189929212
161613273
114865773
426567265
516500834
721620311
485284775
721944301
840065137
552553249
676545206
855961629
918760955
734665910
899640603
806281208
850999495
535843495
746293971
183441236
659967071
48623997
832662303
969258089
56052034
661256850
283615838
838228009
883199829
630701057
244268365
57663147
801436348
479413498
567379118
547745233
944776931
806073184
488013948
3311882
594433983
746149066
825958266
931155479
55592929
180288986
602082689
186429023
316385626
295639786
351289944
290946385
881584223
497672540
837636524
94156400
401793349
1446623
296447287
661632220
536639400
746938823
459539030
389575601
352449192
895681013
315710753
61951212
347412185
879358059
301428475
311809948
621428362
334965103
907803779
641479211
873901101
739408281
550303416
614865793
731264374
616340444
709676856
427234280
646572531
626268320
151637462
806363061
484171851
161191710
745431382
883710114
82459358
967176289
780512675
856194609
56347331
24973620
628851566
172109947
478868766
562750754
996416438
569265026
64886522
730628644
920208439
415968873
796902349
893534698
441234319
386457955
43521840
923758256
951936648
594995529
933665405
847431396
968698484
541217485
473131205
566522544
259718356
623608813
937535255
521944794
201624880
191968631
646189800
668886841
511795253
752028952
306254452
293112344
192434505
656611017
534218076
655891368
713075247
131255878
773039213
