1612891
4021652
9280554
4249269
5975521
7853714
6706717
7025318
1619930
4462585
4167500
797514
5478473
1268431
351657
5690245
524151
1826704
1485832
2631557
7597531
5037734
5741600
8249143
461736
4376720
7859880
5885136
3338258
7406873
1775911
7920900
3493085
3138260
5990548
1053299
9617971
8715931
5262706
4241864
592729
8438301
3937628
2234515
5003616
2633087
6817296
8387874
4505902
5255655
390469
1766399
9327381
5555398
6990823
2562651
6645478
6433153
4675910
6933883
2579267
4497101
3380488
3466606
1703443
9165232
2099357
4607999
5316705
6301556
9395900
9162082
9025359
4087610
8374259
7551592
9730056
1456406
1197682
7880382
1315100
3250501
6662647
5585701
3985141
7949229
540213
8577170
1183822
9189090
8465465
1013462
209590
1111463
8978563
635581
6315936
767907
9925711
2963968
5074896
9402556
8100728
2345445
6728883
2693306
9769584
9682786
5127075
2014005
8408105
5358293
9355118
2923712
1322629
8922975
4076275
2670972
4056250
3859716
9470762
1815436
9072428
8431822
6722119
5802433
2903505
3586776
9415445
7032752
364396
9171449
8753452
4241805
5614783
9709209
9309727
6993958
7860620
4822146
19205
9579688
274765
9732035
8147874
2645208
497576
5865212
6546158
2966371
9627166
804090
6613959
8975425
8885594
6902853
1026127
2507264
349998
5500847
993152
2501013
7260109
1277618
1122950
2622776
9249734
9047490
1035289
916044
7428698
8993725
8017115
5362391
1871725
8152663
8486668
9489019
5790716
4911262
9466643
5833867
8718654
2398805
7258288
4163657
5374181
4938299
6576
7321247
5945268
6580033
1376571
4594316
7297139
4760170
7419573
1522102
1400151
2742186
7672106
1787474
7585885
988727
3433864
1724840
6951840
1847033
9135028
5131505
8311828
1395447
4661192
1092152
5534312
23012
2917371
8461374
8050637
1055402
3762644
108626
6165511
682277
7450277
5520513
3105320
7294401
537316
916941
7829264
4271845
2607486
6317185
9674631
104430
7030583
32943
4503747
9169871
5639404
5338059
2561504
6521098
1241957
8545034
5610239
7260307
817012
7630242
21187
5814519
8326995
288261
4833601
3288219
1570438
8254648
4425318
4793208
8364998
1055666
9781818
4694964
9849876
2966516
2031891
292543
1220869
8352292
3780313
9557464
1639298
1199876
1368466
6275115
1003565
1354846
5057988
6072958
9390514
3280162
612852
292163
765973
3005138
1606347
2687364
418229
633815
8953710
8970779
6149461
1738817
4736012
7619873
7427044
2409166
1763624
7060916
9783016
4540620
9305722
8104832
3437730
4403639
8662626
8311399
9712888
696500
5119347
9010767
6805420
9088229
2232051
4430369
7800967
3413396
2316120
6156267
4857391
1920705
8371902
421839
1424945
5819477
2464618
7493223
3996510
5918981
3345604
3711772
3856208
9695281
8260870
4196666
67690
1626962
9618563
8705786
2395415
2858638
6796537
1027506
2412015
1845359
2019983
2776764
4067905
749683
1141554
8645086
3481320
2902990
5778485
7219289
3341167
3591727
9619934
9025300
2975945
4665677
7662339
6735656
8286552
7688009
907999
9030717
8378159
4508623
2666279
6899196
8694558
7821357
5223854
9201464
6104520
8343759
7226663
9505430
3324127
2594946
2617910
2441050
1040009
3420890
2061971
1837846
8286255
6485104
5566156
5040583
2974122
3122063
5837503
2732576
7381643
3524382
1961950
3610385
7334601
843505
4575788
9277638
3240709
6643985
3550474
62431
9326552
8500387
454244
1341445
4807016
2830700
7833384
3341053
8722640
3104086
1207163
5095729
7265471
1162940
8524698
8659784
2710646
7783360
7479099
8649579
6644834
1051720
2152113
8952242
4321521
3664405
3508391
9889425
6698698
5734593
3517832
4751424
2506389
5224965
4255003
8723049
3018371
4320778
4531440
7306609
2147915
33071
6884592
8592622
8519298
7301660
5514213
5200456
1235595
1609864
5205675
7191960
6552331
5597943
7608608
5942444
6954979
3713923
4298230
8561422
9936939
770448
9524307
4473758
3597005
2796495
6289870
4484199
1781838
4166176
4817673
1040318
7679013
384206
1531635
9564616
3012086
6451613
4958875
7939428
2249873
9856625
8286417
4917900
3793387
7736534
8580870
6065508
6310755
1109372
6180857
7890421
577035
5941598
7448392
696734
3802833
9922435
1179342
8303577
5234248
4623561
2701144
9496923
3709387
3629380
3393564
4185238
5312493
3398406
4274464
9192431
7401306
540390
7326839
3983267
8748751
3931400
1938228
1752282
273817
6524961
4617877
896970
2977513
9571860
7298065
9712869
2385898
7792235
9961046
9541258
2027395
7279274
2648542
5065919
9728675
7043660
7133457
1044314
6105187
7055728
802102
6540803
433378
6674508
5689924
345027
2882377
8321602
5870304
7291001
3472458
6808644
150050
7695196
4555899
3663412
3092853
2176545
2862386
7785451
7451739
6056236
5024464
35661
3273688
4437043
6218870
7290891
7069932
4091021
2823240
377438
612162
1591966
7827914
6117447
3579432
8661894
9029382
2949970
5023897
3182146
8673814
4788676
753295
6233773
6222150
8563954
4261417
9314974
6713496
7349600
8135994
7955512
7199277
5259006
4321188
6958574
4847183
8244487
1749207
7397207
963926
3445847
7059210
7661457
4114923
9846747
4853804
3938093
6541105
2130419
1116628
3463483
1594531
6035983
2053158
9558805
4962664
7164009
485448
8510207
8563918
6730447
994225
5015754
6014553
8954549
4695141
4499242
7383184
4376360
6697841
7425185
7389821
4033554
1091785
6076409
2847456
588327
4653425
6765422
7463067
2244102
1821898
2554091
9727217
3090489
5267913
5950440
2629660
2535521
6867833
9021979
2328699
4251478
2158281
3774956
9538363
3635888
890992
4573271
1963235
3831348
389404
6921290
9976650
1200347
2238539
6484037
7837132
1047063
1499427
9237380
9217001
1771290
7222492
4564408
6292520
4008464
2969964
5152862
6572068
7109908
4858765
1793980
7210937
262041
3806435
742746
7280916
9919504
8550564
5443463
8386403
3660238
9316883
8194675
6907577
8745105
2837386
9844123
5083068
9771915
927117
3259913
6222540
8329667
7596049
8358562
6523825
3726872
360886
9177645
5772981
2685061
8268041
5556607
6561158
246656
1842473
6145626
7611973
1692898
9335126
4807870
7523489
2656164
9618281
8279540
7155365
9262088
6420413
5976775
379817
5520875
726542
6133224
5178588
2635732
9084087
8760380
2775934
2053997
9636950
7583303
1036521
6089710
4229153
4382100
2579522
2144417
6531941
6005155
7045213
4297096
9194384
5301903
2160747
4989662
8724416
3350916
8703613
1709152
2812387
9898921
5485056
2394291
9591548
3534981
9384601
4211113
427698
9878268
9672839
3323024
7813029
9141681
4187140
8043847
133917
2637264
4126173
2087016
9849862
3173131
6413363
2450951
4203694
7004583
1028175
3429115
5294502
689885
7449038
2960618
2967908
2640868
160177
1613625
6634934
6885425
2171920
8837990
8459639
9050217
8716723
6590712
8780479
8105573
465847
2146168
414698
8451072
5921864
7208073
3116634
9730377
1523759
3545147
6476333
4136245
9501088
7450335
2802286
5132683
4844492
8765378
7732638
9537110
7738462
4553135
4817661
627229
1759192
1859741
177217
9429049
8930763
2245932
5519379
8953731
7995411
143840
3394741
639237
5691129
5598127
9565738
5965983
2901622
4589794
7543133
45223
8227934
6682107
9223616
4126161
6931429
1234589
5450724
2919654
9113710
7955044
5558015
3584782
7371126
8443767
3158342
1158376
7934189
6650278
9724553
3987128
7557853
21404
6667029
1892093
5002722
3044061
9820467
2879427
7615641
2978242
6321394
5770260
9820108
98654
3201110
3375141
2780287
2456258
2519630
3607821
5584339
3369121
2285220
480722
8271355
8520641
4945988
6384398
6552592
8225131
2955014
5803190
8176799
4736093
5478765
5019478
4569671
9357123
4156718
2753549
8807608
901558
8746657
9401065
9963305
8470341
5571145
2418605
1738976
5194917
8490456
7007726
4074432
5215993
2529927
9505629
5159248
6047194
7184562
6775491
5398704
5013317
1663194
9694897
5560727
5357605
6255785
218114
6119826
1506154
4777884
400048
9368770
455662
5916482
1077664
7244042
5666845
2714306
87714
7821161
6226939
7508010
3898027
5902631
7502455
5710008
6229673
8554647
264589
2712818
5565858
2548496
8258552
386716
5045973
4479918
8166477
3679793
4141501
9541758
8929776
6159156
1770980
6724229
2242736
1238340
8070765
2292444
4977660
342713
957020
4481459
7777711
5786353
5644801
3675912
6006341
7069301
3047950
593361
9444194
9033064
3268022
7069237
5251907
607853
94715
9062593
2616646
6621747
2738155
8591786
8323861
6632443
4273711
9045085
7311618
7686380
3525011
2215517
1298436
5341166
4425755
1041649
2925582
7458695
6308048
3967804
1424725
1861254
8419861
4952225
3765695
7556436
3351273
7596449
996160
2562705
1863569
4021473
2706091
6107003
7596089
9082044
4834536
8659952
9384805
27272
3175452
2070964
2431214
1162571
4919913
9012252
1224631
4002485
2680106
5880982
573735
8112625
8424691
6246644
7772825
2752887
6068436
6967297
4618178
9088844
7960028
9791289
7300738
6778114
2390240
851748
6699317
5576420
1362937
3680585
662870
7134510
9459759
7683747
1812067
606080
9907352
6291837
7382959
7149129
7941364
3238944
432714
9439850
4448263
5987291
2806571
4583806
2402753
275873
3896289
5759533
4623891
7961297
3808485
245541
9296338
5986249
7574988
7979816
5348544
9783797
5991081
1924041
8980058
9620258
5866390
2405196
3252254
9640714
4058393
475788
8709975
8500066
9405177
4757293
7147926
3522539
2370595
1047436
218960
3711161
4900348
5196976
6755490
7311143
795287
5304937
1606751
3367836
3828529
7680386
1655998
4901446
1122294
7049636
7678271
3924816
4463591
8791946
8887104
8932059
9575055
9605845
3281042
7231735
8084323
9508600
7712541
7700269
1670926
1279541
5192244
4732618
6839685
4069082
8885162
1647041
8428324
80597
2479020
7973340
5267672
3933782
9230022
7891001
6463703
4805627
9377136
856211
3479502
7388324
9832508
6115796
4141864
749248
8713873
4169446
8389057
2085245
3955961
9987670
2088118
4828444
5378022
9762205
1342188
6430215
7402154
5265990
1770618
8699276
7437511
3761583
7666379
5504122
4510815
1315245
3203598
2333537
9419950
4335555
6136176
4291566
8139688
9629159
6000515
2255614
6719371
5939615
2044910
8277089
1345669
3971392
4450068
9103181
4932024
7448028
2041813
8514500
658799
4299869
483660
1908536
3583955
7598430
89588
3661490
1488306
4756882
5943490
5353491
1602409
2563005
2275900
2153527
9074146
4999789
5483350
9980083
9285384
9964242
3668033
9672915
3021685
1491574
1762508
8896014
4376618
5446574
3126213
6401392
7774441
4515911
5851027
4377549
561127
4376543
6238721
7089483
9466268
4717219
83970
9245705
9760180
6557767
9919799
5352504
3331200
5593079
9284409
3468914
899534
5377706
9231900
7492823
9189038
9244460
2838486
3402405
5041566
7367432
6492539
7860819
2013772
2496709
6052312
5820396
9345925
9371184
9969283
9364033
5510077
2407179
3913157
8451693
9645382
9697433
6814754
6499252
4586237
9764855
2392739
7708655
6850703
7365738
3895714
9289906
7040505
5078717
4867954
6031449
7952885
9269049
7578407
5511350
2214798
928523
6953077
9196956
3232133
4130651
9252427
5482220
721524
6957053
3971031
4498131
9366335
5934119
5560037
4085206
3045249
7861191
2201182
5236686
5759204
3424148
5456963
5612443
7824601
3167412
686948
5315131
4823977
9050605
4059580
2329124
1507676
4839570
8276318
1379904
9464941
1891432
6145117
5377978
167430
5748385
6969865
1253895
1844151
512044
3340291
3510258
5612159
8585980
8066942
2381195
56038
2598064
2753183
8627431
8765802
9873869
6704796
9521319
1288704
1752162
4379822
3912100
7749710
4516646
7487279
5769660
1059270
1437142
2386366
4622095
6083035
3944186
1136616
2761766
5514047
6661172
6180934
5830216
5432277
1351692
4777224
5086382
8844543
4450099
8336411
2353309
1357871
5132111
8498570
9374495
2167358
5500701
5251351
3379945
7132305
1626045
9827376
4227070
895464
3383914
9025002
6680298
8880933
3259512
2509482
6441211
5598639
611049
9944700
9378749
1992418
9516386
5327932
5045321
4469184
207456
6930048
9915048
2781995
9208502
717635
2342187
9638138
1063857
8753192
9270591
5677067
2902117
6065359
7040411
1151987
1882394
6276550
6438252
8220732
6947975
3945741
2860491
3178651
5452661
5523071
3463225
1820906
5972203
1715080
3172566
8224879
8047331
8971452
5903324
755042
746356
7601181
4049882
6675782
921760
4497326
7163131
5489314
6892687
6249117
5010630
7254599
1211907
3127385
1516884
3734746
3963620
8078320
4240777
9278904
4944952
3353017
4517325
4407649
793800
3210968
9640233
3003455
8595603
5189235
6207580
737495
3470582
8346417
3318112
8759665
1495701
3501509
2119155
2404186
9062631
2216343
8374973
4283705
2149033
2975446
8785108
9483623
7897128
4065782
5614723
6595018
4593162
6065321
6864304
6472030
8238691
7433547
8008293
7433280
537034
279260
8396759
6609448
6061398
7584757
9303485
6896154
1454871
6069582
7516466
6663299
9224554
1276084
4926607
3232430
4647651
6197268
3481081
2187241
4823930
7489325
1580931
3703119
2867600
5786210
4137240
8725976
7777979
3823842
7269782
6742993
1104998
2711583
9340411
4681296
4590590
422947
9982380
129276
7503369
5542310
4908944
3337454
9052566
4826099
5972797
5114695
6354712
8701277
7410410
8970874
4135884
3453541
7232298
6913684
1037910
6094652
5062586
1558109
9011160
2719961
5229087
9448800
6389700
8686260
9502171
7008297
4912335
4372948
9838555
3807035
1961999
1913882
5411637
290384
5346547
5082610
5641860
2067832
2211519
4046018
5304134
42899
4498100
967333
4556586
4249400
1451971
3789194
117750
8484957
5683458
5759659
8681243
7688894
3854523
3352205
5711684
2300979
174269
9736054
9332273
3290112
3553724
8960285
9862795
735653
7464622
2202317
4550663
7954605
8114954
5982310
3184998
7590612
2852631
8743908
1266187
1875257
2921401
1348421
4569599
1612371
5972591
6279763
9591795
8438987
4545883
5656481
3726145
7312778
1833887
8404450
6649887
7951337
7070093
2705889
3338029
6869952
1548887
2205334
8628842
9257037
631187
6540205
5214942
8723578
5736476
5247956
3564433
7063889
3630047
5298379
4503774
8933352
4680690
8715268
457915
9547580
6467375
561617
5880505
2928949
5000509
2875174
7526688
202453
843619
5581078
4554212
7141521
9822544
8284243
3467774
1949170
2582422
8156830
9981735
9703084
4475996
4825963
2587047
3215127
9552574
4431557
5919888
2685164
5537670
5673177
2697627
8611253
5669852
2833509
9197142
4663669
907957
827384
7503301
6094843
2286418
6236760
5138531
9750482
1758619
6321585
6466632
8045118
1162958
6100154
3664026
20742
7301045
2264517
4625532
2958529
7266947
9054704
8758714
9986771
2180725
6730921
3506569
1324829
4114326
7974702
4063751
9146224
7072859
5540051
4093302
4847102
9265973
5070165
1819385
960013
9530024
1429308
9155981
8002887
8545394
5516269
7010347
2311909
7393401
3981943
4223616
9228620
787221
7301479
3919355
5362090
5343726
2506697
6176369
2881980
937210
4049023
3200855
8613391
2630585
9266697
3340637
244121
7724696
8029686
2701792
2657821
1734883
3699971
9509413
160336
344848
1433291
8414141
620659
1935305
8219174
7774718
3778256
2629165
4189746
8779176
5830578
2294777
6879961
2900626
9714031
5004453
1231710
1938600
3417692
1372339
7656717
5342491
5129038
5883116
3106434
9168094
6316145
2309536
1531985
4773579
167765
2802259
6338736
2808005
7894794
5730737
4286254
8762002
793453
7857172
7244341
5398660
8187879
736476
5615102
2105858
5017703
9357128
2663972
4397834
7109455
2166836
3462627
483137
8304289
7227735
4412257
1338532
2122233
4826751
9233392
957302
3367337
7763831
1278635
5522101
3115785
211793
7648212
8692332
164020
9214854
6309846
4679851
8726866
7920692
8649500
1184906
5329008
8682780
8795259
3096092
646441
5370746
1597172
6805754
5893082
2466789
1990628
37552
6322759
7054786
2637023
2345821
5859615
5635002
9605964
4088088
1324770
1667606
5914967
8642585
5668582
7660226
5783315
1850941
1126628
9589553
2720613
7354476
6115893
9252541
4960792
3427659
2661258
3766636
4648130
3172805
806187
7609372
8310209
4422695
9104198
2231254
9721757
1772341
4140024
3766784
417450
9045631
2057613
1026228
9131063
9837197
7724969
8274960
5485880
9923274
966608
9745569
991146
9909115
8479065
7764183
2044448
5490690
3167094
8035183
3467948
905016
9961078
1479226
8678406
1614354
5180824
6385854
4702727
8152979
7597923
9283944
1742240
1841553
35049
3022363
7430072
1190058
626119
7849741
2530585
4250734
206308
280076
3793726
1999395
9474175
7230763
6418675
1402941
7166465
5336663
7826088
633778
7906760
7738418
9235980
9673513
416563
6835274
8806152
3760504
6075027
4233598
9033730
4000100
3381488
7135685
711020
8997301
3697179
1504901
600930
4234190
9612475
5738284
1013458
9543629
8673235
584614
9772555
2191092
9246292
53974
8364771
8776106
6331673
2145829
5334314
7127340
3466014
3106208
3221271
5328618
110700
9567257
8506850
1605511
7233419
2941085
2774525
6886844
7835770
8895460
8204700
6025066
7398701
4322770
3141890
2921012
2536757
377168
6598157
6725414
5401828
1090177
9142640
3534070
4850643
7592625
9112542
3018491
7156216
4862316
1064040
6156112
1572606
874339
7857394
5915897
7299658
2867962
8107007
9435008
7745466
8785731
4552089
4639084
6267309
1194106
6007681
5523190
8017623
5331384
1434953
2300102
5194532
3906291
6244076
4137420
4875649
3895570
4061997
5787566
2657742
592363
3493456
1392867
4588018
2499926
3343970
251210
3386979
7105427
4885405
4169874
8701158
9426867
6346498
5553358
9679911
9110662
7692600
8394559
92228
3082958
3427631
423674
3565915
6093572
7301678
9069623
5094315
9789784
6196635
9840659
4853014
4951522
1591180
7310901
1173017
8102250
2902661
5815905
6116719
1592030
8211365
9243436
1855371
2604930
8067605
7660984
9903869
3490836
2026868
6566738
694517
6327191
8398476
3844164
9364714
827130
9774292
3198525
7925657
5223838
6435232
6469951
1714785
7837043
2631756
5680327
330141
1840769
5967442
8954785
5457100
4254962
5115992
4937045
8528413
6679052
4363607
210876
2004285
6628751
1150982
3563014
1135675
9457496
5137986
7892031
6952912
4994328
89283
8260974
55785
2666028
428964
9254859
6285932
5656826
740541
5887150
9920200
2360802
9256962
7691346
5162263
356731
1703388
5032984
3069062
687470
9850341
8962251
8435865
7292368
2938599
2574081
5428590
5893055
9502740
6728346
2221129
3144601
330449
6198038
7511283
1352462
1596353
6670508
1845741
2997527
9710448
8176732
7677367
7349249
9966410
6666910
6307029
4334721
5745072
9656127
4198656
8591525
2291375
9408729
1506623
2286290
3884546
7591205
7739720
3511146
2526188
4578269
6148689
466452
790130
5422323
9902513
2588879
1289201
8663749
8650433
7673044
494477
1337026
2574157
1454212
5391436
9903460
8428568
8511470
9122572
5418454
7912875
8141374
4523701
7892201
7750886
2201794
485378
2939274
5383395
5483350
1980024
7608257
1477059
9728376
8642598
9337839
3517451
8048612
2258260
4529101
7840858
825442
9956713
1848188
5518552
4961643
730738
8142578
5388553
1359445
3571530
8294275
7266715
8371598
9616099
6213723
4492264
3766290
1814966
8715147
5083579
8701952
2089210
6016866
908133
2679998
6552615
2507349
2007346
3370328
1294692
1114992
9692989
1404979
9612101
4060623
715276
1541573
3044708
6486961
3376015
974375
9316407
4012614
8466199
396197
3421552
3997748
8331080
1371113
8394908
4231533
8697805
3917281
5975825
7995273
60628
8909650
3822129
4226578
9250912
9941513
9106082
9330391
6317919
6228444
941597
5428410
7156450
8636617
713722
2060421
4896022
16015
2824519
6650449
9151399
8261995
7735317
9489766
8128077
35740
8331449
5449122
5419657
7444391
9498523
198190
314479
1643086
3474786
7577998
1622542
9930363
4295222
4554134
6653135
760566
4031764
6381671
3758166
1180024
8697188
1360401
1572517
1407036
7324679
9544209
4025546
22637
2817987
4488251
5414386
1459647
8524851
9894675
459000
2078774
5653956
306031
1465964
8844010
9971936
8408562
7268728
7206832
3703320
1503691
5440437
3308543
371496
7107156
811730
5641530
9810934
9662380
1097779
2310914
6744575
8355584
8174096
2864082
7784312
892161
4763579
8973481
964788
1310141
362409
100196
6234153
9246292
753757
6434922
384762
4788361
5338504
6331349
2762512
17992
6981275
4585605
6443725
5292192
4122649
1365757
584999
8699031
9637987
9414961
1447868
1339608
7892371
4911879
8233798
4431754
4240318
7742021
7257216
5188273
3534743
4730787
4427850
6596856
9182507
9569971
1116615
9615217
6433248
8548667
485859
9665531
5202855
742907
9510284
8184480
7409435
1035113
3734455
2271104
2426367
8576105
1335284
514163
8280378
1918776
8362973
5696773
8138981
4281472
3532655
9694634
7224687
8211629
5952587
3180505
687762
8298547
9647785
6244196
2328699
5005743
7826780
9353646
6310195
2749490
7725907
7771152
6556865
2461573
9712363
8998199
5260101
9659699
2963347
7517710
7789145
5204668
6189062
8614571
1152160
9576067
5976566
5093386
6882943
2943934
1286207
4076352
5113421
3048941
7595641
5380498
774768
1445144
7406014
4028972
8020412
1271645
5265791
1146992
1645113
5271631
8496927
9932880
6064128
2089064
5728914
4669405
1324158
8277038
5743355
2478178
9055301
6394183
8184573
128341
4498694
8031185
1079501
5719918
7124840
3675821
6708360
1967935
2833055
3928862
5039015
6083703
8772163
7304399
1010290
3868864
1728307
9230903
5957918
6753544
6834610
6789639
5149997
8790750
7845024
4037102
2364345
9627328
151046
8530050
6560673
5717818
8955698
3986223
7520119
2506713
8693213
6436516
260073
2673920
4737183
2822948
1661649
5884396
187320
4512920
7793366
2093033
7030483
630927
8249696
5593642
5629826
4371183
7303565
2965900
5305852
104943
3943605
6375716
240365
8620883
2247458
2605596
989974
5807417
4763437
5653831
8565295
9799819
8354105
566046
3999106
4518769
1553956
9589453
8373765
7942273
2937242
4629946
6752458
4793729
6373053
7833325
3888252
1548689
5049949
4565500
7995355
2702300
4296406
1255563
6347202
1383637
3380966
776566
181135
2618452
9055946
3109427
8174743
8616789
3164697
1850548
1890442
7337676
6559054
7310276
740518
5555950
7740630
2506739
4734065
8798117
2063770
339578
8435321
7838261
5305955
5790879
6238554
1383020
4595152
759539
1160617
390073
7799959
3743619
9190756
8755997
276762
4354849
579799
2339053
3446167
3277151
4470459
7716450
5486481
212539
9947843
4108986
1061167
6500927
8968742
3480208
7699375
4855013
4104611
8008646
8019640
7081170
4612975
7037862
225119
5423226
9219489
4874690
4009788
1586610
2261593
3089073
9699455
9440185
2615017
3242891
5572836
3453738
2500999
7078577
1326867
4698051
6204346
2803151
8856588
147166
8462997
5883365
8910222
4003488
4843291
8614342
838000
3023287
5369466
4609027
7887270
6329928
8218759
22809
5586327
8509694
9821150
7350067
3843646
9088056
8674905
6589729
2853640
7809822
3627433
9647141
1799944
6627731
8229620
2869771
5416819
9659306
1997266
4533181
3738245
4109647
7807565
3680582
2424592
4341035
2512196
3050820
3272306
3632171
3316179
8238640
1257152
20895
7618067
5380515
4752388
3725813
862531
7924907
9431092
1335073
380386
4975049
7993584
5759418
1417075
9555586
6848618
7752394
5122711
5082051
4145424
1329533
6523439
2586814
2299171
3813970
4904371
5840036
5163732
7707885
1359201
9267095
5114444
5829955
232678
7744134
4154084
3088251
4969188
6384033
2025258
4141942
2933712
5174412
9865832
101051
8298358
3782835
1023343
2625312
1355089
3682340
5043477
4677539
2381899
9305669
6274399
6980452
1967863
8542582
6131578
5672419
3004823
3259146
6726360
4794988
7544488
8286212
1086189
3400377
166892
9246194
25967
3674294
7646333
7251655
8097358
7542621
5241358
5846425
6952500
4095949
5786188
5587408
1687822
3425446
2434140
2278882
5041490
6803783
5570563
4071022
7901602
2556455
1556831
5476574
9683743
4793718
9438549
228874
7099648
898043
5277361
3911396
6685499
8980318
1431793
6273468
1936184
2537106
8004238
3082381
4560253
9837320
6219763
6003414
3682192
5705954
981065
2156073
8615577
4863367
9209343
1927143
3519615
8739254
6593241
6507001
7345314
9475074
7930385
789600
1225996
676187
9208048
8326895
8440759
2016566
8778766
5059383
587143
9599163
9840546
2438599
9168544
1967865
8678866
4130561
4349866
55881
2376661
3848043
1189292
3449756
3997702
594373
2384225
8664984
8312690
4718873
6287380
8772755
4893371
8156114
1824138
7300609
6493136
1260128
2521643
133526
8179437
8804948
978371
3074318
1588129
8755243
2560595
7510794
3548925
2300851
5896431
7720843
3415455
5218299
8589454
5461871
5810163
5504575
1789053
954158
4182179
8502561
2054976
5821403
3934619
7789671
7842760
67663
8172339
4896010
9351495
7907727
9621410
9422844
7668372
5468916
6899857
7654815
5388352
1433391
8661753
1057220
9439798
2070928
7745079
5261069
8541480
369658
8117193
971808
1652713
7861169
8564195
6246151
8125261
7732114
2796465
150966
2352453
893886
9839721
891641
9497697
6663549
3883374
821132
4256281
1807863
9831066
8923683
791436
3317904
4444572
3128321
1792582
8872933
361763
5472537
4245373
2614042
6302513
4771171
4647551
2282652
8588305
9317637
8349929
2444848
7175410
6044188
5151223
4382666
1371798
6594559
70407
736622
7732386
3626457
3025490
3979178
3220762
7393101
5671762
9818025
4056213
3106440
2481501
5421071
3836292
2686918
1962257
3227752
9569261
543862
397996
2616950
3017926
1222691
164588
5619859
1425618
1402232
5406832
5567415
9478787
9667996
4898397
3536292
1268174
3102201
6629892
4598113
6626725
947521
1054226
7700968
5046893
6593675
3685680
8468994
7254337
9092560
3629527
818019
4259860
1132369
6436422
9601652
6874629
6115431
8180257
3408578
6315145
5477501
5273112
2128997
3919030
4593453
8904155
3967024
2983817
4995182
9648685
1719193
6838905
5659184
7339473
681915
7991095
3737946
9798025
7187750
8925247
707768
3664865
9973885
3262359
5930791
400394
5689272
4078822
6121908
4235456
3184110
5899805
8308640
2688383
9695596
5916270
3967036
6529984
1682018
6222562
9699016
6863552
4089687
5276536
6297561
7014033
246555
1512757
4928431
3994605
7187699
7182840
2564286
2524246
9353616
2059554
5207458
65049
4785005
7882344
321817
4812837
2145903
7845458
6789350
9040684
5143525
4631486
2317510
1919993
9470360
6107125
6196245
8875985
6059299
6537710
9690217
2832210
6880189
3654363
4608858
6805518
7487341
7982699
2260302
8765447
152918
5286978
5822809
6565198
1094233
1885672
6860044
3722683
7314937
8123234
3939640
8295322
7720732
904586
479519
4823369
5475055
1599107
7865678
4927947
9369274
3291707
7193719
7933678
5195851
2635461
2888128
4197282
8482711
3500680
7299893
548953
3497639
1027921
1888256
7212615
3770378
7674180
6037500
8423233
5363977
7334502
1873592
283069
4816716
1917249
4766554
3019135
8453210
8906695
1792503
6843381
1612295
6133126
7306553
8793972
1916699
5278930
5025045
65032
538384
6772343
5014415
2935495
4734054
6762836
4519963
5107913
4278286
2786203
5510216
858180
1096230
4960727
1463786
663913
5113145
4095722
851150
6909341
8553626
4127796
7763665
8304565
759314
2743723
2842639
5331795
298746
7395550
6951818
8043821
6911727
4355898
3852673
9094557
3105174
9480687
1404554
5308344
9814875
8410270
3408276
3788715
3237317
2859904
6101210
5402738
7817816
4374045
4712640
7362243
2076333
5323591
4638822
9275268
5446216
7758525
8408663
2592456
666607
6408419
9284760
845507
1653525
7927052
1503507
2321647
9391024
1107987
5147052
1955164
6130879
1657815
2004895
6024142
2681856
8264307
5368027
5270309
3050407
5085231
1531695
2252222
5422194
3903
6079238
4943178
63659
1738704
8994172
6236837
1560374
5563767
8326967
1678058
7006260
3316715
83280
2814835
1673429
6750147
3055922
2292248
5714012
7482058
8662554
4434756
1478794
4743561
2115793
1008914
2112652
9685420
6058542
9511540
7756535
3880405
7312353
4995070
7920394
8487116
587836
3617028
8997166
4089769
8017334
2098482
8948976
7348498
4172019
9214455
5465123
3642702
3454597
3671653
591335
3582583
4024968
5779988
1529145
3391276
6542369
4156920
852494
2660795
718
3037714
2622728
1851119
1086101
6528068
3710761
4040834
9122430
1068509
9334389
4918685
9478782
9725712
6317901
5299091
1211207
3288747
1308587
4340811
4132153
7068504
763469
5059579
2372985
7045324
4395349
611297
3360673
4270100
3654440
1608109
2365556
2533363
887154
8421078
2172298
611100
6588941
4761541
7327317
21023
5514356
7994238
5421860
9810263
8062675
3840560
2204003
7777456
1434094
2357764
5610288
1010372
4162098
5632799
206852
5384213
9318779
850199
2138483
4646702
3064247
1361218
9569294
3450885
9471365
6058089
5533580
5668881
8152689
4995356
8199742
8627330
9229625
5373588
12265
734758
1004211
6061774
6314897
3414731
4380224
3468861
1904778
1902471
9867034
9402384
7487915
4021699
4640894
302821
7424283
3164254
251092
5919289
1428435
7053005
2814443
3931477
6916590
5759545
7655179
4641107
9565020
6149308
1927337
1739260
2236851
1837277
6883344
8779994
2207961
7571231
837660
3788566
3752611
2969712
2639044
9628424
8241988
3096772
3215425
5256402
6878649
7915770
137541
2362496
6934026
7212598
2945274
3813045
246819
9403161
7907444
7395267
1392035
3801163
575175
1878229
7295716
2932548
757777
5633279
7412770
714439
9903444
9961923
7260478
1657743
9116913
9343711
60749
7344006
1312318
8042169
1456521
4371960
948788
2380582
3055727
6446856
1416144
8061800
7291461
7976260
316031
7897702
9354427
7804563
4914553
8875900
5463363
9854910
3570031
1219470
9859898
6550695
886211
6222505
1879591
1866101
8867354
2211726
943761
6823454
8819070
3634752
6165192
1644040
3214045
5037759
9642596
4785060
6280037
3346851
2650451
3323881
5675078
4215960
7280335
7721468
928540
8461015
8507494
8824295
9918592
4428904
572582
9222630
411489
5685529
9981219
8349329
203847
3035999
2366675
5849803
4368491
8689527
9848806
6142909
6428154
9566866
