7447
701203524
577210091
929411261
653771471
5352645
501134543
825024893
399791405
701264188
712668640
96587273
411842837
693609792
801283279
834705271
971493823
285020418
972407981
532802143
306982084
73454182
659957995
533265104
368183206
249258975
220500580
237963095
185901127
649754638
866381510
459323127
35325038
964987403
84395318
509253560
138863519
345880080
328676876
137878884
108258089
295332099
928631608
544179341
396202851
396906203
119668374
603467899
187216685
559717781
680992651
350980197
949086034
785051342
310792716
435867545
426043671
824457323
686494133
709163781
24519373
874928670
782358470
748456499
723220180
311164404
182054342
289023618
883192552
206506188
218520726
648507734
55261342
364110546
796088644
235974339
242433023
966432787
787261519
144783547
743659101
687403952
94123611
590114866
227468632
257555473
166368877
258272975
562570517
325890682
306107293
735600564
758759149
589768619
22737813
20751463
266637587
120561328
979836350
946320805
804306385
600440591
858349111
128640774
698373333
702344019
339533564
710010371
75382089
732452409
219520784
738285842
575776897
183391802
788525674
62300853
362165192
704901941
5483795
378105042
280998919
360989257
709442819
506008254
146894655
455651815
39059057
221549645
18318528
748769651
758851901
36770813
452071250
507153739
531407996
297271956
101047717
11322591
13486814
389740682
620955775
218231217
618790205
545726321
86959791
482272225
577403310
214915186
935555158
830952599
413288038
769492221
771017513
764428923
770131419
679727300
44079620
482744859
592198546
265893103
739104887
300949195
67579982
504385019
130962117
167472627
44033259
696041726
20055920
655153531
160191038
267888087
585286728
854937044
696286675
529864284
446186155
382246136
311952937
745724469
606834389
394101713
417670671
641035117
24568975
168247259
895199890
880196100
787491653
625052317
897312542
375782350
218852773
965336201
67276745
730833426
567548317
353913974
575633748
87274655
369048789
346283904
224375049
758848598
782047743
217537023
479858003
585109949
330641607
648341339
191101577
708272282
65743849
702925424
792277930
170255420
765017204
983662688
339520840
353015319
382919974
567452651
909132905
828319792
314072679
318969413
829493468
218664696
597425599
357942526
145204786
233577783
215736703
631733017
355343811
24495237
312018658
826044657
645692730
430354865
539187901
914895547
365095507
334051706
846129838
774105231
222699107
82158425
47375233
701478349
602128967
389380285
36356441
265529280
377893483
462478542
821381282
983134925
600653701
774594404
581914000
590770205
103481364
714476339
713314610
346500272
47758363
60313684
476764406
381015940
425252669
997432900
81422633
710294542
556777789
64347719
355565230
921291777
794374840
575087131
371790937
562535916
553412858
213925454
737089033
638085342
794997320
686262342
769112465
881776433
581287867
804177942
564673854
601074670
776064218
967615451
251774392
293500315
927060817
228446476
454364499
428921164
148239725
674662857
517559274
382641474
525428928
442774985
385239020
316190501
84760223
762279494
221809705
394821169
326296281
235115511
856930478
367548371
840740623
678606152
465461610
600832008
497883751
149536531
492690574
682623997
177385691
534720025
830642764
467612800
991379956
124553677
353723917
316924867
649912694
439112590
271832438
135041036
292684275
280921183
315097695
821984700
760608315
247973462
21742497
962064904
938834480
525177203
295533717
585759425
818963647
81091021
107435011
401729009
239065467
232996969
889104821
540972454
873495033
494056658
790306017
442328201
590279127
405349561
532969234
799484546
788319777
208343058
485791476
66025662
55527571
586012560
918928216
146502514
682129198
895366803
717392751
500779154
178869296
168810085
805070557
669483036
713477714
211802789
448007772
44882825
854555531
22342058
67945263
860859391
813927573
961456584
668650410
705572795
329962712
931581618
176988645
268419686
485419749
97448879
241825183
778210007
3639137
626347688
699293602
639162349
578097253
855870096
930158477
752924536
704206807
233290106
722028753
286739241
623089189
346831974
419434216
743414516
801538536
803175793
543921536
533803096
200375119
770628971
71009181
491286405
230143160
518740090
466872749
920239397
886424496
456251513
110061825
189189674
693654091
132148870
254790399
462082731
341874204
776342346
706830015
808396584
721189019
855523889
948979344
547715774
883808253
855345631
47001456
758086354
922430503
825564687
434186098
114019716
835578176
449163258
470998240
149767338
772765480
806632964
856797759
250135610
642591969
586508929
585849923
564336348
958529556
934737521
652085940
367085129
212163974
382723734
300754609
387624309
615001445
165396747
933813668
501883085
995920633
141079132
96495795
865001707
892548218
349378882
997779013
561778241
143629587
484325569
111366641
655076983
305837312
475919029
825277670
226881249
728094622
372016369
809555678
457801528
557385009
643309569
20554572
451579412
627273273
115617404
477484979
18501762
130105681
586248041
888037802
287933690
822309349
852574763
334921817
302720541
3544702
317930949
66181476
173225217
121764558
687400857
413608094
491485073
658000979
841835454
91881123
74662877
387210598
351068926
907698521
349978818
744975660
618246504
220728235
111925850
684552239
780111402
758106395
766269290
772338868
34601395
567856662
505704651
675548389
439021730
485781373
272507792
264454876
557266926
337437237
978251654
295471054
36152166
330167955
278674104
455638985
75947351
675876558
363167758
357017782
225155170
843376426
120861805
832604930
460803020
270709909
489550006
250891010
194179876
808976367
798217562
971682461
585712886
106454620
257441060
308012665
773662426
774992680
59404919
988391184
604565092
193470472
43102655
588176743
710923919
933248591
913843754
3012688
64038356
911939815
132752282
812779313
496233291
799499953
340070013
726445785
469995602
20364393
415756091
665180406
244230088
458127542
7141786
680742457
450073198
481206324
740981048
80907953
877482724
434588973
588703947
644912190
705210965
988375801
151830753
919013855
347323735
354227768
863784289
292681151
575574983
329450062
850877660
461049928
22493356
523651861
656483751
445134245
636902510
138642949
966813228
237838791
746231240
752872143
932562485
636286605
34860157
669234809
940110601
365671833
344396745
192344382
627195898
191841637
881217693
74355699
497204969
760387344
491647423
608659144
771286761
366292142
386592464
141638639
849663672
294956636
302531121
671139355
682114683
647076177
467383362
792768485
345442059
168824623
738864747
558900197
808663377
757267045
909023268
791701104
276463462
892497769
691482960
931930119
889601752
419374997
217366761
297428967
137948722
495952699
955184099
8984589
956541831
326834652
438613364
138529203
130129162
753865681
187821327
3466036
669017464
280781041
52589702
664347798
395349911
684857569
487072995
672244875
626382186
649001142
284364516
211483665
346502818
467599066
267281295
457236493
393696918
764915627
112383480
820846664
403033651
532520808
123683693
432383067
2092677
574649683
111065222
599176410
578875012
214034541
6092836
460123248
346178559
310689990
336031679
706344983
659163548
978607710
158411856
670793821
531170963
466744075
149981800
922205795
878365681
154031955
674020779
702942352
536960429
401250743
802469282
500475331
995532831
339235540
800892640
748518855
498320622
91374282
258953638
722827769
982268523
181308664
654867068
817015944
195974770
498005216
815385281
188606739
813482568
639052228
683263552
916664521
550078645
324353777
637473064
328537979
102252732
891357340
621757404
673618700
69049405
193196905
464123243
640143330
715563882
128371000
439149550
79378290
756299044
962979752
927710116
830300338
798286310
357608166
242606832
723040060
641438480
619757115
261990864
350289801
302204273
266820443
306475685
390899085
217806414
384145370
101412016
350902954
92794939
608612609
402416296
445080654
634466148
599785529
853773306
659309175
264333328
403381745
412475755
140282146
326405702
161007071
837707058
974223996
879310749
200677230
838836867
350869616
586912019
310844588
260640128
937273056
304032700
975954384
493239004
69732667
924101659
781266776
763187185
542275573
526890809
593734554
225943544
845372930
382505747
278264649
328117840
358220618
968621075
716599841
781253279
979344164
68359199
952889992
518219818
862834977
472115677
389619988
348874507
872988271
883038650
762030911
541281136
77127872
450428844
355160270
57128810
890481559
331332065
548871514
702532261
585682907
962698925
679581504
988234179
708845939
252094848
820297665
944154951
833512391
998978287
588794694
739734360
792372136
58903469
49537706
764232566
71678704
560338027
625074824
983686074
973063129
596885536
504504924
172061230
456681824
745585527
178358074
788693950
378234390
557480250
746811363
202930373
60854820
199222267
148390485
931689572
359473178
307768153
882859517
347425264
812646229
619492690
724518777
999192416
793022087
909964251
557164609
780698575
172350375
170246948
868887753
946605509
573800770
573075717
407457903
854744538
658903613
462037373
367705777
107681646
812255706
470410049
803388706
250928494
156495482
223145941
438556088
146090953
346767927
763943528
618825038
74958179
481706906
633779594
964666713
143856433
800037550
683429748
166848391
912897215
904539441
11637250
176110391
484185634
799964046
62914234
459309146
885153280
337686915
265299254
30275598
682718014
824576766
79257688
404217726
650060529
416192207
985794384
328476995
202830110
226966664
305658685
783743056
285743667
476810348
559699068
814180966
249651638
560124348
538067117
312103218
149551701
435354614
108728845
784503706
952916718
914131761
619908054
354656241
80971363
581559703
794295397
910508719
213067583
839675527
575929425
695455564
319229464
821020922
783454729
980839473
343482484
705457303
24574993
470216840
650736242
531019014
984224404
538971356
467072081
792853128
920253991
257271237
665661441
199801503
454573475
898339435
533788944
891799190
294572899
145167404
646107652
538300390
764569328
190926764
670685512
41657892
663435495
155177423
506081621
57573763
13829172
802033245
168495808
345207594
433680734
770926894
739991563
2898784
210421464
422204850
233370646
824379823
396780211
535701799
759102771
613598980
682115264
250921650
110280296
979961474
218203208
456307068
896109383
639572299
878819435
212237850
284090811
790234444
765493085
392051243
110596047
54408252
729758404
777814400
936302660
677351086
130402524
517398185
635152940
195139849
955466891
903707925
689449444
594353882
850904869
549859555
857507150
844932669
92288935
556490730
839654143
492986891
808441794
772264835
57745189
650127437
383618165
927378492
793312292
106579509
879281019
20221459
489759527
352720166
44731788
633677427
553613249
185654174
484544875
587361857
916284689
763709292
25000600
103321911
600907678
768861277
643312098
154740251
693259589
592387037
596463743
402174517
979066313
341016412
98839312
748823990
927447043
253798793
866818445
152909689
24938971
221832769
385511366
904532211
324003964
652697898
639381729
177405284
25996842
837869066
291241083
564614142
732007922
322002653
900179660
862119737
298006654
800260922
527320237
897919734
668401779
169758361
709421922
489958988
510445156
732413041
383675148
7094468
647683934
69933393
970884742
417054517
315445595
844868847
152936097
8841815
527600563
508173666
890813916
656388280
927861288
648775948
972742632
975542068
885781634
242404259
87105674
615810407
571301259
326032600
874209304
653119666
269786698
62459509
939293796
590734204
48364566
766560998
959563836
213468244
273728516
555425672
31802780
751436598
740431650
885892175
90604081
241274779
5945065
617545144
352271402
148327628
708282743
391323763
785241919
524757493
981693698
66336359
699561820
248471380
764291303
553769352
377827491
572022312
239389297
828693287
745845573
721604239
884852625
77212642
346791073
878177641
306410910
407594572
395266487
327877903
371780203
119720159
383887399
144084776
490481582
221136875
604339133
135460801
563189216
936958804
31406214
45945571
828547529
441653555
737203501
764812911
642104175
566020696
601101774
123359600
145920425
364293151
849246409
488072055
212370656
289237730
500658584
276538736
46097987
318907158
512009236
147959835
558725544
326454831
494572996
146060983
350149788
726992678
773536939
709030270
656609769
185650788
16519695
98462808
515981717
501485238
704696467
385150142
564869606
122496066
720761324
188065709
990366286
130893289
905580703
401301834
10073408
163242646
285629895
565420818
731894824
238105970
641588077
61156850
418604228
725212228
531251729
720808851
756097464
260205933
893394504
759358547
998835464
168210538
717998461
11072233
114440492
439974833
80738995
589061605
240306569
670589710
108414205
546317749
476189803
616603530
634818180
878099283
64624848
177404056
146245724
101347059
524450105
382286468
190596470
617487804
658626222
408132672
974280268
875902529
853760174
798604598
378562323
21079199
27607119
63318922
552748074
534120585
322501324
685506880
55935124
434259915
165551456
268921770
623622942
756058573
185524496
966144927
798813718
468520030
43111017
963720314
778604744
822701988
47299697
584070364
757045540
799507161
393612517
488924616
441903942
473141716
634758851
247612240
846818064
289626624
288355776
275461701
276129287
194865564
84601685
967958280
378218679
716453094
70308750
801812856
862026840
756898663
536247873
528065797
27417493
192268294
156468895
407922715
930951961
260495417
584529473
439115268
935280174
915974232
875369207
693593409
873739912
17279252
459483276
244235939
683224027
405791489
930301687
915102801
944962446
776138827
45721329
212335146
441236236
51424627
992445418
168738608
621199111
357019518
860885493
416065410
427513876
243666522
495332698
163699428
584699070
374979340
682053097
884081790
327559763
772604255
111592187
266067823
919793782
919711806
8531567
762599033
364886430
145890372
760524620
777582163
219914799
560645786
706074937
148371272
692150720
449752273
188221932
182045708
366932023
313697533
526621666
660291932
945142554
845986527
475657870
937464665
705755935
585121887
607110496
608939723
732337630
566758496
349722525
373126841
958293953
676405914
720637465
173398326
816401690
907674197
62557597
948345859
847953913
901069197
753216366
307813801
358369695
500199271
990331915
1778120
875524501
793857571
181063456
708886803
21996782
657480874
348282267
430174992
926554755
763605279
64223036
470827891
652237315
92214117
886963022
713351124
313420314
662299111
40556684
487430331
940741372
392021329
74914794
154670987
382384355
139304135
450675813
123987598
525601415
488988914
793082617
35916335
49954317
251688593
352461503
311891663
823649204
139887909
827929471
107060153
634080829
43418491
193638920
400634841
389542600
507311858
841943498
719281413
439737290
996803041
117779412
635166459
182876003
601618001
312483236
12945932
96930899
353746215
389294702
128192042
756976912
429864676
865427743
58426784
343946434
556043232
14406565
708579699
906877252
978377371
79194281
715023321
260637980
7029297
614931013
855070306
221357625
313390815
200563011
903611702
741473912
235628818
481096484
705676499
4220868
873179045
600852530
919708264
399848802
54766420
732878418
197452835
151515063
956067001
280508451
126388374
169448996
179896577
802156971
90570932
437872997
795915895
907793858
956729085
544072717
725635287
846528432
833678119
814121982
896309429
636747936
408387469
735632171
625362706
352523940
266150717
668053890
36495692
112835203
133253484
99025369
54282940
959711632
358539662
692505310
31792785
605228522
35249979
90270357
569068864
967875951
910023822
73900795
218453986
679841869
472529592
728623546
290651056
363586485
612580158
653903439
794002323
799792873
42573891
26600251
326230063
94466839
914559721
948936633
276820979
479859252
961338640
691946664
885692106
562792960
256028352
819985622
462198179
841127355
906333807
175627384
880050627
850533683
703543232
172701809
66693736
965852133
916301867
904798206
838985505
952030088
820748284
46728170
408916453
345298975
243622431
434008256
876301077
842982820
160737297
107619882
187306139
209658196
477053899
492994752
310449593
267676823
54801664
177680526
845361296
564736266
861232410
165715888
777867421
782683065
284787058
915943880
865146659
356188341
201408710
721630888
798127009
168349578
675318922
668650937
658632059
409904267
165726909
41573095
708396148
577581884
867474746
158416898
74796213
271536548
621439976
190838965
515403466
951168902
320204892
14630910
462650239
438946438
916277261
487388566
97267412
72135261
741295101
203855667
284382605
970950514
57636371
776439131
833727016
774847271
428735257
139688211
738657787
744772446
676897518
376951820
440785220
734028629
73230850
71179381
15903793
626099700
572215341
66761885
90393670
562486158
683226895
250313406
110887392
615561753
831873489
308631241
825269313
810322484
667046149
239273076
121418768
322196137
528448336
778457739
900632748
929736853
282893101
555039460
56718666
754153834
465462625
708712231
927856635
583952078
273276319
973484344
44914925
942759957
568954019
697805140
887979443
49947092
48313426
861666538
446503446
214373926
759144668
605327066
689729580
630308278
804485936
292719268
324560092
30402957
391988325
317584950
626924018
531668191
16313831
305656850
914791890
218734072
633602912
664025875
221050708
991071402
79454693
213795730
253773261
606454976
61774837
245277113
599332252
937359879
427991147
510854284
999393290
132901001
121605957
644220303
231705379
808151103
174560604
776097080
968810246
518013791
578178005
227993615
700798468
703433639
976210674
834881748
132336681
512787557
974538149
233861484
327750214
352668835
913735233
816739292
485763031
157583287
103775503
319590582
297071452
483432354
882324547
177001806
961259378
275122105
248871506
855780516
94689067
418041147
275389587
807800309
178731019
376909157
271191866
660108053
765153573
450377061
353346537
262771055
730749121
899069659
884689133
793994586
658219099
685290687
762604236
430756825
296216658
180830978
956723563
15340949
308459768
898594810
565372113
925523253
140585250
53537955
289229936
325388135
247432095
497807299
730288383
210444588
572296972
278532843
136802211
80911458
677217485
226756128
816357070
841513113
927494111
194139395
247472475
162249167
42332525
221635427
416010192
458639955
234531064
454534047
166621202
630594999
233169076
810668915
424216296
108512816
272606063
729715691
647225604
748842135
507129871
216709711
173381418
161253844
466635046
42773643
90531727
578769605
256824330
852487665
555331831
519374945
661065001
646802043
372026671
916572967
338105637
520141387
271187093
689141588
313813217
240728543
115765276
686342740
440680733
129153474
913442871
643463921
156700967
227895364
936580259
367451291
394998958
640857985
131455562
782836022
466042092
863189669
885084502
977062742
382566597
545729262
498306984
649578909
91391153
540959263
633814748
629488289
97006018
759095596
952210353
244584777
506822503
374809949
507379925
847279226
365690710
426070679
170817247
869526136
278240263
488255217
213058623
765661315
633807663
148267163
826813313
944984632
633401251
200505469
281764542
835044047
129203434
839121187
126171404
296540568
524525470
746560
884428350
466771082
755555759
219785400
240686271
501479162
659388487
66069516
840056473
140245914
867317479
177500504
367001835
232136468
535501028
999541132
200059978
340304252
549437183
574916130
462479153
644786336
574120936
745414042
343965976
57894048
430995695
216389741
526301606
11268390
407545862
441467747
48667120
362338953
587855827
280158060
296653945
522353841
461775753
10312589
583207423
751435770
766930025
715606616
68380256
365484395
205923516
442277113
159437545
757517280
810070374
802603913
933272672
223772432
340481314
360493506
927395154
457874941
812856213
574981999
320312250
519756481
330310227
513740357
363915151
893220601
882331579
691761268
359461891
992877462
152352498
446413469
589743743
964972839
535287416
820112580
582282349
816714531
748620534
160589518
299233799
284139855
213393999
149516772
921717004
806255085
800372486
649244785
218393777
88654102
133392752
233507173
909891756
657721837
861055237
81879558
982418211
197805729
751584862
736583737
433004701
60125130
703785109
749407185
230953773
320814980
507727389
786102472
258776024
811504511
379408486
462224171
410126106
199914532
761103352
738768252
262234847
542583514
816064442
951516660
547011552
166693295
500188839
698310165
495747671
110177781
494440085
425821258
461327838
554588529
770597955
910279796
295581983
174318901
611312440
303727798
365343081
297536352
412631754
691415729
296535895
814110019
113187779
447714642
797051974
938959703
948577927
169878217
537643897
767116086
197547274
427682818
59392010
377471410
645883501
239740602
74229628
237639048
755046218
496683664
755663820
220602008
505209419
907971271
706393610
139125736
897651123
176574809
539613198
801383226
481306379
644763309
299053687
523838716
171139535
794633061
290520586
950651839
610784148
432492581
512992904
79057053
947973462
431999223
593799186
794790862
859383824
336644408
986337603
492204524
199733151
946833361
848604325
226483012
194956951
7255955
13435617
557687863
736543394
619326529
675749826
467609741
501979050
117057348
381844056
118963644
433795179
301490665
94337098
81143483
828017030
441392551
410434481
648587239
67242480
578542319
598801604
726476226
542904775
693536212
998611556
570947905
705420406
514023527
393777846
97275170
519913360
314627480
669920842
809929181
285897081
104177121
927225288
724042927
918389274
803002284
626035185
397098968
619783799
979143425
197288637
101132134
263134437
202464760
983652412
790527699
771077363
141971550
772309814
835286673
99711236
168998034
630219182
134511508
853365946
575549234
508467646
552709140
895803147
304298141
542183672
212149981
908677031
444663218
493626663
223245912
583697572
2008664
838959471
30583264
617885009
162942620
849083526
703104072
668972182
72541934
680757342
97763179
359128902
410431452
401522552
25339631
296575048
395441429
439803633
240209026
242266205
558361461
344743029
603223868
280294696
418847430
881703536
900910716
505391653
841338781
712560564
338950370
63407788
467135658
59967743
703848901
42082638
662890964
812418964
552124666
257417585
524188745
11864448
886502927
485407992
386491475
542733590
393450129
792549110
758373814
167862009
525071238
885138701
66375122
449410734
948190232
290126561
884418281
289665174
713104879
193540698
372159047
76734705
74717570
502316985
741383428
708769486
223458735
833000663
88435771
961127815
991856823
254689161
146002541
838843143
380305948
850482455
844112689
747500268
696839262
387715193
858608509
115471368
865736723
125411863
597102819
521887703
540888360
902785856
370456376
201531913
435326372
382339109
795481041
240754424
686813198
289193603
95487662
789491556
169732774
663797299
732299297
449616779
924964570
478515277
679867273
327120881
691764841
427752087
106975994
835036862
921493647
458684393
733555180
11280625
134058028
610657131
837412694
122973953
346628808
930241323
621838131
688906781
941839840
371934927
487912075
894799027
20834737
82424223
839605543
472736861
123389490
543314302
191901441
303969670
493432714
730479298
827712769
377111416
29488292
241403666
101299551
236591501
671109373
419258226
593555356
14837170
945465977
361965716
812931432
408278560
413122954
982559944
819040149
440950531
350516272
425523423
407013811
615455267
779515343
105035623
333641464
593945900
49337431
680376694
742862991
972232789
571468133
929023128
429889195
904062489
708400483
153773621
313212050
601123985
902142914
337501774
592948008
23092777
258574006
658842244
376912737
86790738
462441611
988863325
628810396
143952144
136875738
173097115
206162163
31888213
353045720
372852454
679836507
62644598
646242588
419913884
732986761
931799357
142483082
461760521
429758879
110899226
111223641
390773468
740610332
918589297
555445822
396048096
939179997
55558368
880032406
526735056
563489847
343499289
114107948
362623765
489551028
370383815
953350423
397577545
144401563
109425993
271033580
92298195
454252272
704386050
576052035
610432278
688757232
346379805
594207763
916186200
393241722
973029356
718253028
140201353
838510635
656310442
183674505
844939819
555967304
800774740
769595109
716082465
583891706
968342089
206689008
681213490
885470845
537529659
258525160
611599173
729794454
362652217
332419228
802315852
608190968
525498029
368044225
629142997
96234715
7179496
599324537
374516318
294052057
68278546
122758769
260865629
360892412
87964951
983836858
905613185
411199686
227652891
418505423
210301264
929272151
738519643
157306770
967865346
751408848
198900043
696301278
3446420
701038637
314150007
514328360
539201432
695846627
316520909
390336938
146213692
242783161
648889341
991214796
424675330
916454342
905970135
494705366
889469504
188335230
7331381
491333517
319210003
877345697
548463079
386523661
671719868
345202301
215165180
177007488
89676713
366066441
565666576
823391469
43865503
525021427
244719697
309133156
4683565
188477236
729545602
296398931
655838225
977221667
43175314
848298709
517176750
658988586
190133256
733220258
894354952
411797285
799469875
538291217
875077203
299853641
818260439
139349765
102029809
817640914
717194558
41510783
270431441
795350736
398754519
399471753
534188784
853225825
215134003
422576077
164663560
738131713
406905700
81865046
330930810
141196413
632752774
966967689
321264044
573699228
987584766
713876515
91384011
431512998
260060024
710742528
885316780
851899915
239089965
245958375
217962997
682730264
871511388
184603130
339841358
216368590
620108525
564264412
778125855
801030527
664456826
924648798
7661475
250259296
698280917
827832266
209302497
446094502
868741831
448657348
370616132
264495574
164465633
383605188
708452244
803439269
431268512
670981207
754694935
717720720
255675762
837225975
395436216
647260804
80021129
474174447
594798466
715385299
439441714
531960408
648257112
745572536
978144161
876017695
555563795
558827128
156747792
682429215
243819343
699843766
311944699
897770295
933464398
854660753
132492762
976950232
7974658
857589739
481496838
122841915
767200890
580526453
110295658
177323887
575146975
70043640
220138316
719030853
824057421
726708380
663515874
991963644
12975242
249169548
960018824
314761174
744456645
975492329
92722855
872339996
539812058
665978027
787525053
75462636
925725152
189977543
954196789
228391220
91231804
654617402
233149252
598087357
453686946
399796116
136111615
79215428
172000770
929314038
500405817
818303138
164375209
967017526
628555492
235927793
280154785
775904457
992890769
844143109
888668854
144504881
454553269
696322873
705453170
637187402
124466293
726542077
294430748
279564345
193885388
996148218
361045439
273280362
618890918
963819872
432534996
531590249
939134296
990928353
604305466
775839725
932031709
158497541
734630732
787334888
582833613
42524952
250081524
9876682
732428534
707401790
204696887
547629838
682719161
217144862
335694631
606390908
640994317
429448375
624769201
372027014
428960592
958785124
684746904
345563046
86229305
337914787
884942532
27493817
554422422
963548920
256649819
107544374
98118195
165297650
716566651
538136422
59384487
333677104
344881079
600018842
620068884
970673136
461940451
731703702
920898410
817115026
129668250
540146353
710461606
311746004
761029356
776661731
406751321
967582419
681978286
824200835
432176863
824571001
851794046
15328804
414247098
337744451
831497651
45443870
403512231
269624421
910609357
781509944
418870287
189873155
929040341
918090460
517455493
129716052
20180631
884410140
58690882
798139007
492588603
816558310
972708599
581818406
435003776
290482073
434431187
633569628
35832988
6714101
210750622
764990860
509344904
63105395
154397820
727032140
79512171
595789847
218480962
143281841
67518778
539302341
644894674
67867983
191202392
357900146
486421035
951422889
169977775
110976386
799523139
390084241
482623570
588446747
94042410
393619649
165771264
817668321
55991582
500680749
201811349
966301839
459535555
425908103
307745720
123097841
553908703
685288622
264794056
305749233
707626927
922841556
388444189
509008927
721280687
392359634
391072989
234307036
179772282
518324131
249615986
677227558
886626462
111451830
196045255
201080452
299587244
863514014
84315409
674463404
340048684
59352481
555769496
889040983
198371918
143744429
585056466
657455680
578033420
269596802
880499043
155410148
779601967
857498511
659585771
751193640
781491256
91333520
866146919
119125105
627748040
115242750
258135409
611500349
225176294
698561749
55078452
872389233
715207281
169282196
980470617
151410958
728363016
869196443
919326817
306913796
959187134
848364107
349005080
453648110
585223990
760361802
604644941
181566570
9134949
942741927
515225123
821220413
402500919
967526108
19151927
697148407
904856419
864574855
920677902
961825880
474938430
5398826
855561495
878413904
914548602
967017525
855201383
259065739
570709933
405101522
659269005
591278824
802156835
435181500
324596611
781062948
393789910
251810273
23315585
852563087
208588484
407784187
7488219
637728526
429224454
304283027
314817418
497651307
525925340
812113424
770972134
622584627
938575589
125134265
6477201
410848462
225748964
942500112
497992938
100601
178249713
232261253
889067025
746231472
636497422
141952588
298630711
283994471
877470647
193933149
909198713
426328803
21952444
898091709
700146145
428300025
776011104
289858827
485921169
539657220
86741511
547629510
124311933
290785729
249217643
621020892
533048905
714683794
883554486
154501251
567164135
457461442
996622402
41838993
49120800
161717454
618810684
476027086
137600600
166115052
133756943
875598474
610083728
134809382
598361061
526383350
686027585
983972427
892873434
53282840
447278822
600447761
71932694
989108332
258184321
896846160
323107782
473224147
670053865
157741038
152268987
574621249
180311990
606810911
702228774
402285927
646841492
660898453
293956505
909797004
244513935
674848694
995531586
281185561
466627430
877822545
827528167
516822741
842820272
612584456
412540740
770422878
541336898
48131089
582493634
916906327
912241959
701655627
316455113
417975959
89111473
583873465
671389400
636714823
365468903
512444976
231536704
818975531
347433296
5422654
622498986
384015255
527991667
119314663
894824911
566228595
664489696
406198315
362500617
486816530
653407554
194690377
759694680
392620956
430475992
508357567
267707452
574200473
137240001
305278544
208763669
752951780
536093019
494095864
656983532
559443773
682569786
862276571
312015598
54841723
318460827
407083040
764694402
579849483
833476616
890226733
776112907
938811433
637660456
120311002
5089903
599914339
552007926
607148233
923539631
493566836
797121813
884165087
876402856
139102456
685284051
572834683
820986328
902061926
884856353
692596324
161890015
438938144
801196768
764877918
756317447
389100490
507677949
584681434
998633053
551205630
894867948
908133619
233293002
144931055
357589853
131983421
12625266
669271953
480660283
610819246
437631807
25733687
381405097
500694118
698113116
736598214
429554287
128113729
855161110
341701819
176850265
597265434
384732361
480136161
886578150
974966076
565133911
215308366
372697625
929958144
434619749
183759516
734772215
275332808
545437646
515268690
261338307
724985643
503674334
909351644
355360442
195300122
914388758
781396108
724808630
37703002
409273947
847079282
208405708
788836433
705787339
634193960
206534588
71575745
813100836
998347941
54748557
525504113
435648936
137256807
930495827
595127043
642021019
492570327
83055766
751068490
552859879
672123277
614417066
185719363
30656481
173832498
923427181
764378283
260685353
758094709
264265091
384484986
250319826
930564279
269795320
851538399
798472618
787693697
585446387
857982845
572626513
928081562
407121507
276256620
3941359
652280987
79443557
287589673
335308708
797699792
314268292
794725399
733774903
677137282
118604043
144029391
147225145
300452799
679132336
51743827
460740316
652722769
174360779
658599846
5885097
965527861
178451290
676551490
184025485
229390827
15741970
557618631
566951
920124417
497848166
525961587
717736144
805658073
659866978
124523288
388787144
495224867
149499711
327656620
116690268
547473905
528557317
780019575
317056628
139318319
404073183
248516139
647231622
510299095
302188517
593025078
955457632
198316962
820372891
498152613
35751100
780216614
644866798
733522450
646134213
997691639
450712915
194025028
659060110
254825717
411188085
562381212
34443403
564352759
394825032
546698465
392595528
226872254
92919254
764516936
705534401
657770776
245584253
251599008
86146911
763782768
80302041
688593712
34630541
829494361
685069757
274684326
186057979
11495624
803031128
758060523
499799702
912633984
787687498
161646120
814442161
103413359
508328862
228008406
15940722
60704109
912128343
42095472
538422087
542768027
904080686
878441551
496340178
276656922
141491133
70756778
574029213
537585266
38216102
525286630
902605094
985031267
649386870
279401710
657117655
218030569
253523983
615872019
78411013
956891692
427596686
357336831
588220269
622901201
815971867
942021657
292244458
89474040
877120785
963051192
507174153
954010066
814193098
492852064
421182911
302848289
959695099
715421095
822690019
487726383
912354484
70846467
757742333
693764176
438120754
499177261
72556504
290891729
291859486
232982451
65017496
657098052
309644171
331415627
41734235
8696189
380403654
164966586
171857876
789345319
656244079
136829851
43969871
240757060
17352531
486267383
766202363
176539463
86084144
763831501
305011681
553945384
553271527
556230552
182626882
688888889
128857748
56540735
223053198
802768131
444553403
294169092
411234690
478936568
550421499
794463286
363012950
55643621
984872359
340150642
671961094
882890440
341108405
598853167
61347176
479177921
319969667
300271174
326208614
921680020
1912530
41292581
251071122
842754103
570515732
13228048
950663345
663872113
483744914
158555105
44970809
345278146
413027874
621402696
881059609
491822314
238920175
195358172
168718008
448046747
957956905
92579847
811485168
830671616
289339028
961716446
310093615
44257919
116034128
654375129
726783765
16055486
210436736
845324398
554324958
143380906
745240009
348617718
841870698
727135664
336598380
366459051
31103662
89111598
38348987
710402158
783305212
355087209
765126847
411164644
526996446
325068365
213638219
64056813
897014210
778896238
815635976
852055020
465654286
475254742
776149540
250119485
492288411
77390144
612318533
991003534
743943073
577446859
204553365
2481949
713714201
87516352
212956043
689830085
568547027
794077391
502669841
809734020
433211246
410005585
746668038
983351026
979706366
582648910
157102983
674524865
102652543
918585388
655333113
763625380
560028460
986424940
200404548
571674004
686262963
581034057
620090631
164464982
741855947
308621715
901859767
91200121
326301141
64974866
225099285
787569882
888079412
670452047
487226792
338144135
286922788
721566569
592177805
911174367
801598449
239426376
553169365
75333184
673802128
35348346
559801269
418926661
403102603
210293586
497839815
721384614
383219864
618775795
180533273
74781651
529482408
737683642
406929642
125861366
651351910
657388084
970829503
909144093
385086540
376835149
188124747
276316232
731335396
722972510
620397516
236737020
914731781
263257585
265952180
818184653
472922741
130076804
730383088
438335653
488906499
871053797
738771209
48693647
450253150
48988553
52261057
298370733
46843995
254331464
550393267
627992159
250379645
634369886
193852572
55952974
390153641
399721770
378909015
300791603
53802383
842224555
996036671
601824657
569917149
342461431
572076847
166655191
897282670
807945250
11393859
541506813
72356900
911700381
763519466
464480094
560838796
773719641
29187263
137196613
655498243
160954281
699606534
57615839
575335638
677030508
173621412
427498991
358294017
173009127
939437068
535910113
736543693
467066143
698485577
547742423
209554723
532593058
593220239
366305986
226305638
974225876
368635768
800302581
867875306
819480552
751096709
648724617
972710451
155123661
640744961
963861093
462701390
20741077
785253676
253495000
600580353
776128337
293178918
80639125
651953410
939936230
949181989
832789833
446669403
253558376
558906337
473792049
806723805
766428535
409666747
2961308
261301358
807995240
561374986
514671266
83745700
195858850
342763319
135476994
626345683
99116178
643251021
306065834
82502684
550344453
257088349
748088103
145029816
594823806
943968229
937887176
560300161
195621205
255332155
902159523
176037556
886145411
42347558
386567634
869574652
246365225
610840704
939486314
623190573
115717606
455110697
173574860
350381624
690522474
598599959
836984825
498540996
604261135
330304466
138626711
597132852
34807315
817731575
790353622
926770835
627197893
889491095
427968628
682222936
290664485
853199111
964533296
941384384
636233243
350754447
181598368
180749946
283711702
95416629
241989646
234010628
581806024
372216708
432280313
744012036
297057578
428042992
362962330
46156919
385882908
538320786
762522624
770091877
282614503
782546365
959546416
338278814
232169720
516834519
798089429
461744622
842619226
677961332
504870400
905989034
328607535
244380743
185062318
806127022
839874799
150365000
861850137
84009291
824070701
521872998
836512350
334392212
451348039
121011515
585165761
647513328
442844936
79277825
495773553
478926167
766709280
664671748
989259984
542594374
331651111
875316916
734543025
195760629
787632431
821236222
655610339
59505635
922754435
684079343
660268129
795346028
577468997
310439318
486719855
333714543
330585245
285338282
404658548
562178934
324482658
620682887
925419946
789201638
149172008
400560933
917534549
779948065
967340677
836722553
908893820
218273979
509091852
530514375
643952399
311045726
463005571
333365053
3503633
971582313
600593474
471812978
276298188
648354569
542249820
957424295
57938309
81997074
559615963
243177458
741736492
610113975
884323054
281890702
806071797
92903017
330313223
555060335
47661
946995529
891085331
649801748
248045262
82737811
718572237
471617393
503803273
656367954
414433972
40738556
108139933
530222066
741624151
425065657
929071610
528387654
218710391
110089327
298783278
572646028
790973080
122363139
351499652
850434861
483849257
420999440
849755632
965319437
515436316
517854531
686842678
778112828
492721314
378278251
879906590
697195121
783986947
225419913
660155627
927861529
818845553
732184948
120386592
274041910
32991520
54652286
117463354
786888096
110111625
28762624
85047009
786545984
436768394
22802543
157006823
527395085
649886092
809789887
430066590
548073012
137927004
827617901
244981483
915283671
554212820
5902279
445788877
234515478
761791171
564878818
380205686
330622025
505109440
859914165
381532601
370084134
611734463
260012358
291293577
953424456
196814809
778901257
50147211
231359889
515181407
133429189
829759920
351481373
302114762
776691441
302409347
555737310
271027927
221804850
873146218
895595595
613751947
622467907
572790034
729206333
754578807
631369840
588140173
379654318
578828249
228461526
210610251
748591347
396629587
993102515
302854347
422192886
689306173
52081190
603386225
261917187
841431381
886802868
790944826
716546612
188395333
17827442
110604695
264847530
247720431
529243401
816474082
304968173
442198633
662428067
445059769
298599689
490466342
825988619
428850605
235239920
220552155
984721228
12211637
205044042
26524742
605434651
867093275
28425786
949905771
218221614
948350484
534396587
132974998
432106104
330600368
491772436
578875158
262206250
904726356
451145001
776955376
721592318
731227291
172552739
751288813
750582902
392487456
16770400
866184486
643625494
403150821
807691658
39164073
429962110
916733471
198936644
856513353
914250220
668410913
461017650
65130339
251787375
239871993
406615599
46880195
781610427
20376106
264339008
782002970
477738200
773591856
719017270
184660077
294564267
883264380
896922424
861407630
298898915
673050700
372285382
558781925
709320936
286460985
180140381
878646578
714721382
110011405
657889545
406866424
316140711
994938084
182272972
553724243
55878760
568427385
304255369
607393647
279629049
386200565
444592441
166407491
41226755
853673985
233124227
36881744
979035427
908226532
654092662
76078469
294223836
413004733
315253328
314449545
189902461
664931707
749231159
3973847
532155739
249957054
655310296
353283221
128839257
806791519
524677169
312011883
78182380
488180310
644107274
53913275
485619381
219360660
270726041
463549041
290116092
734664437
607857106
784411416
931977815
490396457
52359980
5555002
418918773
894066008
960303745
56155024
189997709
113633328
573536180
673798865
750721364
702768389
379182677
267680046
531082962
890432612
100579826
799994506
745465211
442279091
618006594
145247580
744326784
27492044
567048520
146409763
966061461
355016402
234688450
244490182
284857952
963032729
147211918
361283054
559108890
43875417
329201746
283312601
465688629
841305491
777174660
824795592
383696360
879805830
419914406
939327535
676936063
73578515
695897644
397029058
321480189
205815022
787888550
906376356
322799110
742909207
656440752
369782512
808956177
967815224
254677395
430740875
996532353
502795143
592212232
808218988
294460126
679287935
470692351
374346294
611530285
221631462
746272942
715749886
789027657
845536579
465907731
799489968
289816143
391049847
463625573
813846663
923277189
529237475
897158309
261110661
554694998
246270150
839764365
609560754
564182183
144902341
58415161
680327663
607147834
215257945
78543957
580366322
717853824
851707580
573245289
29572895
987975418
421397568
82891914
783610720
677461569
560773964
343432906
598447466
531618772
836685976
29845238
463600327
409830663
689071304
200110992
816133919
610232818
476406651
303885015
821775602
647975827
636081982
622183253
481242745
295536835
256297217
250107061
509444260
905572207
137763228
407273094
666878756
962695481
345492929
681745107
994456817
587082691
359056264
861477645
399906607
490579730
303363141
255872249
580697671
722023984
821292211
601793830
447897363
983259043
732739965
960146553
241280037
152112046
853218575
696165745
597103955
171701029
987374577
941796042
536855776
459231554
753946328
600991484
727084043
550425957
21756898
726086120
129715483
377210724
334352442
284707457
284132932
513389282
724964379
162780729
914991575
427988972
333764653
870674691
729691009
851936518
418436131
581421129
909973561
100226257
442542953
391799553
824633503
562484721
138990344
312257797
856825337
665234576
281120808
767938971
448785259
687669261
72055167
103365747
818188574
510129540
710643870
898123096
44528635
576668701
816620637
822981748
214697290
606270165
526898641
293018849
374182803
499686743
939045448
880598070
84060758
237647936
338221846
581459693
232995628
229538899
256472925
231352802
568440756
649158176
332820730
247503655
548995504
106085256
632260873
177165773
158124077
970517562
30932185
137300426
41985172
152142195
255274809
14834345
650816461
159678686
307329957
479893469
86247596
290407975
505663969
83596277
205342134
145840569
49821250
313694227
967949281
302029095
394857587
861257159
922382409
492319647
551327570
898665935
600658367
803797080
194681583
457959152
52589848
346705115
185725144
298998689
614362303
110368849
30009851
229572088
189809965
559868763
745423630
300341769
578181756
902710816
957003849
67726221
416622815
627850143
344105811
569709803
445285916
175855460
459251785
694132117
21291125
703898287
469889054
452031093
446234265
209320710
603463784
797899617
965161790
704279218
697364099
669233579
935319083
354048756
891986333
430880521
448010429
135456313
193697804
324484620
457457298
682900845
28158147
940896282
811554746
665286078
823629838
256502495
366896826
267312641
532192320
218860673
18014434
879084813
79054331
395935886
37876911
766798744
558063998
395921327
49496358
490214044
666214072
531818083
86657080
253497919
431935340
842115520
681952509
858167578
509760348
137735710
490868498
913642370
162335721
317165133
30472705
23008876
918277525
923975213
338152410
528680494
497051180
102833871
166770859
362414692
70863920
739598331
501662653
692746863
126316907
457368448
124263354
17217070
87675743
45391272
517205490
469755052
177039075
640482381
97659894
660041241
818366695
384242586
910392416
338922057
407694358
609519984
203212741
834671036
292861805
812662734
574938142
669867639
246311339
779735703
32016562
677862056
376427886
610012050
337351063
101877497
675267658
715824794
875629466
444692874
302180371
899749941
702111848
207701993
692637061
991785915
157888524
792053047
947904228
313562119
901329406
71459413
311887920
878840613
972710687
599452701
53787703
403833595
296470879
38425421
881992854
565261575
498522505
979053571
819043863
773356650
934685963
44689082
548079681
961739659
458709617
116059050
494568999
428492107
436539683
368670107
243848032
85778229
954627163
364901753
770789941
206017086
107190629
888653730
606652412
401649678
626835815
289591478
280962911
61819671
97575536
914120831
82253970
359300551
163804458
382440797
549416446
696364918
887983911
302355090
943953437
326469800
576055042
657724763
485830272
369493174
156412129
895735137
648431199
885422975
121610142
763107427
330024452
668975427
792321319
336227136
119652195
310204033
488848718
532986293
79986356
985135737
266628034
468795153
135519165
109487736
872415602
757579512
39977905
711262673
417457748
470355132
392066699
698402787
140072429
330383422
956465910
427924494
110065118
392507742
213357944
931094863
27520744
871155887
383768829
451780373
261303042
95755675
337502650
896754974
800253615
284890229
422133932
228139022
512106818
519138656
926912743
977460995
837534887
953719433
116300471
960145687
507539721
329027417
182058422
529226023
945584802
474323118
991038584
77579717
714286003
135604335
398796247
384875182
872162985
289543329
394342889
237992687
210867471
847564554
117765317
819174164
942366377
917304887
577750708
375815648
952998032
361301278
662617434
556847648
183571738
380164880
964573152
740333024
570450529
649731108
918678806
818866277
913684228
250063357
525926388
868526887
984255552
25967570
286031971
490500101
874793011
456491293
204999617
997859297
860017238
409240109
527187123
404913717
10747956
352653374
478906871
495675616
540351836
46582781
630015984
902610301
569215360
126998077
816438096
310970129
143937129
401210270
878374347
730649949
17861695
780130415
859346940
872593733
443219067
128030017
133650417
493561900
497175206
342709614
205398586
835272700
395993481
92696248
186436835
321216631
57900482
68182404
65050626
472614185
162686239
115030062
634402021
843290713
773597798
680530162
545880157
194991012
428010072
733821702
606139986
514854545
712426961
240838822
261934281
198958134
69567570
74188695
190870808
941873348
158374771
890323920
495534706
449133367
83731373
557103664
114536722
238620036
474437291
548998247
405811878
492360244
903510402
473126978
49194881
27192357
470773380
595338084
236509815
570659101
327638676
17746098
187176250
275427701
919044099
366288893
425550016
534219814
364209572
206791661
56294744
867686923
220375585
595846969
728260628
19162465
466048424
421614377
405611659
684861417
949274294
170887057
349073715
795714494
496380535
903004251
247198182
291032667
902614021
694232431
645632106
568576092
259324801
626153119
452506377
550985886
278580929
547363772
821583675
705590894
544689321
986231886
98400848
286295186
176581419
840559894
470324690
988479111
276682867
668887968
837079489
724699006
250485548
231983436
227352004
948166452
421374859
179005907
41075747
42887912
872831706
494239171
283026308
390766163
774401508
111030740
420632113
508963861
833363036
279455452
580167020
368994498
337861086
661059990
327895978
108037146
895237087
651202923
122365543
247410178
319034579
95653639
507916010
54022139
483736295
932571644
192670725
764710946
483997839
54469716
978519553
456744743
436615508
860344261
967574333
45721008
234689309
474566685
511407407
581096182
5021378
402796242
474269371
346944247
987396502
574711240
597254882
976144547
391225222
506098415
634217681
199445709
858896843
32805439
135886619
844126374
155903153
348347572
999215281
870422228
597355027
161907542
802958736
349201192
366840880
692837958
334303343
346710270
128598163
747797977
342862974
43596011
419804494
213714987
31447430
231097119
346912635
700473291
327980464
521655879
457845303
784583720
343437213
778201892
609077689
109458082
103686888
602985825
958240268
357139909
758807418
68577596
161166733
523335874
622025692
875782417
88057710
512837082
940758012
50708450
392727804
128845620
398989413
700419678
343570217
722621164
77718209
142861827
167052099
285326096
55255188
428262983
882588593
343140039
18229720
463401639
399163287
719865961
483052887
567216527
322030095
360034492
570871700
878562788
322113728
947895684
427018138
942499953
726429229
574428699
266125679
75426170
796137648
269874013
329002508
30328553
711260030
277762735
578146863
156488321
523025395
119503190
376900862
294268154
829614910
176857532
341993387
363600
349936693
304224872
677114976
345399206
725633632
769626192
569206519
181045629
47300378
145208944
101726644
669639661
484605838
365991492
958567847
539763562
219313414
55738563
286852904
464793075
959751260
720801471
529496217
222613764
794037210
445644534
331384090
229557600
552655933
55759012
637429069
278780616
779098978
39821792
361545193
186863369
476310786
757944575
268698196
339929766
62719248
155952622
991931073
297466742
952307071
737617651
510157110
781173940
336637176
551332625
728817202
156141702
255203503
518468302
469908884
405431649
550760917
30933864
392015072
548680264
564827262
232466828
757425271
304281351
309293710
698016825
160770921
91531006
26278846
276220648
754400950
674078066
603131975
71231585
382379633
244752293
382664934
549230188
365585042
490736603
944072088
239165249
784367438
124642923
170372389
581442115
21710362
664648138
13795222
363553691
988961030
754219658
238841884
967283468
476806839
103297926
731671164
769159392
242837060
716965704
747155258
495802464
400583394
828770240
713608231
503051346
830599393
461606847
492111491
469380939
542106192
326670989
59164102
217420587
671654255
803076197
952749595
428424212
400651967
250600741
300842335
364704876
263703105
768094045
328845976
477150847
145262351
308847840
291694557
15654514
965665827
736565072
939884617
425705293
492567475
578232396
525047977
599392239
356627069
334471326
651287058
483509512
644676068
349534339
263111433
58868900
129289866
552468670
189309312
391310130
170954524
160927490
19131284
550141192
670138904
40585735
475022991
701790428
984230452
105674117
847569396
360085555
546145229
292387700
753491660
676863701
22940520
302870516
348120541
926316933
483603003
303561594
851283947
77629629
390446824
693659649
506936418
779681769
89142279
499185563
968202344
708996211
879674524
348687200
405790185
619158406
858522269
485145212
893556271
347390129
744360984
479866430
850258267
877097208
275739004
283717434
742885015
390207109
583639874
746406355
257175317
549054065
649487754
174103777
858787804
218319946
368846795
951903604
358432778
372909476
550899206
318986066
364472148
445152570
131089745
403777691
468388984
389375753
869365079
647280054
717548626
90639450
20005922
905083169
192250039
261009867
504743486
149466258
870981911
973154966
717596060
385898491
945622822
96189349
807772787
22087247
573364889
214689246
733206131
67833528
197416720
260879426
29582613
228008044
34242083
903208189
894172655
163170200
168768700
944699666
250602636
838671164
888035915
704872631
527853655
613020080
3997024
115855766
937456737
155442943
239082983
918403592
173551402
921015786
57777696
466756462
862000245
284113662
551172449
659109044
171332273
753090537
590844117
977212300
319421602
950305707
501881539
138616336
456237723
973326486
649720217
805913587
221320165
976953415
197028151
392509079
750935445
920932988
616703761
331309826
789186393
701798724
703704076
979851899
138721600
4049539
78126426
879880073
658759418
208894796
676973769
246235088
915427339
445481374
177136962
211038092
763100805
374079888
293200907
594392244
267266167
214743743
504866890
9637224
644776752
467230444
706851427
891232839
520215717
572090788
90472198
203506313
140723869
878438654
528433963
367872027
49588671
959157148
374138485
952706867
339686998
912979733
446681936
641594783
863339980
302716147
422648082
364824894
420032273
160781732
609844911
608458694
165735663
489030648
233521348
196991549
2384843
195260771
688362809
163029933
24967370
87874587
48326623
281165568
375386387
507216053
706152983
237991530
476183180
968279455
775190147
443630608
442656220
142441809
777086493
818913196
405046953
830261924
202978512
792555106
295345583
517499744
910006743
186557665
408171017
516807715
323856557
355948085
452278087
463931543
788227
662678648
290454570
820193406
933719297
561807726
116219589
480186758
432531571
192059839
625411782
95019351
13557628
332047439
84068675
728531061
787022925
540848048
788698015
931223175
523288548
308705534
833236269
572588858
522853101
412503836
883808155
62011115
643511834
335372327
479658001
184619660
71690120
745558775
671656216
926243664
25380538
998432461
512720538
572453001
150539510
919694395
287738937
263999490
374547350
175779010
465556775
243157939
204969838
810661406
595532179
538679477
400866884
375621687
161838738
598504710
519391376
693837283
208696487
99085629
852960973
667682254
833397760
732586459
412290899
270603486
532808835
275342995
652084210
749442492
351572950
532450664
456921552
108001685
37725022
44254136
511951708
511158239
199368528
763787987
289016652
831607760
138469341
421853077
791808949
607727995
14372848
208607942
926292720
671253153
908204797
171695809
78727740
364230838
45058497
891132237
450252028
964963663
381898012
616272988
945762308
913605999
319668242
843013837
515935648
171694084
850932362
641768970
149781466
221720681
154167338
492611286
57591397
986367275
464666725
551673305
664042752
500185497
242144372
626718239
717869840
851101286
19273618
567978400
106658845
679814787
529806937
291320437
207050657
11895029
412019925
168850668
718445864
214234354
804407295
111823235
744567369
813559670
824310544
489896507
244913325
802635459
295497949
9705431
856555205
839443065
902571920
595941293
639535173
95390571
414024259
341260575
497503062
628149072
99850139
793098586
291936694
476497047
811726195
928447167
817951493
697738139
451518694
977928167
930274219
632549005
981975665
110576092
289042315
175541434
862980878
951865653
677593032
331228835
375025863
304506162
426614867
787115919
589070205
910734786
186277958
695737345
988185420
955937830
315290205
475322053
411177064
685658521
634226678
344968903
46136842
672033066
468469262
537910990
543009501
407624473
788732678
126320445
45876593
886948204
950704924
381782823
600880111
564343787
716109733
99287492
84326099
182070330
546031947
638084207
994925030
18043493
251285299
426054141
49715415
808627477
712835771
556458926
223544661
865001113
264667139
305843337
166097173
734461717
740230367
627184398
594536360
985938813
725160391
469235440
575486202
711639105
168367275
375249724
631501016
178650902
733853386
325259761
447321507
336764461
740432881
328192437
922563754
885292572
997806254
154479505
253338697
788469430
529552102
767730945
695381141
52782757
574042479
978809011
871173822
764181563
312096080
197398094
824138630
127963885
118102046
480916569
747599944
654539929
360423629
690470341
950493532
298195795
881345901
10077506
840553355
679753267
787429377
31476693
171709024
919540736
992889404
700268423
955718124
398502633
315071947
947154780
812582259
482646210
771140446
425419
962141166
259633005
842854776
857978249
294467348
261089866
125149822
954777972
427612870
473000315
57449969
456762248
930167253
377352894
146941490
327771523
484656317
802980855
995055280
118437902
244918012
109715269
342099732
301127009
871942204
859797921
831703194
669274185
465210020
432304466
512816876
252006625
48081870
323528525
672657032
505637815
821133961
108010710
70256064
410995486
882143442
34048714
756168431
956956736
870336475
87336497
843317673
435122877
888337851
443518373
726344399
636276211
924230238
642563156
873553377
197267427
338155503
591553645
245267978
383103905
414640465
531239343
257169147
147106833
259681707
9005018
229491234
363049396
317428655
639838873
34338040
195641735
75845083
723274773
664519064
827815164
632607802
562547816
760779821
486591296
753780977
523586522
344959956
506990205
592224488
613997941
990978328
184683215
461438212
225538961
683908694
561762742
632284302
685489762
422354369
192694124
583785125
977246929
210275998
917351498
147836538
678582839
665277986
132568187
811419806
538536948
565404007
616487984
315151489
179086539
344509423
395106105
614156276
421596576
952974776
919527675
450433198
699388269
191843340
491538634
107490334
946581171
510748138
215401280
827567612
526674564
23489130
649148153
231647398
564366976
819819416
50721146
507349462
722424573
969692402
152726092
402155186
934843091
666936854
767917158
839427118
866444636
945292299
739563988
138338901
42260245
922526057
247447638
858622119
704973165
256454651
900597680
622709884
151105863
987529567
454718182
948843862
120319978
309826925
430710247
900351226
702708354
248486357
95888390
178092633
477910745
280287209
38946132
489300160
445110309
985978768
349493701
935197358
347221618
938044496
211075401
52422840
31123335
191126850
259463571
87139323
843414835
545310498
247306108
361960471
265371859
469269319
117119235
244629077
169233093
42236990
825918868
63317121
319218127
31089620
286495480
357779498
739205662
475556401
62052377
13150194
322466664
869720694
572867853
528629940
440119892
98349833
560765685
509952213
130512578
121002694
150931337
814448968
942078296
335268918
658259306
246985866
606206787
298849806
488452191
954452733
933368885
255498495
866580770
328984825
710671615
918229152
405597970
412132130
258922731
730316778
116414362
618460167
974932849
620235566
132192710
993385489
191666320
809043768
206352308
477303142
285940323
962790037
435344148
496331563
182110791
170284340
946465010
627711541
705251455
890394565
835878311
996516296
265200920
7175761
26571045
571372738
731128095
343820279
210636710
663424082
153711064
115027931
353543001
827111926
240764839
729869589
861874957
346793536
378686181
230118408
86623522
250545374
768424114
585172931
286931901
815149715
386257419
487437203
885128648
179979980
29598808
826835737
620781374
973506968
361397075
70982743
575483350
56102369
993061696
193804282
602597946
867648880
468845628
70824729
286697513
126460852
329392415
612419911
863846573
277541749
62749722
401670393
366762880
197535896
500451495
898365777
349256816
906703509
729670295
614148431
908497841
26805306
951603159
23639391
829543071
405177012
436481408
399157322
783051212
445243072
120516071
423937646
473900870
532236083
565671480
472562557
835343660
332230384
826727780
414575727
505284651
301682332
993775078
513278833
37293494
461281566
692113582
156844165
989063930
776355545
209214532
597387059
24530554
501902379
638287113
705328360
217866352
131257243
2641840
40397656
637071535
404908721
633927054
563172962
140402235
793788159
163234734
413033150
57578720
191908333
411912345
151981188
623025882
614060392
563309920
677888388
666226473
730385075
246781211
203045557
104009197
96748795
533801108
123194629
379248843
55754057
468127384
723335442
726294906
202687713
657847347
632693344
333955992
920682166
475131802
401710406
260664006
743542539
160865850
171631753
506306549
344130634
673593627
62829137
327843225
242238161
633550998
450931429
957464909
791848676
750741089
62001458
936041742
225822570
442204296
13964801
718339174
78792670
671494663
200443393
403643268
37550028
679843036
689047021
99517078
49196763
372984315
609350285
666306899
160442105
633070342
547769868
678579509
744714198
343619321
23493721
586962519
548458346
392063291
654413706
453065772
343763552
451267812
508421774
299970624
270212088
982486238
433237204
228541676
745600246
17363153
779829598
597426475
965704596
62544606
526560216
299096645
280205206
386391594
995838534
41477905
874462766
223191711
389091941
74266739
980996515
529278033
969247773
809077537
330132095
550840571
306940338
487052853
578908654
815729581
274790449
854072056
635576630
917474886
131643304
905751770
647075079
13095805
943601146
155087388
391915348
66924928
787116043
538951979
733236179
312828425
374976200
279714828
629289390
280516631
693107880
449624292
43551692
706994728
724589759
856138562
702999903
515635148
207658537
838139060
364634712
814348231
757724080
141927244
341975054
320129934
525860303
25374737
145747700
308117029
671830294
223979401
493524479
481468980
393412645
172943375
883697489
961294217
424451037
957150523
939910661
998407384
331246772
993817763
47818521
776441313
482790296
403504482
151017575
247388806
164216487
471497742
157563799
408529939
918547131
833937642
446298931
830987655
146134847
8452075
783651933
11156725
625246591
582290917
40730889
960760631
535710703
669575426
7133161
969111714
67802399
750240956
755990360
703412834
352553597
450656679
851326458
141564364
402620487
538275645
848526168
586259293
193773098
397320230
221658340
831329365
936518007
556352244
462184560
602959663
440219949
756632479
365405658
349592971
245764271
691092580
765122222
58501942
700912281
36044385
317537984
878665146
801328006
898920662
726791015
327433005
47818943
667473546
969946516
66522840
886472154
88309108
786414847
364707258
623077819
260343776
590794484
229168881
56015553
455109458
950923196
220451261
751097813
954125201
771210796
456438049
124990044
414857730
117195983
918855719
529193694
271631812
417808811
845394551
73991687
649666282
481211881
465532186
673728349
111366335
645530134
231307307
63588877
963384331
364927390
19887708
82677870
7846117
722888452
789551922
498742652
25908902
135990519
685231525
210480525
570529521
237163068
777635273
789792896
260178176
569013033
899537816
430677143
861889864
441373144
23319036
475052658
404190107
655346498
128429276
907974233
741000074
655056340
272482077
548978426
416438328
358323902
889844999
228984553
313783661
666700191
646480370
179729992
835906504
837033447
323460050
560512477
177788728
388543311
94852156
565121440
719076647
840685836
79730460
161266537
311013478
495718402
945218248
832913474
870473894
113851226
28101778
766944015
114561779
623607083
771057988
422033316
417888834
334392042
486886674
866914270
662567455
261208931
674864296
829589387
725678404
379468773
206420326
932549055
225283286
230162375
842406795
703489484
22459349
722810607
381087116
194909415
6679125
114113133
792125361
920884833
180483112
285339012
899177172
404971707
97116041
572708016
448606244
716725759
527894135
62525945
184646646
307503535
910654886
916623196
996242921
190613356
927783299
516645159
254968662
164866608
602960568
306868218
891880216
79984930
759977466
400400897
976436403
355698904
60003125
198299389
282995777
341442375
497935842
200872358
485643963
275305388
635627216
71728870
844581407
109653492
610290047
785600246
28945514
681290417
195744227
404794357
228656358
700305454
134822259
512958134
82750960
932539039
30052423
449898730
787612054
58513422
160555853
681324920
512235545
297178522
355835486
522335574
147690658
485242824
644927603
734045614
977696356
488995979
780378597
640349933
293331335
510277151
679802002
863989737
738486514
935381651
641385808
757948253
188090205
712195888
633219981
683408438
858838517
692631651
872355204
945102253
123841500
212799473
784648976
987719508
850526995
888605661
758739251
81196952
426760297
237109319
766757885
385597853
665604422
142808818
484570728
143855258
893344302
117536326
75867372
213681684
470069870
72042693
312716108
40404766
283381282
134861854
398859951
779046957
987043579
610771865
491995081
900372657
472477397
690094560
272590562
423148349
366463953
694994899
489895314
786829906
471345221
613946793
766827436
179937535
135216372
101816046
232626347
147125296
899480909
819845985
625357934
824566510
890188556
902473773
420984620
505932346
575939646
204096450
79678738
258073654
600424114
891782310
421589207
959668488
524982541
635153050
793104808
359863281
27156812
122332116
322560596
126106036
267582339
340573566
104262736
57945542
53775445
71860325
52442365
936620621
931244375
81157885
109659001
940080423
222895789
705719253
986582635
348805070
51659987
697889241
667412056
445815413
89734677
479731103
775988189
328921706
854237372
171439417
71235725
159616083
317160331
714478976
439752808
825352620
221713026
92285667
844786113
675685042
274131799
371126779
996382045
23202720
373061496
233204959
996476183
692098734
222810134
759438303
200543814
684856346
902496845
225411570
469399256
678068681
939221196
890041604
508785859
23882302
482373372
674317703
621795215
822482697
213465712
253683962
229420199
728785293
434728422
7679487
98837211
117929595
136758223
794517863
120759719
734644416
833161211
92970706
67019657
439186360
16195417
566968422
528077087
794131414
752345615
257872296
465256583
977557832
498724314
527597743
659054574
998886886
242680855
804597152
287715462
995579393
661259615
347541816
566195879
357910438
755547800
821235136
120004687
62868280
829692483
251465521
372813386
36832217
946895616
763189894
970141343
981890884
159571888
217591007
299036127
643536532
65192767
367559369
503147917
12753647
85925057
154490582
723489365
743298838
75471080
858991261
890681005
683664629
12458600
877852138
970519827
297014966
788164314
178983395
622790301
338421676
692509881
241162311
500299366
144583358
205316601
654695979
402145653
38699382
473314749
863922701
81718306
881910359
443162359
22943384
72222945
103162543
387227022
686637638
160992406
386010862
519480254
974946099
5491058
607077380
414849600
477607452
856834613
562619114
132091647
188008701
554399017
123786560
151012012
95916991
858434034
152938319
957000104
924254256
424512397
723510015
407757164
963612339
856525332
178467714
196561991
951145225
171051599
152901077
408068887
650883602
260614247
946174412
379533676
266245816
533728827
175366109
480515454
312209941
501520225
252300616
311808585
458349240
557133781
612109824
76729900
912780663
302850156
28246666
667965284
477233928
665137704
425761547
478408004
316222274
51873888
562791064
11980810
169924176
77347082
627995945
882021842
464104541
125178266
970135229
979190267
731636709
477295164
578208443
203887808
113672056
422243349
966650589
248321602
576563092
285845479
348764764
593100719
585705555
949962890
369753017
669940806
92360517
26036395
508658259
308400834
951714584
656091440
375367141
592996234
970678796
697818580
715542714
685671912
671595625
654813521
919224043
13913276
330607903
44221536
979163996
906655079
461304294
229282101
64924803
329619967
469194583
795339892
12968415
193423962
665153846
148231495
366083858
745912463
402160077
44329721
867536999
634705107
801439135
180830791
547210381
743243135
395113827
69654489
239499538
153047714
467978276
816430618
339753177
843370382
676247561
612256144
10095707
270744258
655947973
833411356
308837027
506872609
488536333
294441012
280684129
284616336
145859263
241168192
614115472
311384689
697165477
172200543
665157749
581284662
639081848
900553202
354644912
289324072
438848166
759137828
854394536
735274123
964460969
3698626
467495537
324867838
123492254
726529843
86347419
236526160
656503852
204384365
76087436
940301373
625953414
874378376
560031881
533667456
22575554
503274588
940968472
830512528
732610570
779268955
519560756
842698616
737624375
408471516
470866149
956849805
647581721
706736699
524336451
660962663
305195022
43560512
608523428
656927476
390661310
123275149
380849445
121192371
143106908
388631560
972983037
875869011
29702333
610816654
439083574
143630156
849571517
627528637
977634528
310365010
589520376
63195248
160345265
365825937
875940125
740656003
377331422
511009402
406052345
511026245
308862166
290360444
180721949
957206599
266486137
760130731
158334117
750927783
532408879
76696685
421220693
198456694
479882084
74902306
410932348
809319089
914820641
618739290
192770975
779214932
642582511
456442937
751729470
69084801
11838297
759571855
704541765
971409261
112835124
955480359
404038982
843513924
85484082
794227584
25880531
787282775
114531664
827781290
79787240
186120163
620324629
814241814
87777636
507420231
955620878
107396602
285616775
735044062
631081931
133297438
158672490
277800879
284958855
781304763
495920029
584404734
404001401
307563029
651818637
394487837
394440613
198720155
295144122
318358991
820166661
936092866
653404729
215077768
177120736
737380607
531371328
220071754
132883990
263609615
213651528
814526258
974920935
9989322
434774965
8380795
826428140
773083542
908150049
69070506
284704399
180073788
311528930
161395075
756909823
906020394
180503547
830888189
763722267
289130510
573952063
906159840
531861768
181306171
964459560
527099368
428072477
149452267
111811972
43713116
688873065
54169224
223304002
970590489
662653894
51751729
174007370
538687255
635951853
767900693
525502870
923879648
349669058
231461398
149807223
366395735
334377969
47556643
564538264
166151978
935558683
8702657
95086950
172410887
150013398
495451879
551664186
385230497
21029287
98395452
201877787
586203725
471062085
158332092
181170771
109860476
27785986
50034899
809484005
366926808
976027538
957900622
324490815
264214556
262233099
564351204
310271593
160236868
464891061
847364424
594989663
583007011
435142048
595545553
68205800
760759410
489451797
756882755
109956219
149853881
143732517
512329465
32078012
63020634
335930208
582023833
178910006
860928526
762305889
452037894
97975941
138893429
959860626
816927498
788020065
369259124
265145108
92548828
172920982
781243501
142002133
482900437
76048428
765864579
821363089
693655407
406613350
667238699
828812499
824041739
52869966
512314552
700162784
364749696
396827949
541840471
731318778
257055758
950035128
250274099
728681989
315352630
298773113
648987028
521853
824990231
56832672
639980899
58745972
305236703
545176262
46268406
703653259
269827719
838212310
700502568
501081842
378342003
223581632
742159304
126538450
739357947
805455756
958254690
201443168
786692793
304890065
64385452
450417377
838482593
262288586
215624875
850520518
378847856
828343171
189622735
87486652
973760330
789837910
504266488
272827639
733796702
131617470
449276614
733027765
830072069
586118736
389534498
358404541
825575211
671104040
765916288
726738134
650462514
315705378
959823539
499051210
558010755
726713875
332964997
143359205
486854351
232756714
984494578
404243119
481841834
199998479
243203004
288565594
323167733
416036898
443099883
502314686
782824080
592623975
656045507
431753250
410291224
215572968
886246125
74640441
718967713
371595274
427523300
554914213
856559066
801753206
3196132
56802613
187045903
325520025
225262066
934462114
701078222
956490439
406232560
565080539
804093508
467174867
533292672
196275086
460034419
850390073
518830683
283719946
732170536
589470740
240259640
728192907
965730731
612992714
379365873
743543631
432410096
680264579
937327155
891208037
590476953
905122685
126076212
358005920
107907415
451408951
711390483
406610367
332111472
522643777
12657768
212072796
377763390
998207253
647131036
344757516
342197534
452280218
849283364
488206266
628506951
373075727
821016033
663954800
895799568
316357484
840320024
75566575
729817804
232999492
371752693
225638820
813173922
813812959
388854278
573588607
745484461
358717358
679420805
405640428
232914814
797578078
714817899
439334301
682290837
432496760
378849055
964660262
650165279
579626988
27205066
233124718
222842466
860879854
454011568
178385975
640235345
999301972
569456869
643452680
775704073
702422808
502723233
232620967
32547417
653064814
623952417
556197923
349373420
611098781
970593495
641046192
538859915
982256791
297743744
819986330
577903844
970894251
294864373
531656615
458346122
874260637
534162295
791886134
59724333
556814123
765773640
902097411
476430353
413217100
419570886
278308158
323848067
39414763
761914897
203356876
268204754
511915389
496613411
143202528
806425765
967677197
797298017
21546469
560328756
168250248
850141654
424503351
104338865
653970089
897999195
530494882
124033317
477441515
906396251
817871324
484930730
72086298
949739496
122320207
828313729
901985165
22156767
722773028
709557737
755727888
797778144
821594344
991812714
121462584
102879396
425548694
815370154
840842451
262221528
631551014
247763934
565278538
893089261
60382443
776773708
805833203
85923832
324721072
97409822
130171459
340197585
451793429
519496095
190524284
428342144
552962514
214294440
653567548
590917866
891683034
379581436
396267340
551410569
971761904
990845529
684081140
871097797
548411935
673829082
850669613
730140526
541429222
497985042
37965566
401483838
82378980
285864718
848050607
579257163
746322974
684540598
593353418
441282527
873166314
188736824
937694727
104771059
750729036
35404987
650037171
225270567
252695562
277221899
393591383
720812993
99570922
762348635
213737083
91138065
81749
904256416
165576812
543664045
216926526
602217343
111594806
349588700
394763231
112270087
788193334
735396636
686078507
280407850
392056855
21743825
193382763
877907676
822153632
105661422
256262589
281882010
299883360
686052906
997775255
241151176
211712580
359632812
539935495
598087647
206857208
721128194
879612642
418807589
254181978
819546205
842387134
40270152
63719713
55913538
468373334
321167295
184115843
48260623
517281221
920699216
718485196
270144336
386023586
609288582
388828099
138853837
979038067
931898621
739450572
373985809
932986027
719130899
437886164
267987375
565635853
789082013
545930968
590031443
30419637
999935581
886358169
361929272
927609341
372154859
390365687
324363304
811034010
14778493
601516134
725271369
987596550
663017221
993359369
174481536
589461390
72262216
891894311
344003555
68217587
