6235986
1596880
4541459
5835873
4984153
8229322
1445498
1110649
5657473
1081402
1767084
4187344
7549942
5117430
5465458
2458075
1924
7048849
2831632
5429394
2667391
1853238
3819329
4087672
9069353
9798832
6069094
18467
9596136
6588326
709866
1498833
9650439
6013623
9822465
5839684
8121905
6146755
2132322
6038227
1453558
3903303
6813864
2600696
1787531
8452252
5511458
2800274
7080932
3234514
9617159
8575517
1488472
4663801
1155018
3194073
537573
9002975
6380310
820378
3894720
7085727
8042067
6179863
2442227
2428842
9797600
4231638
1318897
5568149
7323564
5971923
1743744
4322652
5546306
3246048
6273028
977497
5296135
3792456
882949
6073622
6081927
951194
1718123
9450112
3712551
5634023
3348418
5887009
5013521
4733306
9733775
2838638
6148366
2879154
1597165
7894318
6346974
4475558
1242564
8216011
2868818
2500315
1872332
6494978
3932318
5446767
1752214
1880926
306977
6770205
8460308
8466026
473121
1291383
776791
65949
6473890
7669308
9090139
9093937
7238650
3998723
9321827
9014174
8285300
1159711
2574045
7208304
8484949
3235203
3616157
5255792
3890073
9110958
3160702
9798420
1716005
2609984
5169677
9249077
3522860
9136912
780797
5585381
7430050
8264279
5715149
5976628
5118994
8032332
208531
8084162
9946616
8807787
632263
7580828
9231363
7390102
2998859
5556381
7072155
4125828
7278898
915897
1146621
5059327
2424876
8370748
4094730
3625385
6514824
3468034
7720557
3177547
823964
3022292
4482481
7798218
9429751
928988
8064883
9168169
8805514
7000100
5577152
7897283
5034278
2284169
9223947
6749702
7996278
7041543
9262188
6441737
8460110
7582050
6890891
1294533
2681271
8773960
5580655
2249225
6002617
7953920
3763268
5995812
1449944
6876100
2733560
8195870
838402
535154
4179201
2413036
3133746
6789837
9933375
4944221
5816804
1040891
9667276
1106826
3056055
5629225
8085671
2597743
5041210
6925503
4677091
5045411
7534738
8951219
723036
6330741
8161001
3739388
3081760
1235344
9432062
7957997
2277573
9214639
4387963
8807976
9655001
3256204
4850560
6623011
1940997
4114521
6626531
5279529
4652733
3079105
4122573
4107268
7434203
9210558
9351945
2940222
8158466
4295590
7010153
1710793
9831732
4127909
9129221
745141
5083594
3687427
5787690
9990940
2634420
8845213
2192590
4554521
8358446
7978423
3859137
7940138
3319600
4676806
9920208
3902719
7275441
5146300
8508089
5143884
8156485
9208902
8828428
4280284
6936723
6888258
4212647
7617918
1296610
310533
6506966
7370606
243935
2893595
9564026
6882761
5544762
7018242
9325715
2801988
680364
1550710
6372923
8347743
9463123
9220857
3534671
5778243
4094837
4636186
3082721
3460653
3544180
3398162
3243914
8371553
3738914
1275908
8056612
5378246
8317945
1619781
6745610
3242675
3275071
3077584
5538061
6469221
4135503
3338766
9859424
5527395
7977152
1587534
4036449
5442009
6663100
148883
2746632
3856743
1074666
9735699
5530409
8110262
5593553
843620
1517159
8052107
7318030
9910420
1836304
906163
4923273
9022095
5842289
2540235
3733517
407202
9714067
7221540
6177908
98594
3461287
7493891
3537648
7535642
6794281
8265684
5512377
2857803
9347413
9111475
2000000
1437856
6151932
3491184
6388728
8859993
7973675
4653706
5018365
1594189
2453944
1345656
7273168
4917442
7359937
6054823
463312
7551956
8600575
7994539
6799845
1549705
2238530
5586116
9091930
4437477
2625376
3490042
2304133
4748531
8964543
2051277
8787567
7906096
1482114
6977422
8908651
6405890
678318
4891246
9550345
5414827
3780460
9701767
8783027
6219653
7763069
2188026
2414257
3112548
7376709
6659602
6001030
6490076
8899446
7292275
3097228
2575056
1242817
5206741
6949810
6076944
6472382
8419071
1374798
2993530
2175535
3808626
1237710
3248605
4976447
6939847
6260477
2834874
792796
8463619
5942684
6779466
1565240
4933063
5594576
8088614
5994038
8483572
4885249
9625035
3294590
9948307
1520632
9560432
6507766
7183700
961807
976387
7024175
7173248
5965157
2268743
3692229
5061553
3858621
1121592
2180820
2256916
4617030
7624387
1354983
5898319
7008635
5160792
6366720
576156
5561646
5423520
6243159
6700187
3746410
6050915
8494631
3551056
128464
5371140
1057737
2455603
274166
6077851
9116158
4586857
7422252
5252613
6656201
6123410
2460513
7998389
4541263
4320492
8633019
3254345
275285
539490
4816552
5455358
7120188
3061321
4680409
2415647
9970298
4768802
6346050
713094
1563435
5156893
3739062
8212157
5358160
6068695
6743623
1921158
6915799
2326298
409278
2669624
5528764
1900161
9556844
5304325
1520389
1316363
6014288
1562224
3063353
5933109
510629
9815663
2372831
1618063
6224
9928014
105126
1713832
8597971
2665496
5336459
3503014
2403466
9336988
8444374
2470103
8483417
896228
1065137
6084154
5347783
7107962
1077020
1932669
2833464
221867
9736020
8898755
2755993
7468170
3806712
1484099
6172890
1313071
1152813
3870079
6149679
3495555
2777699
301020
2370926
6506777
3007306
8743068
2295771
2623231
7457215
4742380
822334
5667639
707994
4639642
3026396
8606152
7708710
1773163
8127137
6170730
1795276
9312497
5887812
1782749
2257033
966639
7714577
3065438
8724493
6535770
3090641
1775946
9165536
3602125
8318523
8249524
4196651
3921159
3047770
3583851
5615244
864378
8380201
3682074
2401023
6532173
4328885
4947887
2924691
6784724
6896678
875218
2364214
3391700
93301
8461943
3272345
9377789
6484530
6300785
6471258
3309081
6744650
6090774
7072160
5515103
6030071
6216996
5631412
8436555
5877610
5068084
7030763
4548072
7058863
2747745
2666463
8958141
8792482
6371078
9749636
8959374
8448160
4259708
9905450
7647908
5848446
6046837
5525279
2067938
5056252
3735017
9288827
4882392
8208524
8038253
7395235
6754932
8486062
312346
633400
5488640
1332370
3066232
9292349
962911
1056747
7352629
676429
5158431
8194529
5545978
3283080
8769960
7261659
60054
8515914
8956404
1997191
9176060
4061112
3837847
3536090
8411658
3361332
2061271
3188152
2829578
6604589
4394555
3138535
7133271
7946547
5697528
3511045
9410589
5860580
4175404
8667550
1500804
2514529
2591608
2126788
534778
6904300
4193876
5873551
7077863
2222004
8465372
1765516
4643033
3497970
6720123
5024293
7755093
3983588
2823716
7315103
9162736
6532320
7992073
4020024
4307254
8628437
9811693
9468353
4793271
5174134
399176
2409163
1603916
7706633
6794580
3852696
2748739
6837704
1176858
6494240
3234665
5552855
9902842
2060592
1185759
1558543
5493620
5642379
1823081
3960621
6449520
8911396
2299084
6186725
1210383
8896369
2950878
7669549
6576014
7689375
3671387
8870598
3753604
6516661
4576029
9917375
6264999
40374
4661260
3483340
1912788
4392464
6391242
9976431
5368273
2981398
9984340
6081108
9345790
7202027
7243870
7519769
3469483
6336722
3744466
8969666
864913
8386034
6725131
745572
4724227
6894271
4189386
4769664
5664016
946728
6939898
5495595
7905960
5519093
6578542
180598
3272999
4607424
128992
8706142
7327081
5775286
3505511
4099498
763113
2956434
2953805
3374647
1834479
9510050
5931983
9026901
8361297
9518978
7375993
4855626
6553736
4328352
6863125
2019097
2756835
4118488
1638074
4206457
2170111
8253525
4167375
6069867
6161440
8095364
7215001
1046797
6226611
438452
3994973
8783143
5049701
7891803
9364586
4016961
5972850
443205
4070098
2669800
4377898
1158874
937896
186347
3032226
7689655
8602008
5981350
1912202
5718576
5713463
2084365
2289863
359170
6012510
1567031
5712924
3058037
801492
9797763
2319618
3456592
3143537
4775926
428212
7710274
5066573
5133032
7586255
1609520
2574841
364027
758409
8105353
2998599
8046471
7135801
3951390
1007820
6224800
1142484
2887325
8387748
6405155
1070722
9779359
361039
5807869
3713977
2357365
1902957
4998813
7882563
4627095
8610422
2356371
6163897
811162
6184426
4550970
6893026
3101077
5687815
8039495
76338
1692637
1021644
4681838
2483836
4270228
1788670
2203482
2190627
5801799
1948831
6781268
6849556
516750
8784979
5559696
6127847
1872812
1947691
567855
9697217
5713132
7369947
2758691
7402957
7954998
5227146
1808242
7004194
2871791
7812060
4391904
2181166
1399809
1680893
9273077
9837875
300044
2697427
3457865
1221050
5747636
8750202
4394300
2714700
9224104
9795173
5229200
4407013
8607925
5808058
2055510
6848935
6560620
1959034
3864734
3673704
6732452
3151170
9911408
4821256
5526554
3913923
521245
7884176
7472744
1941701
1453415
295853
4542605
1569986
7319864
4732381
1358890
8458274
2759777
431998
7456732
8446254
6576534
4230888
5373573
204071
7236342
7681665
1352489
2009511
6999019
2204282
9896467
9505100
5969405
1267090
4698390
4050140
3247476
2629562
8103673
723656
2168281
6965655
15873
7409091
7163470
6230683
3923883
484579
8600933
4062041
3113009
8754844
1349045
3216163
1471409
6558982
6562411
466442
6174698
6015687
1308067
2064496
5792
6967737
1852010
3650279
5657278
1094397
3430990
172089
4358702
6336834
631673
8139528
2181584
2026063
6093287
2740941
9788113
9582513
2020035
8906868
9919050
9331568
7912831
1197544
2713814
84525
7841172
6076113
39777
8211772
2593227
8501854
3834563
3220072
8303043
3307384
2600040
1979386
4377862
6873896
6801486
6293832
2227076
882277
5328245
3558709
1046561
9732427
1642742
5171280
1371127
9222932
4035732
9227374
7184769
1506308
5410023
3137390
1772908
2531960
4002693
2387208
1803413
632714
7608696
7183061
6153087
9217303
6371106
1910429
9261063
3547390
6533889
5404833
5409454
4978904
5666267
6383821
9880929
6715452
1526782
1251574
369613
4325005
4002621
9117711
7499195
8895812
7562312
3030770
3674225
4357222
2939441
100969
9704714
892421
5389695
7652375
5038662
9770940
9817216
78552
1934889
4999609
2126200
6166024
8347518
4913402
1403139
8072665
7209164
4481639
2960144
5002918
9160966
9807987
4284359
899592
3215776
3004738
6140846
9169215
3836955
7035574
7578440
316049
9392097
5939517
237871
6671850
6739901
9491682
7571483
7314074
3070791
2780730
1475384
3978150
5322700
9021444
3688498
2166816
4520673
5632967
5765052
9468091
6662214
4899782
7870947
5575818
37564
8866287
9756100
7664042
6779710
2565175
3816458
4199320
5491568
4579649
6070114
871176
3895196
2818689
8765798
3727786
8198809
7572662
1743942
373571
3089925
6935038
8878476
9260286
2382064
6337809
1201971
9616401
7035196
7864114
2042728
2772943
6026452
1942835
8903189
8156553
9746127
4388081
453635
1898877
2378850
981539
3966740
3405050
2486481
8594245
7920477
1491019
2613746
7696045
5849699
9668564
8765647
4556180
2569092
9124939
456915
4740183
6214402
8263017
7580264
2244945
1083026
8081286
7963642
1692463
1373584
9993952
5494767
8580066
4605840
3087263
2199273
8012954
4096481
9952767
4596263
1254498
3807781
9718968
2292598
6237743
9153445
9610820
4264380
568066
8703045
2731255
7323924
713069
2269390
7027479
749303
1570071
7342128
7511806
3768189
1303932
1966742
9380773
1454860
5917372
4006838
9338509
6341176
2426817
7840456
5497204
2898280
721472
3417381
52540
5298459
98649
3940326
7170322
1223406
6987855
3744757
1706028
617187
5567963
7932438
1330364
5057174
8494140
8733699
3143107
8219624
244226
3993880
9257805
8247725
1962961
6556413
8367968
5422741
3577846
2977197
2046835
7249523
1661798
5742494
5192947
3523726
6938099
1870654
4219674
4630557
3979973
317370
182049
7878711
6567018
5128360
4557280
3700148
8419393
870105
7176910
5187345
2353801
7923720
551665
3972322
1128537
2040318
2499926
7154112
8584792
4790857
7503766
5198341
6672240
9025514
9260232
6017400
2641764
1594040
5663303
7696510
8770500
50601
8488457
7221454
9623390
4150323
6823472
2715435
7322521
5136954
9239793
1843291
1855074
136096
329880
9631037
1270731
9400398
1763720
3322353
5138583
295426
675736
345091
346148
5710265
5124484
9687958
1614517
3189954
718837
7871482
5542075
5441171
2617474
824634
4646676
8716454
777363
3603204
9550615
7100248
2138930
3170609
6492870
3587298
552077
864122
3296009
3267594
5261748
5351243
4902780
8765531
7154154
2166116
5840150
2631714
8099758
2254598
6037756
6545866
3390553
9764408
4680336
977673
5699811
8795459
7912515
3398862
3585112
6588939
1195323
4274912
5569655
4957441
5210907
4426262
7626546
3296511
4644908
3454289
1702502
5608419
5724220
938391
3073958
550374
6550286
1620924
7084112
770256
102296
3662195
9073912
2041483
8420034
3395678
5356208
1764072
3897681
7157566
1303210
2194581
8851311
4565456
700530
1162483
9990398
7013186
2390430
5667476
4099668
6417750
2661431
2897469
2327522
4009907
6086443
1719319
9009772
8473183
7624299
2326850
810445
2696680
2152566
9990530
1563555
952906
1046670
8549491
2350134
9682530
8207154
2187714
8213704
1077801
4735629
8515773
361136
2136933
2325784
983487
6535468
2412439
6965610
9111876
1955541
5190897
5505188
7603106
506091
6559439
4008525
6373310
881862
9057557
1224597
139117
4656903
618059
8980132
4045304
4668386
363546
2703406
3976360
3256714
3355432
6234698
5328464
5448756
3370229
9266662
7736821
2186483
5974011
5659748
2800683
6350278
8326690
8053831
176184
5870247
7818849
9573718
2467345
2680452
126535
3444656
4946723
8191957
406299
7612625
2186710
1909325
8679116
7206169
5974499
4887608
2892453
665131
4114297
89457
1449940
3396591
8161440
6515320
2773547
1318364
2321107
3768810
8178342
2629705
6612936
3566217
750914
766633
7923421
2011487
5623221
2574580
1855415
2032748
7042191
9336658
8052141
751773
6166645
2405231
2626169
1335138
5103120
3007546
1736152
8389617
3319773
6079633
1898918
8561484
675636
139593
6641797
6417926
6996933
5053477
4737103
4626325
9072595
6253131
9901698
7954525
2841781
4182688
3278912
6645679
1581089
529207
7282787
3325574
9661478
8933391
1919039
4245531
4151491
8745939
9606845
1468152
4385264
4816303
2642090
4358814
6365448
723876
9979191
951466
1946939
5855759
3406587
6764444
7943021
1699436
1457422
8554067
9549265
4091628
2217824
5177508
3149183
4951286
6884836
1757648
9272346
8019571
1786454
8775540
8294590
7472741
8752329
8279933
6070611
9215444
8451507
7153748
2402346
373773
389713
1603750
3304847
3350596
5724614
6222830
6730919
2513298
4846239
6620867
9564817
1317288
4436696
2194489
6853307
1463805
6805432
4655068
5285632
2678988
4288827
7521129
8393499
7910701
7143747
6837014
8733752
4615448
8967593
2501107
6892815
7675348
4459734
3623295
91072
1050555
4188374
4694030
8288123
1905643
2289094
5619062
4641430
1413523
2036192
3097480
9621909
4287423
978583
9021415
425329
4223450
6125036
1435803
574792
4382344
5963651
7910492
4085825
1479856
1417782
221943
2000512
2115227
1411039
3550641
3074503
3126355
5685466
5619466
2278153
1127191
2668244
2149133
7961643
3505377
1920804
1901453
1991050
2164343
7418718
6775256
7101629
1758159
3439497
3505235
5409691
5087851
3296585
6073242
3622928
2431417
5290484
6452529
9960172
7985061
199689
3387191
8126353
9494833
6714872
7672560
3348382
1125744
1822682
9491633
3308662
8278389
6164758
5538072
866740
1824247
3363430
8709975
4526442
3521161
2489726
3914241
7807725
8913573
9747007
767334
2429385
7723637
7187539
9146655
5069644
1958461
3423130
655237
3513870
6199076
6440376
7225621
101701
7968998
887399
7934607
463130
8116952
6898556
569996
7740337
1963056
7731817
5503732
9966870
1362810
9362855
3828748
8234451
5287282
4864584
3197128
5586246
5135773
9607133
6380989
8427586
5702993
8884982
5527678
5381518
9599033
2717651
9611499
1461572
4325627
4161193
4098114
7906041
7563724
316666
9290639
5302736
4190921
5974621
3667523
8992978
983769
9684675
8028941
9884180
1197358
1125167
4154558
3394061
5850035
9021710
4223048
1975795
5605959
8394715
7401234
9923123
2049142
3973840
9582531
4035055
8406339
2404630
1308326
6630281
3256442
1776974
588130
7791891
6150143
5503952
9083227
1928858
6189099
6358398
9634134
7643592
3170759
4046851
2678957
9722609
69399
4688547
1716771
5228192
643070
725887
7254007
8330139
9588628
941278
535619
1965717
2723639
7557844
7631782
5633032
1906489
9823323
3950880
4752025
9391811
2875769
2429066
4056791
4587150
8476170
2811430
828745
7005523
483595
7668234
5171687
8611189
5277980
6074310
6986710
653873
3380842
4304434
2106533
4694387
2245382
5929972
1794207
5279205
3123878
255420
6681365
594366
7712515
1897848
6353788
7519918
9383723
8130338
3490034
7612018
8352911
8342446
2486340
284440
8714210
3870490
5771298
3106258
9311937
8466565
8352345
3769964
356414
799215
9603553
8648977
360377
1812687
6263493
3778466
9232143
6491759
5260430
5897293
9704922
2411352
5875759
8117852
4803480
9334042
8498753
2245722
1494464
667751
344425
9281096
6872496
5274306
3580337
4719821
1652000
1492645
7277401
690386
8243150
7392314
6542023
4720692
789701
5378011
6555658
2088137
578942
6990869
5871645
5697082
7122048
4592533
2776020
5823148
676347
1109961
8274300
620828
9401065
2517358
4850450
7800946
5767610
1968665
6144060
4015693
9099767
101047
5388360
8012521
7982309
7383133
3728859
8393324
2524086
1421048
670634
7586767
6939379
8721724
2320498
3959884
1429686
9862161
9240463
7348787
7290993
431773
574016
2110461
848124
1320368
8106032
3353344
4148363
7217137
642405
8922542
1423099
9086348
1035200
4169988
9675111
8384375
6399684
7650097
4189605
10587
5844149
8650717
1334267
1276929
3300986
162837
9291196
5621228
5196874
1817324
3943728
3165645
6751661
8162706
124916
2660152
2430985
6995236
2545893
9740599
3819241
8185814
6835292
8163587
1667455
352607
3615670
664038
470029
46796
1225771
3891691
3732959
3756865
4417771
89281
923371
7658493
4235621
7583584
7043995
6213815
5250470
2604214
9637188
2174720
5876595
1990147
6726976
7172904
801774
5177112
6944538
5823612
408255
2081229
8154409
2346988
5958979
3118497
102431
1261518
2229382
4487845
4120950
9973241
8713437
7093941
8290337
5523644
2842705
3379293
5299811
1966397
2904184
7964406
9894659
2356270
5426258
2832567
5517446
5583423
8402654
3504206
1295813
3092709
8481695
893495
1533162
5466798
4609591
7126792
6107513
1516539
5612164
5444585
7107621
9648824
1459877
2723136
3118984
9123951
1943594
4612775
3448842
7141909
9396965
2789190
6597924
3963098
1219524
3100512
5402678
8187753
6926064
7609097
6464575
2982554
8765399
5177355
9549206
6702344
4265430
980986
9468101
1519504
3671379
4326182
1843588
6225960
582072
4667796
4639060
2938882
9548437
7587287
2546537
8618623
1935308
9152512
2013566
2627247
7384224
9658175
9271032
4707687
4168236
9337600
2312459
1582467
8808194
4118168
3951803
3701201
3302093
3516588
9624954
6036826
1389133
6614459
9286684
7314309
1900840
7257999
9738162
9981606
7750892
7469236
9844788
6655767
8173275
5363663
4096080
3165096
1307676
6226769
4341718
1932469
7136223
4159273
8853904
1489876
4611418
5425438
5597125
5533466
1392884
9041180
687007
8311215
9418417
8006252
1876999
1090295
6402596
4362771
3530594
2430615
2344334
3446948
5793248
4320641
6305415
76994
1742629
9499159
3450218
4278441
3125476
5989794
2744857
9168787
834414
496651
6752048
3657196
8083046
8081531
9058516
3666276
9304416
9346660
436799
6877073
1987590
6078910
3191023
9692228
3969266
263188
6054269
6133720
1186163
1898332
4214306
4210585
1565965
3370113
9720471
5372588
5712745
5682073
5910755
2945995
3500550
5668768
2061330
85110
385860
7177369
843400
9695670
3969153
3392328
2914926
7566070
1567106
5151151
1531938
6782106
8186351
9762752
1707696
5932774
60606
3904361
1862514
5999564
5505168
7155087
5965297
8866138
8457431
9081259
2871678
985863
5679734
4580328
8246293
5133005
2772655
2340888
2084559
5475444
9554140
9986187
5959649
703032
7901943
4113780
6049616
9451553
2771134
6372712
2790445
6761123
8594461
8799625
4581218
7806501
481822
1874301
6316642
8329768
4747882
9279672
5848658
7233461
6737008
720850
9032999
464469
8673196
5556874
8501946
8437013
4491964
7547974
244879
4702128
5846006
3132810
2512268
3738528
492598
2772820
109371
1901892
3533553
4907671
5052598
8515668
265523
4194891
4171392
7910964
4983349
8426392
2400854
6929639
2822022
8626327
1848689
2424135
2782944
1756559
3842497
2790698
4761285
1044345
8671323
8655199
782172
5808697
8455701
9474833
5075348
5199762
4377606
850476
2212708
7430114
9453412
9528866
8362940
1172057
8418841
2109212
9714916
6014439
2926727
6898121
9383105
4910157
7958678
6495993
9770712
5159384
5128557
5318196
4188870
5882033
1207599
9976166
9861162
3588999
4005191
105584
7328766
1523523
4476695
8816126
8943567
9545291
8250326
9358615
8340204
236886
9721613
4067855
8472140
6057055
3258441
4381389
9900774
6602610
2074910
4808561
1387871
4393696
1411034
9135309
3791402
5738379
8104727
1432545
9993394
5664744
1683186
1770662
6043362
9783823
5796168
6669098
7723447
6299320
9577870
6034560
3420605
4050701
70759
4621117
3618061
3124709
3354227
1376012
2514954
6019613
8644024
970953
8491765
9301631
270127
8559873
7204423
7338239
8634891
3871234
1633246
9024487
2655331
9510367
8892681
6446198
4770063
2392300
8595539
5174121
8496338
7823986
3724505
734178
6562356
5334025
7885810
2322346
5132297
7299336
5653790
1579024
684267
1226250
5988459
6153605
4658882
5788739
3263947
9976286
9473035
9755898
3328882
2751547
2817627
5004120
4245960
8218187
4883285
4537396
7863949
9005455
6573895
3711743
725872
7516744
8142842
8391604
2878825
2843952
623245
8794506
5540956
4127189
6572165
2149950
7171255
7784008
3777154
726270
5435403
8773015
3904328
6226380
2058239
4498664
895100
149419
8633204
9702007
8456909
66850
7686023
4821856
7284084
3665791
1104676
6302179
6775466
3251738
5648812
4226937
4165114
6517738
8750082
7380239
2101856
8706435
4149506
3694393
812670
9357552
5856600
3465107
6833931
7896674
6378974
1303810
1353775
1703203
7586706
1126843
2536338
9232223
4114305
7377914
6697864
9670907
2621870
6286988
2356170
3691558
4863001
6329569
5568990
7491470
6445306
6915599
47943
9972982
7378756
9909345
1873390
3328604
2982969
1104578
346680
6986168
5273419
4897735
3004626
2485367
847143
4246598
2919671
2957209
5444130
245152
5807775
3972425
9735121
2453245
3133689
8108638
1531599
9828171
9894145
5897526
8671511
5226434
6125967
9294786
1198483
2203281
1359333
451251
5147111
2041736
4190015
5756589
6076203
8624249
5268193
7360212
8483279
8876814
3619446
1732758
5111684
9303935
8809084
2345770
7880851
1642964
50705
3563652
7839134
3771026
7351615
6532887
3457312
9208426
261643
4275951
8410251
2382528
7864214
813237
3459333
9685982
844794
9880290
174675
7903366
6929289
3107136
9780451
5224331
5969040
4038730
8674336
1257226
8276135
9017342
5533658
4671065
6578590
6952129
6262171
8704941
3604492
1712809
4415454
374846
2871613
558530
1925783
440362
9438150
962400
8301731
6368301
4391772
3124623
9033361
9253854
523689
9367656
6760063
4698979
5430534
143591
9495660
5761352
6668564
7634751
7189065
9962732
924802
7698002
8351021
5431878
2444165
8631811
4409648
9785246
4782182
8324472
6756146
1234373
3486703
177054
7100594
6727929
3515330
1420561
8623250
6675207
9460379
9874727
6014082
1342766
552995
7279149
5530798
4697571
8232716
5297426
2278986
9695371
8549550
8432852
8343021
4254521
7139217
1450495
2624264
2841162
6608489
4619300
2906723
6900245
5876734
9532412
8167748
1616950
2011116
3876074
2749282
673202
2268354
2174056
5752057
6550074
456371
1372309
2881086
5857987
1472566
3906596
7855214
5806237
2558152
4183570
2573806
1448105
6712263
6901053
6458425
4898147
875108
7969263
8563628
6411262
2152644
8476297
7662804
2350645
9694635
834331
6016415
4876639
9743552
6302779
4290568
6512656
5956043
1242023
639938
596890
2178751
1090373
6322976
4352196
4601686
7764322
5321325
2742163
9729663
8485253
696616
8915541
4980623
8829945
4218117
6750380
2429705
6085656
9061729
6806857
6734039
9264084
3239569
7513336
7427090
786613
365
5475375
1691569
8542999
7611990
3980425
2430819
3506115
6266482
5254046
5539316
7057051
1274302
491701
680331
9960859
8806313
9825228
7874825
7908880
1052472
949134
4749682
2939865
2405162
2605735
4325390
6530397
9925643
4075250
7538195
4649529
7313653
5970292
4807794
6505835
4400470
1507646
213977
5025552
1311600
7217793
8516123
256621
2288636
1359250
9496721
7864623
5593929
4628732
8299107
2906853
9867690
7435295
4353181
5188030
4229701
9503069
1725454
6081844
7154638
8285780
6381426
9145100
7953067
1225533
5417696
7959570
2634580
9415392
677563
4708448
5500499
8771973
5693210
8337721
8595284
248645
7893085
5552677
1473803
7717740
3456152
5647102
3699758
4226807
2439059
6817781
171740
1984008
9995106
1310227
1623132
7870570
3822897
5735895
3314123
2593342
6261556
6306886
9578474
3973205
7372709
6947610
3706864
8228610
2837541
1088800
8216403
1070714
8391610
8586414
5711888
4532068
8344313
9022421
51790
5220104
7624769
2138602
6126210
1883777
5189907
889263
9381642
5562517
1634832
6353639
4364996
932015
3631373
7033089
6026114
8565128
6447574
5325478
4194532
2901154
207960
1756797
4419628
9302188
2864412
4345240
6520769
3184920
1474643
6751414
5261057
975877
7628954
1528798
3299689
8940224
4178259
941328
8226690
9106164
9442038
6341021
8106805
7401112
3797022
5067382
7636817
6600182
3530976
2292760
2712712
3344480
2739894
163723
8500825
7737093
3431487
4829366
1150006
317545
4561264
3513497
8301181
5454340
9705864
3043858
2977958
1626408
955682
1163778
4716560
2418985
2174125
7073365
8366213
8785684
3348475
9324951
4829948
8933560
1197661
6387250
4727757
7377047
8620916
6848400
526534
8894491
9493576
6309430
4146854
9563770
8652759
2312251
8081855
9164610
5780595
1529175
15182
7692736
6470733
5483556
6518255
1089644
2701429
7738573
3936156
2025093
2259481
8362404
4675297
3290358
537970
4838225
373046
9886512
9435989
9665542
4044904
2242825
2827882
3420525
4398329
6884999
8917296
1915662
1260646
882294
129525
6586024
3942737
6900931
3225190
4010246
2297239
8287819
6270741
2347580
6721658
4643813
7856188
5894220
1274918
2533696
2570261
7792352
9701070
7862995
1800128
6695954
9736134
4351649
6815272
7762697
6324260
2462481
8080554
1412245
2039839
295085
8834510
5089253
1343142
8743807
5664254
4210465
5402874
1492469
1487244
7347630
8246813
8473157
9138978
9646179
503685
1986069
7770276
68518
9132440
3354722
3261870
7748422
7598827
9464533
6207007
9961678
8423314
8252825
7917989
7391594
1747325
3583852
2126630
997924
144477
4503649
5746753
3941463
982015
1891534
1953794
1057140
9337957
8267523
264307
1650522
4716398
5256684
3594762
9687071
1836857
2818074
9584002
7154949
8231974
8871672
3546930
8441827
5032101
5726245
9183506
7700825
4243845
886385
2782459
3591531
5550376
526791
9619630
8242358
6430874
1940614
1346209
2883579
6837880
62153
7788227
5054089
4845317
8944906
5708901
8186749
4543300
1867444
4040265
877010
5912302
4158857
8874436
718493
9939459
869278
7443085
9133126
7156526
7901309
8460766
688123
9893818
4796678
4240579
9951540
5430640
3072388
9709594
3723959
5850981
331534
2400309
5102263
1605335
8067331
4312861
2303874
7910021
8992493
5766534
8627116
1450282
8104921
5357794
6874978
8743512
460944
4405015
8893584
122318
422967
7472203
2930592
1712462
5761023
3376848
3929822
6765403
5734647
5117035
4622526
565604
1924411
6800058
268218
448911
642784
2435173
9438768
3271835
8933280
1684706
9570892
5912153
3853798
3292052
6550732
3460354
6201312
4049973
1167581
7655118
1943398
9971850
5385543
4071728
5594531
6313327
6704964
791825
3596868
1489728
6862842
6422418
8031513
3888167
4624739
6936691
9479631
9754544
518657
3931373
7418992
7888029
1954748
4438259
8584347
8762082
8769308
8046230
9942020
4807848
3855398
1174039
7527251
877540
4710851
3746825
3079987
7975478
2712916
7579822
3381099
6511876
42377
6955573
1647054
8055236
3495650
2170172
9101127
1812410
1488686
5789665
5349973
1042347
9179977
9591643
7474777
8888397
7685506
7031221
7837619
5269380
2085293
9471071
6299054
9906862
2974729
2433724
7470666
6965065
4644077
7315731
9340081
2720732
3404825
3506206
8820700
1809214
4052698
9777345
6863698
7338600
1370751
6244265
1905160
8580086
787099
7819326
4117515
3569022
9300988
3841887
2721741
5991020
5888680
8114562
1543811
1054644
6373260
8473979
4402901
2875516
8255205
8052004
8957427
253327
6587599
5934094
11624
4358356
7238504
8443435
2997428
8665183
5195150
7450304
9077300
8861437
6038511
2175262
9872855
4678164
1122525
1501893
6774574
9700401
7886205
7303649
9846070
5557604
1345381
4371746
2666808
8563715
7594939
3164439
3102785
8701453
3019342
7150450
1884781
8970333
1916694
4002954
5235911
2897723
1046516
9802642
9735636
7212448
682558
4309135
2872554
536931
7741936
918351
354262
7198963
4524187
8996896
1652661
1712047
4264006
2911700
8131765
212557
4073633
2683836
3076234
9541723
5496588
365786
7570120
3632613
6935704
1651518
3052145
7495979
2053305
4581990
3304045
8875748
2476018
9323883
7774197
1359234
2251982
6661122
8694106
6515302
2225590
2208907
5655341
7337885
9364140
7077726
5606504
6883329
1076561
6647247
5524029
2126916
1656977
3892318
9969986
3206222
7333257
1080919
2769730
7590370
647359
2322501
2115151
1837716
6304420
8956826
3096242
1189305
4193459
9307706
9908488
4106661
5487619
1827477
9700171
3159340
9904696
3395087
8334850
6928047
5081408
5311533
4231875
8708437
4634338
9384059
712485
2856794
1560442
1806152
2785305
7757891
9138367
3877565
7963256
7110604
7990742
9533750
7991199
2305592
4672077
2249655
2259310
7879501
3137382
9460648
134603
363168
6182536
4678960
8808542
6926078
6983167
5572903
3535233
4227967
4442629
8507316
3134658
1398899
2407415
7020941
5476734
694364
9770184
3110087
7462882
6982230
3804693
9081873
6251162
2638580
8653020
1064633
118654
527606
8372766
1040995
3659179
8940640
554615
638345
3818687
7883780
30537
5626250
1502332
868134
8187475
2762282
575023
3006518
9478193
3220294
8473293
4110532
4438795
8908030
3378652
5642319
4687470
5705417
5533694
4185732
5807534
6459352
1882802
6891271
4954356
6656138
9248666
7101220
762572
5905765
7219336
9870810
9584536
3211163
5262344
9145810
8657340
1491525
6416309
5101843
5314956
688916
7192979
7976192
1765557
4538493
970862
6041868
5172099
7064052
992185
3439335
8180520
3971472
3636505
5632469
4208300
173520
7681640
6195329
269656
5078861
4889483
2389804
6223098
6722159
6583741
5429616
620656
390106
853879
7473785
655465
3721143
1355083
9558450
9977192
3056978
6939536
6681449
4987873
3709004
2826126
5848275
5112246
9686095
2312195
6313814
4779662
5815531
9884694
8054494
4780937
2682284
9671556
8540125
8938733
8099305
3443244
4437003
5186305
1424549
4744017
220193
2385899
2381604
846577
2259670
2793989
5810133
3690715
8443462
149265
3969840
6607503
6942910
2889458
6634311
1803358
5336275
2953166
3017004
5262555
788622
4120263
2764795
4121111
4374942
272420
293008
3406978
1010598
4378693
305001
3698377
3198685
9406180
3268099
5740456
4548864
1137776
5695075
5495663
7678662
8744734
2814794
2530191
8819097
3616018
2546416
1280570
6120225
3147878
3858037
6889020
9458127
717491
8509277
6349518
7432014
9581871
6588531
6775963
4209698
8374963
2520487
4191028
4049843
6980835
5383763
3724202
2671155
6226255
2420147
9418563
5891003
1356020
1946871
6192046
9611312
7270237
3866356
564564
9898448
7374023
9433038
7155858
9165334
7350043
4546135
1195860
4309201
2597707
9583314
4367328
5555395
7088361
1514630
7094019
9997317
9372016
9250334
5090497
3878750
4844643
3621237
2050219
8903520
3534253
9405257
1050286
8365062
1762282
7100560
4979235
7076603
6567405
2781158
9620797
2561799
8679228
4092489
8922561
3047245
217670
1717001
9387821
7202755
9324019
8178267
4015660
3420740
3114374
1010540
5897571
6248563
8732062
6371972
9554001
5175386
6293870
7620224
8702014
7743917
6339814
923610
1643911
9265746
143244
6296329
9024065
8349830
4472798
4526302
9129049
6358348
7152807
5865177
5626836
6109961
5516198
3085377
3112134
2879068
5581942
1155154
6743602
1861096
5775691
8060570
4751098
7790900
7857739
817318
829602
8589886
153442
5788017
6116852
4367810
2241474
2653157
2971398
5169
1403929
571082
5019411
8893514
7072566
4269726
8739007
3361614
6115474
2803787
5088245
9854870
1297627
9887462
2268417
748834
7698513
2138932
3288151
4074643
5693856
3374595
5283184
9645762
442317
8156814
4033253
8252027
5456277
5112803
1873863
1347065
6506756
8219908
8529204
2584971
8406710
7604660
4570093
6396391
5073989
6593672
1233576
6803539
2826520
9162292
4734710
3603714
4636519
3986825
287343
6689682
5474170
3823699
3343559
3181722
441529
8673220
8027919
7338156
9273729
8359053
1702943
8087938
394783
2564206
5809367
8548840
9740699
6773518
9967562
958614
3386748
8234478
2701974
8626084
4419652
2748857
6792840
5646973
8043793
6564103
9829762
6322428
9219147
2352779
807859
5477082
6209268
3956452
8834128
4775723
8901088
7594545
2509273
9930222
8480589
7880701
7570149
7805208
6553388
5634670
4559514
1329310
9846670
4036959
1382019
9597688
1036189
2738915
5019696
4125564
4893377
95747
2023288
5935971
3484029
4039170
7118222
2929322
8207234
2584453
9934707
121199
7239966
2954258
2040049
3650551
8596766
6373755
5648626
2784302
7599519
8161181
5386911
8026120
2367681
967983
3760436
2893402
6544251
3427441
3913638
685634
1800430
5731108
5742932
3696762
3399004
4793027
6269699
6164557
7993381
5956138
6269189
3190118
4242540
5967948
7466797
3851351
9812390
7507297
4967562
3002979
7922227
646778
3490150
5414218
6788296
2800475
1993672
765955
4730875
9122172
7111530
4964181
295918
6172423
7832770
6722870
2546057
3110399
8166917
550726
7885093
3386633
7378855
1391440
8447677
822165
3760898
3901627
1497431
7117858
4910883
1060450
6945041
456831
5531766
501492
198081
7362176
9574366
1956353
2797135
7631787
7758343
1980241
7113628
6152138
2916804
5590566
4909941
5711966
1103088
324638
6240749
6194641
975930
8669605
7450323
5642951
8920896
2636965
825306
3487259
8286610
7339276
2069403
8499763
4967434
7198
4549725
9785541
3625787
3218846
5409604
3204538
405742
6725067
3783040
3136060
6157308
2373819
3663648
7939451
9697656
5712724
8181376
9516580
1405818
2708033
3604888
7616038
9992954
1542216
8096114
7169397
2093474
1867837
5388879
2511025
9158210
209899
7953349
9897016
5643190
5257830
1219857
7126112
4034558
8902533
6738413
8111270
9318124
3385585
5719651
3877138
2979194
3378704
4051786
9121773
8612603
6703124
4797158
6376235
8660346
7786407
4256869
8782186
3464326
2651155
4157085
2374559
3316182
6171674
3842028
3033006
211742
6956373
9791130
431095
816927
4048784
349576
9790374
7131561
9445489
9656084
2088189
2462851
8221104
8000835
2265849
4028079
8062531
7791317
973028
9756318
2393373
4823272
8772904
691078
6335371
4495201
9532959
9906220
6798966
9228044
411838
3462936
3546891
4944522
9759880
7882471
8917213
453622
5178710
742604
2490020
5011017
6933182
9304884
8211076
2485468
3155957
2468374
7869544
4111951
6560666
5754877
6936714
1141877
1086467
3006514
5872094
6365162
8390720
7254111
5028328
1253538
8459881
7036274
8628970
9286842
4785663
5478121
8799354
8602724
5706727
9035926
8252749
8790267
8713727
8717537
1048663
1526590
5566235
6556889
8207422
6836950
7637399
6489992
5695312
1456558
3882534
6401256
6940106
3968443
7748719
8795072
4685006
5643508
2354995
3594065
5398059
5159786
2172556
1587663
8759455
4258185
4182937
3060011
3613326
5759703
3018856
3950361
4421873
4785540
8751603
2257503
9899684
9062948
9269868
9300690
5643403
5451588
8963795
6043202
8287030
1402034
8067958
1424651
7992979
3603185
6826202
374388
4542079
9461309
9381093
5083304
8288958
3171013
5379693
8139720
5712486
525686
7465659
7383323
8146000
8659752
1433918
5321432
2488565
6142322
5593370
5432684
5051905
1321689
9723511
4767880
8609247
6687930
9114657
3376708
3826278
9590694
803437
1810717
2790304
2750112
2197188
5515516
5328270
9091774
3228963
5165736
8966055
3036622
6052871
1918265
5396469
6336644
1442407
8875935
8612999
2537267
5767360
9170873
8023113
7805002
485232
7392567
1373598
6133092
6692576
3883646
1653781
2273148
4332460
9597247
8241837
4778743
3155456
4165827
8946348
671910
4443163
5066173
729578
2147386
4180420
1044499
6253587
9896021
9048045
9528805
9266352
1575577
4191388
3176285
5410288
5350746
8678557
8004054
965897
9339223
1260875
2411927
7910046
8189322
9987375
1583871
8563972
8561201
3495002
5123946
3536357
5458217
5737892
9356665
2675028
8536965
3908568
373822
3874098
7327963
4411023
4579666
7189479
3175623
7846836
2289493
8970963
1950729
4350459
2337481
9333206
8542635
7784843
9986811
4533267
848353
9577740
3072410
5500536
4092133
6082223
9794936
4293381
1661254
6386712
4791458
8348978
8230078
4630564
7904105
2770467
9097844
8154271
8781864
4766758
3037873
5004781
4214881
9808044
9832623
2067420
9480895
2451986
1679602
5824657
7371657
9051987
4730722
6526288
6155440
7068796
3985781
3727554
4722331
2295665
5048851
6354801
6068351
144855
6813072
3723111
7986334
8517317
3718280
8890523
3500532
1152406
7430853
7008993
4583946
7104039
7321510
5122242
3986723
1245988
6435544
8643744
5080715
7737836
6122573
6683821
5869230
9871362
2955648
6418367
1730843
8352759
2398018
212953
9008086
3663695
8722932
9991413
1022621
9785643
7184724
1858243
5795145
4704937
3463148
7025355
6619499
1461359
4650105
575251
4668540
6184552
403954
9449166
2250948
4126560
2287534
1648726
2760287
4941236
55622
8458338
7226275
9081059
4232057
6060457
5655118
6969465
3992864
8393350
2860935
2085763
6346871
5298352
5413576
796090
9625734
2127628
5600939
6149145
6455131
5562800
8671338
8130423
1995352
5440084
2171843
2884624
6846669
8806243
7614855
67991
2103298
3152931
5106161
9317755
5941156
2880964
9932637
4188160
9168580
3720605
2574371
1978975
7798876
3755526
5430558
4383863
9532373
885182
4835912
5755966
9270115
9519507
5468516
3106804
7492415
6574124
6313864
6051822
8836051
1597101
3799206
4832753
4016695
5944158
689973
5288893
2676620
2821511
3109020
3796604
9544366
359422
3927070
3677305
9526449
885459
5637717
1119171
1279637
9027980
4513650
9153662
7086547
99967
9226981
7360610
9794437
3807936
36504
6786787
3962398
3791819
4498743
9809241
9829855
4871829
7826044
1950031
2671217
9497954
3029295
5647692
4573475
5578162
8504109
9426212
2702818
4443086
5075622
6461923
2195142
75149
3169336
598080
9956782
2295975
4681352
7286052
2417946
8082566
7326086
5332240
4284
2759253
6057338
1807981
4868826
8507935
8159685
3699846
3438795
7691122
1707442
3541638
7374559
9160303
9945591
7171132
6872977
3918075
9904362
9080428
6031810
4134245
1181906
7826826
7372110
4398603
444771
3117105
7671464
8101049
9779870
7035646
6731283
492081
4085065
2548210
6744723
8799823
5084992
6958163
9962463
2410281
6700435
2872868
9686431
8626321
7874221
6018097
936443
8781505
7742822
1462558
5178757
20190
7630834
2750281
2035766
6082505
5228619
8404369
1197017
7711263
7543820
7000816
2360419
568415
7501531
327088
394334
8490645
7899749
2081277
3249325
8397456
6962182
5929175
6154508
3846889
7835314
1381853
1590514
7266708
144014
1858962
8596241
985188
3868416
9446873
5050599
3025865
3655873
9061092
3351670
9787287
2477698
9937056
7555346
4951209
7269084
2682156
4298839
5822185
2910102
8093802
1486489
6482178
318733
9961020
3322603
3112614
5047397
3758492
5318707
818666
3019648
114429
3136321
3762985
4930164
5741296
9815682
3255447
2063833
8443579
595965
7350962
1406165
9351104
9263441
1454809
2695269
7708535
4918689
2052093
9627693
8410546
829246
26650
9057656
2459082
9464568
749917
4892765
2896835
6499049
1679330
1732883
1114748
255525
4906206
7505254
2791409
3287169
8490871
8503499
9236790
4205806
3098367
9486026
8725993
4188496
7063914
1010890
8022865
4573507
3238487
8085607
8026692
2740137
5408735
571670
8752859
8198479
2692260
3340434
7988500
9972828
9809880
2805518
410463
3117022
1314006
9254513
8120863
2463152
3997737
2486149
1240968
2801910
9665989
6509892
9199607
5521477
524443
5891611
8572978
5655157
373503
7818047
3525259
5761445
1486044
2275641
5479421
7350435
3952836
9097467
4789766
1530947
6155655
8553294
5667797
8236444
4936007
5942915
190800
6716026
7243347
6181644
3419839
2965744
2307188
4287306
6933279
8586922
1616149
3237773
2656099
4250488
2262118
7531877
3723346
7863394
1257227
1579158
2632074
1929825
4710717
6898810
7738308
3716241
6745918
5710283
5133492
3840357
809832
8016084
2219767
2300831
1273534
6994427
3497380
5797851
5664684
2256600
883178
4240829
4779559
4633944
170938
404723
469131
5296421
1802131
3831611
4702654
8565872
1496075
3021342
1856093
2484532
377923
931091
9800966
1714199
9340819
354570
8177534
1243630
6745410
9498966
4760909
17796
3450822
8964805
3517250
419044
6910040
5109685
2998024
579904
8495234
5753759
1516799
3157594
2030737
9780327
6393887
7596229
5324863
5117840
2163352
3830275
3833737
800087
3398196
9402754
3788938
4559324
7707592
8875121
5709838
6222266
9204734
5540458
9447517
9463084
4302542
3507067
858649
9608312
1766894
1884614
3253064
5151623
4107536
5320591
5182038
7358094
8194401
8282946
2245781
4701109
2584213
3359634
4253518
2910480
3683022
9133834
8401049
739267
515793
1760078
7285315
3653994
9054486
6997217
9450848
8700672
8754753
6897543
8680747
3897046
5398627
6905666
2152144
8843449
4085585
8559519
6117572
5396400
8766153
1875193
1897583
6422674
8243806
930295
6329747
7677637
8362988
8392009
4349500
7007370
9625876
5184103
5693393
1188533
4042658
3658902
3890293
9068212
3004318
3271534
4743650
641064
5122635
2235856
4937940
8922140
7538873
2143508
1160571
6385912
1742732
3954784
1659365
9203992
905188
1445834
8825778
7187147
5033536
5847614
4579059
2124219
2738850
7656860
3595807
9252896
1074603
2069493
1760838
4383475
441235
332331
8759015
5313448
3097803
3144594
6529261
3781537
5576155
289076
6739585
7446569
273866
5215014
347445
9216890
3035829
9486763
8304207
492047
2012978
2180341
613838
6389353
7118828
7494077
8198961
1502454
7984782
5278159
1021191
2855483
5458321
5316561
9238569
2211578
303792
3696031
7540908
5526398
5570420
2743283
6228692
4201638
1056152
7455777
3193879
917649
1762247
534083
2155320
7998004
4060848
8347710
4176615
8477567
6907535
9042439
4439797
9628244
6080767
6768140
302186
5898508
572882
3556760
2234182
9985908
5265981
1594693
848145
449951
9254737
2813595
3802793
4226367
1228716
1395555
4658110
2047419
2306963
823314
582440
9561776
9805765
1121805
2876286
3189551
6593086
4373717
7097082
3742967
9437835
1281741
8820476
522293
3425919
1896104
8995841
6157981
2487085
1175852
5957125
1168629
9404236
258378
9954490
1760572
7989984
1931385
110330
8539452
1487527
6918412
9653535
7670713
2186675
3848819
585280
8705483
3891065
5963003
2850770
5851263
3059558
5469762
6035691
4205020
18996
3987524
8326533
3670838
3711921
6596992
8772387
1494954
4196911
7633653
1687335
3322844
3791830
1263661
5968075
3802096
8701966
5796511
171631
9216571
6492240
8449249
7179598
5814107
8093393
8423513
1408761
3428270
7809927
1784722
9595086
6490892
9717374
9012134
3829319
3876378
2015256
4018407
6396382
4792029
1443167
8309961
3099735
2422351
9779545
3167531
258593
3775825
3841683
7891322
5106695
8463985
5969220
6027948
5173023
3660374
1021781
5485722
4221845
584181
7629462
4391222
8734043
4168075
77296
7294852
1154027
9612651
7092835
9129150
1629064
7664346
3186587
6838591
2623662
7049176
3535464
3139179
1381511
6880169
906555
2514715
7951030
7682940
878734
5005195
2530126
6454409
5121325
5949961
3490542
1748474
8412498
2706722
338244
2007655
6133847
5028575
447309
1710270
2539902
7868442
5396609
3383833
3385679
7741846
4452572
394644
3900434
3249567
1298578
4187662
5748142
7984242
2564437
8686558
5714289
5328373
2392880
1017785
209929
8482508
9739211
3422502
6829553
4837804
5576126
1135633
6526481
263575
2183419
8559022
295061
1801487
265987
2917901
1007355
5335135
3756245
758207
1965709
2655433
2286818
4040121
6140321
3579946
9059101
5593744
3652435
7481387
2968846
1926050
3976782
5293680
9541167
8587005
7955461
3917712
9705192
6818852
5950800
1522150
954762
5949463
9301076
551173
7240054
4446914
3387697
4288303
6209087
9035759
3753992
6790134
4283009
5616274
2186908
5977168
6030359
5691467
1880830
7626895
2941033
6280008
7908435
7792204
6555299
548358
832088
1675525
762996
9714361
8994913
7722346
5369720
6705962
7743562
1916548
8799177
4269049
912355
5750076
744751
873699
4131679
9586222
8679340
46470
5166925
2083879
8591696
6034364
3399021
2864957
788286
8253112
2388508
9941194
3769411
1716791
2345610
7666438
9852702
3664364
4992861
1695057
9102685
6329209
8097049
7010799
6616428
2716582
6061169
6872445
256762
2512788
4689845
6033226
3731802
74099
9614519
2496344
2551899
6818491
4258534
8180247
2367627
6012858
2100960
3331208
2031766
9930936
5233652
654508
6664465
8343629
5891552
8266310
7594009
7965997
9272163
6801825
487916
4823605
4199436
1200335
6725804
9046341
7016945
3437207
1978128
7785692
2742216
4159989
4354845
1894620
9586903
1186470
6523201
836496
1048494
164093
4259954
6841178
8093809
4478575
6927558
9691713
2224420
7029988
5492009
4852676
4515448
5817060
281008
5951399
6045931
5016365
6588487
7962754
6177470
8962991
1339402
2451769
8801049
1036621
7756971
3473041
876885
5371897
2493006
2216515
6702804
6211113
7906120
8776078
7884822
4443202
103279
3104149
4624846
1142618
5605629
2075081
375852
8594239
4793280
1701904
7804717
1210607
280545
5455876
3334922
2123367
7435753
2646173
7397910
1581100
2335569
9902368
9281939
4856000
2572344
1750821
2979259
1423654
2647888
8622725
9092621
1868917
4838261
7501463
2984198
9755840
6218956
8135345
331460
2472853
1788497
7314280
7002494
9492744
8862566
2134858
9364309
1031419
1622881
8225078
8205262
2562149
6316135
4321394
186135
2155003
5542964
9715840
978786
3786289
810544
9316111
2228797
2919151
2817346
7944985
7493630
5776354
7780908
4327105
623688
2307000
5544790
3278537
217425
6112948
5954786
7120795
9928830
8565348
9858790
6952356
3315520
4170689
5639315
8437543
2163098
3379643
4019688
8009223
6994432
5718815
72505
8283049
5322861
8121667
9262469
2187011
8061369
1935088
4117339
8464446
6972155
5029245
4289319
7514664
7642717
4328818
24071
3546677
6827394
3801483
8750023
5665740
946394
9539802
4561758
3617007
6077240
2492133
7715271
3863724
1128048
6002390
6768322
9893201
2526622
7206727
687672
423455
540484
5521381
730713
4354564
913479
9153686
5453967
9270718
3869817
7812591
9536883
3693546
5371883
3050777
6327094
4846471
3232013
7261263
9804067
9718851
7542160
2662134
1079764
127719
5425526
9893528
2499728
4732066
4307151
3610121
6931582
2448260
8447140
5104903
1901442
6458117
717349
4326984
7863165
2488818
620392
2583582
2026771
1545898
723
2787864
2734563
8496401
695531
9013742
1252329
2591187
7518400
2205577
7951555
1191468
5027484
6286925
1675456
8794150
737590
1325621
1258286
3661701
7489084
4774438
6014228
4609682
470983
3202065
5064839
3806190
6645074
8481679
6044730
6096923
3994213
6852092
5969706
3840374
834568
864338
4846597
7317908
9842500
229263
5582624
5409940
295141
9591334
9304782
574675
5900659
759508
5182507
629170
2109782
6431770
9919273
1639275
874877
5626854
856722
8632630
1093214
6650452
1254098
1558821
218591
8781674
1963626
8283710
8588237
253481
9848913
6897769
2812717
8202549
6598064
5840782
5520207
1844262
5432713
9958925
7930520
5486949
5579951
5138047
5412008
7126748
411163
4717542
4056724
2672439
2456956
1451214
1442856
9286024
3277561
6746455
2980110
9283380
246876
1951724
5875508
2851451
9216694
9248688
6282655
1273855
5849821
3407414
2516186
8731170
4579971
9941053
5289553
7699704
6029279
4197084
3257456
94564
9583834
8138044
2323049
1632416
7600595
2469124
1402499
4575680
9895863
841234
1683856
3837442
3745219
7302391
6741945
8383184
6712454
7157301
65022
3793270
7625200
6522843
464397
9015384
7231234
9108815
5076089
865101
7911044
9191280
4107476
4681328
2985280
9518096
8219918
6300898
8950955
2645329
852964
8534884
8918601
6342229
8818649
8941860
4046226
3626978
3173448
1480683
8976903
5087008
2005600
8920448
3908186
2753694
3121473
8688034
3319900
9380276
3862056
6736703
8810341
1433050
1817593
2718888
8841754
4372070
6424466
9687381
6909905
3438027
2441889
8833234
7733087
6948605
2382939
6971456
6387474
9322228
843898
1996776
9035160
6622948
9565368
4616069
3441655
6333690
7857709
7302904
2130766
8580155
6798396
5031314
4180439
6087661
1060490
5304580
5561159
2188712
3791736
567502
6018113
8821817
7892311
2125452
300462
4215114
1141359
7857881
4739359
3232999
6445204
8834525
3254246
551065
5105738
6574194
894826
3376329
3260531
4333289
1391410
9879329
9224219
5471407
9442895
9826551
3194183
2391729
4725611
6719497
7366917
8955459
5999186
5017915
9122060
5854418
4100584
435633
61090
3609572
139401
182916
2953589
4407583
467172
6467759
4820543
5276511
1342118
8836851
8300519
9165758
6155579
3632073
499078
9999459
8023421
1918860
153248
7988004
9985936
9207387
3845723
5488348
4813214
8469040
8392650
9732033
8378801
7055780
1786407
2850024
4434709
4921671
5737640
9589903
9610978
1808728
9982800
638173
7516064
697094
4172643
3253905
2134288
8264599
7950798
206807
8599087
3330475
5108932
9227483
7473072
7520379
2980493
5419205
3249973
1212471
142687
7478851
1761078
5370793
5670526
4858536
2944085
9671389
6530804
1666897
2403993
7427466
6537892
5881193
1617763
5185565
4300839
586788
6257291
3879423
6612473
7608516
8497135
8117836
9918569
3087175
3786842
7094683
4373619
6447852
2150954
1687544
6020032
619495
376265
7313984
708453
1117308
4405272
8493589
4794686
3788404
3199275
5591332
6452481
590713
6300047
8675487
1468953
1955935
5344030
6083590
8060913
2037093
8876325
9665414
7738005
7803044
3961914
8449586
1289411
1905679
3687834
3362451
1468915
7233985
3793563
8957295
151406
7164447
1519192
5582768
3822468
4769288
1712824
195012
8748900
6976017
8368102
4501403
7467760
301149
6931021
718072
2745766
2339590
4880810
1973922
5014844
9848187
4708199
9385469
7753968
2456318
1756036
8752444
250412
3818902
1879797
5990572
2241384
2675273
2409103
7780511
2700140
8052115
7705243
2699604
2812576
3054876
4027527
2842539
997342
2327093
8516066
389124
7868653
2615726
3093658
5577648
8390563
5132660
735942
211634
6857775
9647795
8121047
6842579
841363
3723319
1749295
889676
1567701
9979174
5937755
6893645
7453643
7440531
2654825
3792255
785781
2540183
4619968
6230199
9053992
1726515
3627900
1817272
4512366
2540386
896395
5654540
1747054
3690301
4416369
3611900
5079958
5168117
7204405
8812551
6134151
7778669
4548191
6010710
552297
7817849
5384674
8115179
7136164
5655022
2092531
8933186
6770524
3667350
6706079
1582252
4349919
370897
1353601
7793324
5213387
3988584
1908536
9024189
7719327
9364439
6913027
8453788
4679608
4288191
7399007
9538753
2870156
4705134
390986
6578207
1199165
7891581
4862571
8067857
5682991
8460493
188984
7713377
6953590
7632186
4842333
8341882
5896475
7746510
6412623
2829198
7700332
1258134
9727455
8455155
668402
7171240
8682364
8656347
5993419
369423
3723709
1233781
4127463
5910555
8760220
4354419
4541056
7985451
5598856
5477927
1161478
6871162
4082254
1446829
2624720
3641478
1242198
8510705
965509
2047662
4817306
8908853
6625231
2883189
4038940
6765357
6166369
1951125
7478518
9719197
2574382
2010470
6888518
1155218
798089
4049323
8495917
8601688
5177546
9778938
5239028
777805
6493130
9357004
2239338
5808863
47756
6167876
2108054
8271906
8278472
9338064
6942287
9572725
1299295
2792211
3532925
2133524
3636555
2964301
2180326
3651272
1857081
4170549
9980222
4958268
5168436
661366
535690
8111584
6723320
8783470
1138280
3578000
5195889
2404627
2773620
1586233
4826806
7639946
3945437
6644860
2511065
5533871
5789284
7179479
7866288
2868448
8021697
1670273
8563993
9702100
7218922
5359865
1464689
5771989
8432662
4450265
5532829
482860
8255299
4887579
3414665
5189228
2649435
2660786
6450342
1999173
3702491
6722901
5979252
9432647
5771348
1000266
6484550
1405529
9986458
6625078
4805071
5789708
8980622
8129048
7571733
4874271
3808471
9035494
5748788
3982184
571620
3447763
9328064
5082508
5536871
8875765
7601760
5106395
3061467
6237579
5193351
4377009
2938261
2380146
5849359
3670478
613625
7309094
939256
1269270
189083
6478012
5646902
2689863
3281438
8589275
9842385
2525235
6432163
5753568
5562513
3612005
7074239
738539
8859735
4873910
5983498
529780
3656139
6840356
8995152
5198326
2581425
5825359
1187879
571283
3927672
1368967
2073767
3928738
4658270
9239872
5458400
1334032
8902921
9553060
7203625
2268871
9415770
8231222
1301663
9815295
7790171
4902518
3894110
775362
2717643
1796226
807107
4014303
8310818
977846
8501459
5631373
9917442
1052762
3765153
5123716
7528625
2509731
7201998
6179869
1123723
8454225
6607766
2902285
5897508
6879324
7256325
9513768
2794208
5015436
4429068
743196
6213545
8729760
8474442
2074264
9632758
2410646
6654981
9497953
1370343
2943344
5651668
204934
5487095
3483383
3611350
6008767
7819252
3306714
3181728
5562614
1354398
5579369
4304065
2607645
1362964
797071
4911832
2977376
7865417
4338213
6245636
7158251
4017222
6829699
951047
5277599
3696399
793823
542947
4442859
4136790
1042126
3738499
2266544
5353353
1061485
7564820
3173335
1884008
8109803
9285279
7576658
4736480
2133920
1668113
2788347
6045513
1213098
8817802
1347476
5826083
1007649
6595633
956451
7501570
988149
5665659
2262822
6856972
4068663
3799990
3769362
2436864
7160183
1029304
3628793
9349714
8920760
5132303
2141297
7411744
5488813
7050176
605441
6082031
9275803
7670973
8148499
3030812
2686336
8843252
7827833
2120230
9450568
4771990
9410560
1136451
9559594
6593314
2322188
9552810
6185167
3879208
9310042
7298389
3891336
83191
5152116
6719725
3017620
4557784
4921693
2892577
3917339
9913339
5725112
3133447
3045650
6161936
6241106
9089188
5105783
3499783
6387971
993879
4289433
663188
937662
5919110
5101169
7302656
7378639
9139031
1968168
7836310
9571829
518197
8996080
9970756
7415927
9056391
6222420
6807417
1692645
2441659
826074
5510002
4650661
6514057
323424
7086757
1708013
2497144
4515147
6291715
6588901
1730026
7119450
1580850
1784383
6741777
5268475
5999368
4532534
390927
7306612
8859696
2411712
944922
6757938
6688261
1032605
6517746
193036
1172024
9802012
2530168
9376376
5966094
2013246
562315
1441584
7195994
6294466
6032935
5449396
8298832
2797865
835706
4860656
5082972
4379430
1335566
953747
5311786
8344776
2520013
5948662
5090352
2025291
7340732
6069411
777858
1257226
4235542
7330062
8950732
3366485
6220402
1197864
9407491
4053523
6113979
4280560
9793772
3503828
267703
4615463
1635038
3404502
1777582
6406573
1708796
1955397
2903993
451697
960883
4630420
9364080
4815900
2574719
9768254
892690
6329532
7273317
4047038
6822139
6494921
7037059
2597817
7303411
3595667
2765176
1873112
2801228
3073663
9730447
6944501
2872813
4170371
5109334
1118028
2397168
1324046
6670068
3605525
2385352
6327046
6225681
2965805
2862399
1516153
4866769
5976337
8686915
8352453
1254429
7489481
138112
1536982
4183917
2445570
273687
1366732
7581221
9911838
3809402
5197798
7485929
5139000
4565393
5840387
6623408
2895594
8903192
6941584
3318106
2394793
1678024
6198905
4651235
6638938
4357558
1700004
7374309
2919594
8309513
9153813
4072002
5548439
7581420
7351755
991053
639881
518605
7990232
2127542
879687
7951263
5102785
3626137
8716881
2725389
9930696
7808371
6027572
1837960
4486202
4276224
5197123
3588927
3637321
7826561
6166824
4680803
8426563
1521193
6782786
5124736
3475834
4607068
7349641
5579344
4222423
3919862
9143163
1517814
1642893
8677930
4624757
893626
8618149
9408842
9951965
4163838
1819722
1915324
6652599
4809313
3348604
5395444
768040
1774947
9065529
525553
2532381
2267723
5203628
9596966
5244746
1637707
6752664
8205419
2289026
4939954
5890039
7046047
2861634
2827306
9505707
4504393
8108425
4485028
5234044
3023584
4512213
5680136
9160313
9830140
1959221
6433323
2850072
7362548
4844860
2591556
7333865
1707212
8873197
1991251
8919366
6195980
7419198
8320287
13062
938461
7847248
1705715
8384703
8788948
8747778
4304855
9937106
5161476
3223303
6749011
6517943
4220992
9695555
9012868
335074
5984936
9233172
4633432
7378687
5963474
3411193
8620101
8250470
1003582
8505910
6687574
9933997
6078479
7338741
8154396
2523513
6733536
1888436
5162877
8957981
4143674
4718760
2923581
6297449
7479996
5746304
9147401
7629582
4208031
3404492
1095310
1439924
9466567
2180519
2868679
1681637
6995049
4037202
6141547
861432
2926126
3977968
2725078
7212726
7099195
4446475
3488790
6303352
5609927
5943645
1683214
8466671
1703421
3978653
3806188
6576526
1832868
2429267
7291734
344206
2528834
8982875
1804710
8798087
9119012
8617516
9500116
8488834
6873092
2230404
3217010
8130842
7128592
7117486
3801951
1609542
9417317
2031106
5591365
1385702
6079047
1565146
2975465
5591428
8278512
403160
4019953
4629563
8754698
7586562
4312613
6301472
7097271
4254457
4731765
419015
4643943
7695374
6962457
2241469
6591612
5283908
309810
1374472
7754371
168989
3509826
8027431
4700828
9664617
3189884
2212221
9796489
9221622
2023968
3253858
3259298
6020998
6717468
2079398
7915970
586114
1850670
677815
728110
7546701
2178861
5979600
4055038
8002984
7883322
6463111
4011508
3852166
8375225
3714579
4861091
2939459
3440375
2959945
1442944
2763754
667327
211823
5161684
2110666
7796116
8645055
6940353
9213311
7452668
2299253
7498319
4644412
2336240
7784304
7743101
2867160
321501
5577801
604178
1158054
356999
5924728
7369906
6123403
8588831
8046437
9216220
6735478
1792
4087749
9587399
9621464
354786
7588397
7336668
3664866
6040148
7300284
2559387
2327860
6860866
5387538
98297
8045943
7695952
1687271
3969089
2499303
2856596
2798517
5485993
3708745
3027179
7661286
1239356
4788175
527291
7874564
2137259
7062745
5384073
9529103
4409069
1032799
167330
9596799
819784
3089562
8848746
821983
3114344
4918219
908733
500707
7043495
3254008
2679031
2363066
1059536
6867074
1200129
3029670
8661235
8831262
6036675
5531866
1278156
7289238
9336435
3050135
4460731
5492474
8695055
6503776
4515576
8363163
8898544
1710765
208946
4820895
1116499
8964022
8803108
5117604
4481237
4187797
3805364
4240756
441529
4087308
1512770
3869718
3634000
6704810
9372376
5741352
7532944
1796799
8950363
3861326
4346021
3775125
6031640
4318395
4344638
1412240
782191
5879504
3615363
4575221
1625472
7108018
3072839
4540598
2374226
2657776
5414520
1814041
6624065
5155014
1699749
6914342
8467064
8525375
7918102
2753608
1982958
40477
6511153
4823277
9294057
1804276
6485284
7921353
2635338
3945619
169879
1385784
3187447
5751025
875067
4550675
800978
2316572
7619788
1563425
4086631
5015471
5227609
8648026
9228338
1598596
763999
1954916
8030043
1006071
7220207
3428426
2549557
980397
966451
8615314
7752961
6332149
5919107
267753
5371950
7214174
3733391
1183395
2599206
2437889
9573710
5086393
7346509
4063018
5017805
1374760
3062329
4481843
3462866
3320592
5510302
1844169
4159128
2823657
6851370
6185063
819438
2636204
7363714
8571398
4335358
1984771
7982101
5197675
4848450
116857
626870
2959700
9258638
859513
8859888
3876571
1440405
9004330
4396758
8296964
285943
2921347
3784633
1378799
2540554
3753460
8295646
6390105
4702577
6479654
8106594
7834172
1003686
3295042
815321
4822673
5648317
4692817
2300288
1221906
6581323
5040380
8106924
5403070
7776803
1824896
8110246
3513742
4510827
1545423
3493257
7126989
7473210
2731602
4879929
9379797
7980983
3336526
2440167
9465496
409100
5147800
3104601
5661635
5971873
5379601
9478745
8200437
8082615
2225050
5292750
5069391
1143580
5987916
941944
6220931
3184638
637938
4143680
9494721
1981652
5226563
204734
520745
7934164
2960858
3993809
4451438
121313
7486742
1838589
3138801
5856349
8020138
7937723
3736577
9168395
9160378
9088567
5553957
8799256
407869
7703395
1582768
6610991
1932367
3257923
9560586
1509165
9331627
5079875
7119483
3921024
2750231
7750233
6927948
2138934
4687662
9432318
8650044
3934992
7917414
9013376
2345933
3330669
783026
3633748
6336794
5302413
1627516
7124573
2845784
6622055
3310260
7108581
2068315
5603617
4676605
1584952
7763867
4871667
909293
7203149
5966394
1646397
3393865
3252127
6176931
8495984
3599738
9008813
7062058
8909165
2467096
4698504
9531141
3829048
3192370
3528524
130712
8267036
155369
1435855
3194171
5350847
8903783
1528715
5096942
7480435
3474134
6338730
1228929
580524
921430
3241049
3356276
9443388
1652818
3103020
5614709
5818657
8813918
3924740
9592689
4952397
168610
8392600
5357255
1507539
9650844
2483701
2676678
4788876
1935862
7364518
1571498
1785048
5431014
5302864
4452192
5353996
3073342
4394934
4934380
5169831
