10000
26818751
42772216
306478533
119955576
574340945
926901644
783942421
649751517
527887622
449338198
770293792
148343393
72280757
111409049
609494606
751502386
172208520
318538305
842127400
678618811
598518120
957455577
316683390
950689660
646844871
872888367
278664306
802526313
981259690
694596989
810867627
312442040
885562258
186137116
621811592
807098122
504619449
40250317
372619401
52404485
406466799
548439274
620564175
622871198
874569120
237640690
875373189
551733858
736707333
196248895
160522904
365137350
83856173
454269241
983166962
834014447
28498597
17050730
621014981
468596253
867692905
442718202
500210715
747467059
581048574
182278166
501869576
657757361
105939731
146826923
869684626
835980656
335659128
787258984
274056001
804191651
748619917
671483811
121204430
297347187
298665632
17730226
543069039
327845679
556860138
740801966
795455346
798378567
700787077
634549501
765783482
887162876
168397037
525204847
550630141
728912877
530273107
351181966
372669488
891213788
785653445
519175725
348894045
82401969
255714617
386861838
462824549
441813555
984660825
304416206
103092503
742682141
146328071
464430043
239955967
993044292
839712739
63709680
684981454
405678990
503430723
234272706
971097295
599833842
306511701
698857680
809706300
464184821
679252958
244727828
97713432
403984151
262508858
703539563
672949762
467629777
874383697
141844394
133760326
163562621
526805528
348998133
961592666
979459740
186366193
913884821
982770328
53352804
608156103
177650035
88586627
415455222
652577726
518687092
386848471
765154140
198121857
221735460
145166577
222901951
14006439
42331316
329584196
592632546
223871635
34619958
640611877
879002733
666626215
694328579
451737218
434981574
850530512
813638304
973353792
114106916
594692120
800573506
686108177
304482106
328982042
156915170
376089771
194466114
493386875
867378510
598263780
691952834
607257774
707540290
783189698
445960933
950226429
293222983
560870584
517595426
795415090
241989387
689905397
879963648
68414678
433865955
64748766
998132694
654369180
714867405
743858285
730220426
71136327
921087616
172094363
340688854
52184174
242478112
493549398
7348075
577600076
413373167
434802033
597264101
386052111
511566109
289387335
971363827
804176881
589080164
866335151
178874417
732885377
450814682
118793715
889138959
747352985
441159569
80721047
846312906
82567816
999646900
264015839
564356831
758324154
569717787
486667492
78910011
801349618
742587800
491920198
287196824
246852469
292216848
661507526
403859949
816725987
903147661
802470639
522153205
504768921
150653959
123252366
905369976
853253497
611067712
34420488
292044669
262160135
550673701
954219728
554106499
226835349
581181019
110031929
606711899
50839845
674900806
967885461
852997472
323751077
573797298
793666445
116616389
209829198
856307734
676795833
941253003
70742425
560333746
129686221
475913416
532449422
925540448
370857875
655137546
930815753
179736088
493890942
177804131
439542194
586165794
299059867
98824502
251530466
204970847
295641943
764493316
432395589
680044321
484593143
332965558
43251801
740398093
418208423
661811523
653476179
82365495
231852101
331017368
80996747
304998285
247904886
403635523
107652278
937570562
320697773
759429973
243874685
11641009
851176245
816762810
54433390
337780373
288575793
531032805
404498173
611340596
926883492
952331662
154701281
956230283
458700099
340474836
91471918
894237204
875918335
217084822
628192002
33218357
104636694
778837477
983335581
792243914
539328063
962734217
458287729
541327450
5383043
471303916
227759672
913270480
154205381
354999711
128548612
583951530
321867698
27928880
40423761
262930460
885371623
775236760
916738130
499046727
177818558
289748994
317201403
442368624
869550258
498816587
296638809
682096198
923416373
812964839
699289480
909516076
212424915
456964504
260211444
1238695
460045570
822776865
193037348
346010452
814447716
868324521
305113863
755887684
119656351
995362675
380677155
310699417
217413636
831240398
395249074
186457504
361567600
311672243
282933131
940080776
610842379
742851670
344860357
378160331
530171487
712010905
423000919
162802303
497299791
629849268
12116473
242496755
899398713
497593539
280094095
290716650
426099185
613647946
501389401
767058136
736733059
621894821
807663112
655136343
410885574
543425685
581118885
900748482
443296651
858885523
252739112
151341881
603464123
240212914
497584844
981222057
213783789
503287976
243219005
15672190
506363168
295459147
160571725
279044544
559902301
289434133
391974244
112571338
690575946
813164462
116972381
397306231
502589328
41779075
944658106
35398246
105968018
298744058
364204159
761927717
423493953
372113291
82357774
932290928
917855500
281105046
376031314
116418758
317672725
462828411
825079624
37761691
254226772
612136192
216708675
129274239
941868659
963130802
473165910
253505700
892212865
931963648
767170126
644220045
622672618
156256601
640569378
258952958
330222811
577694727
124590605
496390091
559218748
940320837
855708838
399316542
580051383
896739028
337050003
234234502
523704864
651934219
46283411
35954957
914810045
916838586
127572319
779182995
522239815
690491509
565385601
568918964
904489055
356398651
122930057
93779347
971247596
257983266
474277835
501724046
171753240
367154231
898270408
108553234
889504747
107709218
479263083
286371370
143666115
257289566
318051238
365139588
872637155
80115348
370887912
821878030
467991585
928798008
892326330
680201391
613321194
40034353
205550328
861661168
450452344
822914244
347846054
111978126
754399794
75636160
704552022
667974782
987012169
811508962
69742900
181585098
72297035
408171742
497175770
128255654
935900851
793848896
981105889
174708559
498398051
257653008
533778761
812964750
744948576
738018298
449095465
345792192
343912754
544858537
505138801
526978386
692881008
678711331
228446415
335699743
16503242
853473881
324959305
982330988
358246828
946504947
782471976
454146987
814807632
196558521
662497706
616533330
703976399
581875050
575163483
249191451
5295361
438267615
526125308
468926173
294881879
269225132
515192828
875858683
66724849
299948771
184297366
286265783
736249762
15563774
977161606
411460608
334483076
136730548
370533150
32857003
525333288
417498207
552376095
127573484
671722104
449372025
976102246
461402777
327682747
452067726
48995380
730023138
28992409
801304183
495560329
462757403
327170041
735295044
870833416
495322765
260403529
266103365
708741792
841177647
352509475
884828597
281915013
556976821
493952214
737712597
689581890
829616890
427133343
527420354
884875738
276356999
20640665
203294906
318262736
985896077
181134904
444912590
51890697
684433499
881869559
593531206
210334305
639795824
560275965
28899378
725143079
94835411
413662426
72396021
140443120
608461831
257899304
567789232
517624599
144669341
784828074
242022176
540916740
896153464
538314270
953116030
504579160
750259217
562212902
598140553
972766523
168089694
987920165
254314663
365830401
480297763
769406807
51016394
709989880
975609916
122662481
775343242
603207361
213145412
294334403
459440415
510401925
168514937
331183997
107670466
252343480
161379361
697679634
581841111
47177913
892543631
539972002
116390267
921232169
799150395
417081387
629824984
297727104
267563520
517942247
232664809
483806641
357379553
522153342
731081677
995403100
83819553
734949411
810668365
314386908
636215887
655719446
806403815
992207290
434032531
732974314
515968135
579996558
79358142
519675952
858765403
373908370
369799776
108117596
550690063
744922034
31623452
583837401
48451744
585084723
592331839
871105689
251588325
49271274
727156613
251089922
970032588
642307999
699871697
649260568
553364615
10508800
349276438
902813774
236143081
41009550
160855674
434203953
567575317
818072495
696381398
699222840
876542381
475572927
15545655
267101018
187810159
238979516
950534556
665357684
206674501
796646704
918002953
474139071
936516437
8425147
863501452
794926616
994846404
514814729
594400132
682703332
219821132
248166085
991802435
190873796
510048756
242491337
94509106
574088988
873831876
62298545
313990357
920894442
163902023
801713137
664720738
656238936
56542493
221646949
890738404
827868239
459578780
809720731
723492947
150415905
187616904
623746734
9662184
807939958
843300229
213595397
58446806
860146289
244231767
83714113
61128956
442881872
476942929
216388591
812401701
380745223
990949548
165307255
63269967
665223800
577821412
749778338
430578265
380799305
598939023
89182676
980002077
807506175
774124800
859424237
856863113
877225735
460586884
178582068
911940814
243812678
344919910
926100201
932861411
800497927
214591476
554270842
842659114
209132725
230489687
407591818
620215790
508785393
872394228
561638097
383650348
573180096
167051643
948679308
796844483
513830008
157080250
806267881
105726171
515003524
267135516
273372553
199757101
323480819
691840681
115362299
3241030
715382007
269750453
785915733
969610545
371315753
366303954
452550120
24158900
367526087
754268138
359556394
548985655
459058961
420373740
183717730
553872527
438571848
344569875
418416681
857668183
9588772
279336400
335256943
891438676
539317077
158257287
514387433
370093857
883714453
245978821
513567975
842598921
394319911
176980754
719381113
904149673
597395146
999640944
195459760
577304264
443334263
55775780
880922440
139549469
627991926
671535468
60637329
229214177
643285427
252324524
105390771
611634415
208047488
688632871
814469914
303023950
244210428
993704407
826296089
158259294
787221914
960451356
827443838
690380557
924322490
876875034
94231884
706895314
84140918
869847783
797621482
171741804
393058994
44626188
564177128
37972724
960370605
376628183
682069410
826158854
277697339
184919953
854570629
969489062
400296643
237399863
21318522
364337412
608936809
993395770
939450952
366565233
594736692
928237614
68478235
279675586
78267561
163029533
996599408
359478500
763358031
515869714
693716914
742043324
212883203
432139935
233386334
39074666
167672094
957612478
216798927
442046119
439105689
553892119
790182077
139559185
8767655
183013602
579482600
236946339
510019300
974037751
196068128
813535419
649636562
616091392
53351541
615298274
2368424
529572294
137614263
593368654
497615801
858908982
183502734
57772791
178807170
617193685
670190581
851180539
325712066
507986450
992284003
645464838
182736527
17389458
998254552
645452989
472833298
914804263
505588047
85464586
271909118
570940047
575877612
943660850
355814187
243873244
763191144
140552568
828251210
822045279
97166978
392946356
562354854
81717678
271812801
27822427
821063365
704724501
148451578
849607967
634657221
159233676
624115214
893772687
467757410
400873816
351131132
370696520
374926377
105535338
277476072
974221486
713398401
386900043
562231562
699959903
625589893
462703628
918191155
472881634
18089386
625757719
16116583
102640854
321105800
55489149
873813131
161451087
65068050
252766515
54967123
790202797
758164417
391023078
411742031
580341102
609124702
517335220
496258328
205354353
316320014
551249445
113839615
266882568
514941110
404406633
632534922
255019131
870747255
253763431
819283655
84968393
678557048
329218115
402791642
322406555
540870864
882405367
624217346
468696400
622063201
743199665
586312583
956144314
794289925
520896113
571467039
240986770
161750918
843613267
804203538
963289463
272771034
236873543
111800826
209855382
905150337
97316079
978057566
688274822
692757178
173722547
327805454
690066219
441957692
822386098
255619267
299750243
775699750
402388030
522748223
856424033
229671410
761522422
384943587
749434869
386599504
36871889
614915200
137812659
305763451
400704603
83799893
381819172
568421187
274820695
598823535
34434567
648000097
435189337
706621454
165987648
734409404
608171817
584723650
400266605
764840046
125592001
888797970
154021207
589762064
833196309
450912403
631015134
308510240
389089851
694678256
114187224
154211751
265443839
106947503
975095639
250218795
680171229
438244269
974879930
902602639
851059193
170839820
952049866
655677054
714278161
490245258
418324361
703219695
541455234
70421979
999584868
977721089
624932663
665964463
110314685
534269373
73525554
303095648
27913210
591831185
401929594
221526412
741573395
500773911
653532812
675596531
938905881
703531039
18267552
361424420
299166291
894500591
273228270
10791716
503364574
477305993
582705051
999520783
922324166
946993752
210530867
813846774
435353371
188318827
182853383
889410176
425871296
930645711
847319033
115387380
729262864
33947642
366240746
797355724
786757132
332743034
383367517
442908330
878970930
579154758
808067417
600062965
692703009
996380388
362993112
442086445
229654991
44875822
91686517
261274057
896476291
74646295
755910555
276312490
183602523
698474832
894514973
111437291
641061980
769914071
700978285
811039146
442588406
895473817
224264382
272101002
57070592
91148484
9430356
996726887
384446122
680367512
490047264
481629903
713280753
712386716
342461920
833280526
706878340
795643996
183776523
87252928
502619628
443359711
38632703
720159321
583250094
338617634
948671777
599090384
884030108
257024000
724522444
958983953
107511621
557541771
625258111
811605198
131799217
859410332
516157879
649018149
574671964
486526768
251652995
486762603
434780212
905242530
836396663
46306336
275734627
411745534
395926243
8378236
169481044
31653775
776915412
504189949
305122009
526701137
569781268
216252226
111151914
138199766
566487442
294233897
721769726
715091867
591560664
59313959
255601621
744627101
11406328
634980480
59999170
446332263
827907605
292297776
572407679
384063813
86892300
149132490
350923536
55178639
103126298
851415376
45204542
153113636
926994781
674491617
139010686
105439784
729746651
351029142
895594452
853274624
514796862
510758858
234557684
947013991
246279025
225524826
353039703
263126417
582702842
940190682
513504700
721680950
298769106
16976816
254477387
14000240
734096025
627408469
496609715
535597581
322695059
718055195
651640759
834794821
880549111
785160865
666340529
30167589
271618368
950677773
312573767
702567822
392353642
105517666
426615134
827604800
330309852
331968247
4815757
931402881
181160855
15825025
435698214
530418454
222795257
644640619
795594125
603206403
252040236
718759105
383504634
533186582
198136301
623672447
719820076
436245496
700643582
860782770
52400690
388137085
842465240
53168123
328683773
779849901
429709937
724154106
672541997
504474641
652067953
292574326
654275532
671627254
503482075
714936522
894969741
154842027
537112835
405092115
21801380
511103182
594386542
505865046
160640609
427589392
730653552
949546700
438869834
922104118
979434734
303109474
172493790
800184913
299593586
990938441
886886866
287734554
628780405
680030841
249318768
511084588
492771492
37442157
793698878
795716770
802287653
659471241
885069969
707673967
634741250
216217559
388261258
857576091
977340981
759175600
933160828
84149676
467628141
359514511
453705243
31266002
717964333
930630066
264033782
755133443
374959771
260995914
853843421
848952906
813784272
42498790
599614468
563387784
382741536
57757866
928389768
505036682
973621874
858724073
599543940
743513163
858490671
234502480
153317960
331100100
751020849
372592607
924376542
997365173
302384498
976595860
928210453
317524474
6431232
181074832
36690461
899780940
972404827
359692381
387411361
934609915
739683552
94905136
803536556
230179782
907426133
690221553
110502424
305088120
124545983
692780800
78794633
471773248
323144949
223130887
985431710
897445226
23384967
493230563
759417949
268485814
737957381
403429894
525991299
966880084
141669962
181010748
424906778
203217984
633566417
985227082
755043223
938540502
317803455
347516770
521276185
209314419
479925278
76866066
820256666
733315671
58149766
823518716
128849659
280612421
267186928
8091129
299732462
421927300
345470126
742424873
545368675
170424788
474054393
561441168
221675973
374004683
646771142
498852951
590135183
136272517
208897535
703671617
680226041
430729131
199356311
146160365
412492281
153596443
98774652
770405614
309815914
112565866
904326862
428927581
420465294
579422543
665792253
440795976
147811843
224952342
755397434
605566408
23489621
214545297
114184224
876881068
55854224
670269989
196470119
770551604
91406378
474527711
166216660
559643249
931356088
665628186
938238733
200011158
882650358
723042573
263863844
919798386
822359069
585666971
217186198
986846274
897121350
695715680
588787593
291678112
379330315
934096830
613954978
992260153
181038851
386447381
11742401
603374849
689092111
994693150
533025837
593336798
166385332
555813985
484001361
47755969
288379716
351621413
616963206
767660228
896043629
652623290
385680456
457594927
471535260
386067858
217135474
458101729
144908111
339418995
682451924
347916728
181151766
953935630
353624537
823633510
75096357
699830441
501871474
232734772
636583624
648067131
33303267
835597137
228394439
83430002
378976849
952083725
563197191
76197172
598382105
604225095
9489346
101517893
297262735
674027605
408956979
463454792
772407717
560866062
383534634
660054139
197439560
302451178
812316551
754807005
216214322
441847943
279563410
904007085
816216122
514969740
63065201
208510629
452255731
711565729
486067921
855863243
952898216
924188246
608924029
158690925
133698610
919730936
956573322
56539138
402020568
482037028
568842289
638139604
418481799
684184287
988914025
205616858
740377252
182507018
268695576
330123749
123626168
433984545
581683686
670432765
472806716
83606196
735225470
622801804
554372705
710380040
406188955
194442253
453856946
208195937
689762915
794290806
517152696
134535204
18757732
477965941
486721991
344918881
627670307
942967202
365428629
475347578
439717148
673892082
570557768
179083545
906097560
440152732
484195000
888616729
345164576
888655882
34095649
656461043
379637641
158716308
336057844
951426385
930156829
131623032
406548540
372821842
955653818
40620923
564587578
89883244
924475806
352350815
540214201
271059162
746914085
101991842
899109090
727320064
634845355
928523579
581697269
638261696
716230674
967432469
595562950
645415911
620719622
127799015
510761558
98502028
52196486
216361902
76184405
891869923
361592981
720191225
905667216
478772736
376269915
495213019
322581754
900899939
511793310
483149451
238849272
512544869
320356029
120727460
141978984
305251166
918484630
711110524
676070726
104049447
678922694
212628503
873116577
857576026
467012510
166515243
786956896
361451153
247476221
891046707
359754198
665325921
631633552
268201620
704164108
53000914
114793515
326601567
551342257
751441573
38391870
353658161
346639478
543935687
964329746
146878141
124334201
137205637
37189876
181073436
86095399
71170639
27931073
407764558
852174378
288993181
614801138
37772425
733431330
874459435
933103799
580077148
24736642
633140966
903697798
292357565
62384829
735567697
429071183
774721276
780612611
216727248
744798370
394677457
227430441
612900184
889084638
954854847
435324403
310703026
690455149
150902546
262355441
766677623
725898868
648337143
171650484
936757822
86996414
498510803
913100732
344365489
966818823
958921463
846739294
367165183
207426467
943512361
383771890
598847502
14844520
306503724
275829423
703557630
909996867
631010783
512050220
109661907
300027579
304608095
698913815
967971606
545176664
980935318
377638822
792091634
830596996
936753412
538471128
847554980
753793416
662843556
606560819
454315566
963909801
581404350
43777371
801743488
258612707
383928201
374168936
743548838
700134217
551917067
346982695
870663322
400733171
642214571
462963402
647746774
318878467
502995605
932361686
254269210
258590702
140949998
582186634
722872727
282765432
614948849
800202649
688296800
944131530
656271632
249821788
435521345
846447075
486025233
968102749
259312765
481437351
423539013
763591502
565842612
676384129
213570994
571140775
520858847
842857252
774075595
660709976
676651478
622795746
697712461
415351871
91268570
231871405
270570624
36578810
724891853
328950306
172460047
109218502
250695668
154547957
423475437
775063844
316510095
987357836
412471181
970620052
449922677
442561622
23509605
858128416
253104837
476680379
641461413
876755440
759168571
255742482
90873337
822723206
681129938
237588939
383876633
134338375
508660718
565523034
758331184
795086341
357825070
465287445
168609599
367933454
688177010
230830126
707184555
99844963
7186429
136840280
632757919
314085066
876796032
81593710
639479572
690087885
695464543
164530366
390088978
951572422
69072173
138017759
972432884
946882026
199089263
541960399
857690063
332847865
692973371
926173837
389482396
251411371
593630320
545891021
168026139
268286925
386423935
574304643
687442725
818261485
103672238
225450187
714032428
947897121
446189658
83140091
180074379
141852672
410810959
221121610
713008681
842846569
380381606
46377429
309424948
532114879
674980521
173292042
593874799
228504808
106748572
280558545
203770978
279432299
187665708
917432023
898750980
802050906
975251728
340299306
244096840
278935034
585383307
603577449
204845336
743192440
364421826
233747357
138907838
316100681
966840941
179999592
322257143
520465113
578438687
634590934
568884666
594292211
977887143
887789669
169671005
443584636
248646177
8211932
190538609
943777123
589571275
682576986
774002637
153378635
726835082
420511095
262944590
48437744
628753253
720952289
686422373
587355168
539925122
559999133
567774026
459419284
731436476
875154559
866448115
909348207
379675919
206910403
676378463
379904140
605186762
61830356
950496407
218058341
83433257
572649502
99137961
334697043
854547685
857620061
787676335
428437889
320023074
907562735
642347919
218905306
745615455
932431079
559811459
93961635
497952075
568434870
779421675
59703350
659542954
323241038
697586404
34302350
332829135
851653621
796552471
571289992
820774254
817804494
356060744
287417809
979623627
151850860
997064269
604805537
875782607
986793086
186397194
721887588
884109467
662067048
105223381
752914102
664735293
991547757
263689245
238660171
15552331
754677549
50853226
867941889
460546643
213901857
484888615
781527015
812806947
147402682
978835854
257213926
656052701
743621403
861808377
437755738
308181547
685465235
407231460
552684212
739296912
202607419
813344354
630320825
640258576
881911526
906670280
534472289
790726535
650283847
47925606
60597467
270048279
134341180
936679857
517514793
712282319
852684646
685244780
204195259
863512029
132388032
632317581
377142515
285797550
798889057
162538595
856891112
897694895
357632120
488786860
988791543
498762456
998081881
961624751
925912894
37869734
836921978
311855579
405544833
60034284
695390251
87585993
272057795
148762685
773601442
846957577
866213484
462717516
289347652
907516588
91227322
478226099
253918185
139630686
854869052
198381529
968662571
349413514
147254548
198979408
823775786
376044861
556507566
429574416
570595197
770963462
218155848
575135608
733199559
50900782
297966618
969395163
365898646
104910969
401917087
358557587
751072490
224304443
777287048
362867340
249516798
108119270
694308751
148083038
679282803
464451582
884641896
900265921
872241722
438592943
363477333
211694014
9265604
820663898
71062843
479730536
13908206
787982439
386867770
536978049
773794172
764826229
101920095
776538563
953510146
456706167
109526141
607900419
553090329
296336762
476618685
857316348
66557681
854606087
364775333
196928265
130949859
877740035
313384578
261595634
713852822
85036593
303717506
444719921
719289689
938262157
60545040
924325637
506804602
157657990
366444631
124230873
637288952
323985880
102242842
789070255
330156127
198833741
395164142
907432972
597792287
536471596
889944149
181991194
608902732
610013181
812806858
147958174
730951253
635302145
465258575
312514524
918210818
349523715
963966788
888489738
191116047
581168068
521042920
778040641
133205356
658071333
493934408
643043366
258478479
134298903
409106447
317149621
44823198
184185230
256028278
235030512
68915357
378228746
191201141
921473984
960283134
263835406
352773949
822677483
243087795
612352975
486178410
977330037
226040523
123470827
887407566
396193676
770083709
703086781
712646493
597540541
372431709
97616128
756805219
275711434
745085792
353655438
830355682
272422524
155112724
62665694
888908197
439864113
741907744
969202648
289522235
366684862
234624649
761315052
479565404
994032805
255877077
689672504
51856168
179890632
361566464
423978896
684435811
38350313
894315721
575372662
404435946
254826883
456677757
168311119
392753016
345294089
292389305
387772696
805609245
77242751
962561714
930249859
475261701
832156886
79633238
832645774
933989970
139126366
404992495
16466052
281116683
912889357
586538219
208556012
455035798
551364606
806025816
673231774
488669115
441573777
243932429
998076456
366969936
362896058
389586118
376718659
346778690
60648741
538567039
864906219
303163261
451490566
185256647
353619118
292561951
53125711
731057004
49217812
98721788
741518730
915168065
20282935
685604763
704614793
624488989
936513757
213171428
209394517
329429170
569441800
321741094
513915511
657706701
652806497
271511843
82828331
524633313
635788081
79540513
728826024
807482815
381865334
830536773
674865532
582080710
264206040
895764366
927522516
776832425
577859753
472175707
244259917
498524181
668369366
138259914
218510978
375545090
13354492
962154105
742183205
980996008
883069886
717115471
259405845
566213075
364169911
757720887
647936996
219840425
142540931
867670342
955039721
642400679
838588760
491083635
612345790
674168025
600152245
275187537
42139745
926401566
629515694
49733636
47247306
959469246
595852165
896989226
488213195
644125536
298981463
201448658
146381915
629184546
215771285
624223118
524750638
409327591
246781280
8926229
400602178
37743264
460681932
761569308
640738267
932677771
539417710
458225069
305082511
217119449
112103179
469796716
62451208
132622783
632848576
504608791
39560089
805028937
321241169
354552617
428086800
643127462
486320179
812101957
477829964
270298376
291458556
252635891
245986185
656189085
340352769
268950
837210789
451911778
687397009
552534739
218169296
751041288
577946728
621405851
54681655
406112167
493394711
558347297
852753139
255223540
642730549
230954203
551095928
292446548
332809189
118677601
824772867
635028608
966621286
966699170
166546060
266303048
737055609
554390918
769800085
710670624
562346810
767671287
380682062
935928459
669748178
439112118
72942940
168773693
327978805
555118998
758172954
12207830
918743923
199090071
497634403
512422318
951325464
886474627
14386928
34750392
989549908
919928213
998184861
231479420
976751609
55091460
779230280
140462367
552420568
702183072
1283597
241173931
546930117
955379504
523186343
594447530
3743699
718026266
780596320
593758454
574507100
789839631
807522621
57546764
63079447
874246793
593880033
71478417
687883813
801520350
481796077
43949205
469606309
383010276
957745031
991100128
954040813
45874902
937836617
796954487
969991068
505602633
699352378
693641298
25653014
21969693
658221435
846634421
790369650
599549884
577481691
485072909
928282336
625075129
677797329
150197601
90172864
21924745
387951912
253629171
470328433
817812426
33043657
166167248
228669229
872741453
761113872
163877031
749717950
170225541
43410851
826026013
971121519
662288324
22094907
551344948
856519527
784866790
400716100
159388251
567588088
507101318
90150703
769048575
454096061
939410039
30084425
441652070
151501770
153401704
681575502
9042346
734634820
391216199
506078988
813477957
182437289
982862460
523838892
241038140
400879374
498802077
529648370
739274567
512245207
770669618
680252918
88860418
918878552
604206834
9425716
153027459
447343608
715967982
461654203
473435826
422039226
471225620
191355206
629814073
105144536
835854451
967011479
4301532
561682839
31819246
142508106
99442254
759727391
641244088
517621290
650121763
947151305
518879024
153245931
531250575
926849065
631393808
678803646
50373866
271729390
437474688
148255505
456261890
245071181
269685421
937226777
169230246
641871686
925692467
178461972
365625272
724054287
994223813
729411795
992703230
297077128
785661790
188190803
560247556
519503190
919839564
659372825
626758783
994348765
696742769
635503577
375189806
320857596
858766657
861484646
441465723
500711266
509750410
951332452
720738207
178839971
150848923
61359230
326596175
818470264
120967487
771275618
842633345
402678120
192617805
807018252
906508095
112004719
732272769
265802245
791427551
132246979
855151187
521931272
912963499
158777557
511959540
931490596
226244041
68664058
646286563
358153811
349972139
588793828
15646057
842474805
215199611
965328741
272757854
658418067
854087412
327051469
82182215
446924688
608369099
936845622
490160356
590950578
407470426
324845690
587520582
147292408
908914048
555495446
78704577
795596535
610680695
710190468
207015417
978849085
996692552
689490866
425731660
770822256
482422346
748928951
864678604
83086518
878499128
549493988
822572385
989299905
472507352
435219217
154809675
785992794
927386789
414716101
431163780
245511797
487875109
786856268
933352824
244543027
612897496
606073751
309946539
516183522
806923230
903941903
691654573
679554020
110559598
792523953
33866592
267540566
743404789
732874378
993571114
307507612
658747550
650530005
451692739
492918945
623725093
923366381
206672982
261671759
624508770
560315003
917920072
184173720
94896171
366830193
580678409
435856644
375967930
308584283
321302414
406077530
735017337
485416884
508206094
247631503
900976622
944845810
750114565
792128709
329825598
509991068
677100663
305419220
194732163
733927023
880525183
732360419
939217481
665242155
232984834
709291444
991880723
319722567
355336208
130401640
750309183
89429932
962727754
118312761
99359905
409610461
786542776
45561455
287420065
147984780
338788723
369910943
885182731
212714528
697477628
415535227
53507517
358416709
725566552
838770017
516265478
675347042
407387471
596402842
536731050
300007271
813640377
207476697
262062285
375001388
584213875
60306342
423928833
933208577
342792753
222618793
638216367
147516121
380080776
978405887
38936750
363428392
504058066
449831739
272617580
848332725
184029766
393850889
709607720
308281359
945360553
650458595
269911252
690954625
387538038
520949111
206073759
143883824
806462729
343827717
921581723
511972720
694457103
293816421
54804162
107815575
56968998
246155969
776678013
824132406
334637911
209570709
33817846
937363395
725687204
499480426
800514985
642332313
321457901
711759958
869232065
553077010
953484469
947044707
603301633
139374966
266541623
664094166
275053641
386993973
503319673
514119593
986490595
872196724
714310545
556411566
343866326
320307043
852397844
485107367
497554819
26616091
777907334
387368422
242053309
574519436
681207633
884746343
172184612
386522250
35038455
58270821
797864786
132457769
159134002
810769008
103122875
525074938
235924744
805831188
24033351
117579609
432775720
396247574
107393127
786736295
951582625
34781900
52937323
591463117
879507259
257381567
794438042
43328538
958347160
15549385
503152965
259298534
61915222
980140099
956278058
348715432
212997559
860734776
884430033
993931345
634515277
644766080
900602122
256154709
989352444
760005889
354428770
746362138
411980291
677091558
475104980
976414624
779905866
274930220
119915026
135175265
729854380
535703268
427720195
730896334
450043320
741829899
367540844
669346435
877275586
600095460
928198707
275434095
45042947
892936739
799956968
637842949
594556698
531987402
193844990
803408958
265107248
546868990
162044704
395504547
576208720
253103888
45248424
35678183
46091323
666863051
16223070
15378045
118539602
351952247
25897741
505942241
810247647
998399031
939994656
977258340
356648430
387790306
263046187
740839779
353662631
281355931
355971945
597596879
619754567
535884349
257542957
589296848
937670263
105379158
16545131
561142533
860075522
78681907
850042501
487529296
316333302
127513357
315506211
266734893
582409306
686587929
721287852
885686571
779922562
449834242
920811425
640988646
364373547
156952075
628097948
523651278
602817263
314077268
611634625
992435233
583290492
7540116
568136920
48293657
8908705
963656959
604469869
422877034
710972258
79545170
190754197
798164912
762327468
216900001
46841284
902900694
910974022
213578201
616154391
964985173
158709041
264244463
151090306
26910795
868564351
855526888
454248596
235262771
850480269
876162237
333047423
534730622
817172286
951388466
726578648
947292428
948249418
677548695
855517205
832522795
339850198
927068188
289938930
810473414
540253326
702184781
579053406
827258405
906272476
99565669
492250592
883629896
661262205
993140907
128749199
222050549
562468137
931243785
750789018
600549274
737859780
843758053
462674192
115735012
824093894
50866178
744681595
214846660
63543967
558164838
760645529
36262957
313412900
587776486
37301667
91047713
902748410
704826952
184780919
225354369
323962820
777718045
635514065
386706357
495329050
207246844
268058294
832523924
227033765
580151063
880670236
508257326
322058991
248451463
902021941
48821244
833062643
102260211
135018340
929329419
97443119
379622038
646287013
816291249
250596804
515157749
339769505
708451799
712042081
109498200
9227025
371820729
220213443
18388437
450762253
41320869
696289074
30891789
420451523
798635114
285089214
389424090
921206990
638381945
394088456
651116531
196009684
432966084
702651148
400174465
139548184
951208411
627543925
722277815
614712756
312995498
540860308
892191324
739376938
613819544
510907692
208904877
169717357
582640185
987391257
216166798
463334585
754916210
560102334
419809228
403176026
79827687
567682888
646473708
57244705
141740568
871175834
919308666
294652052
503584888
566357407
872165224
522848455
582918538
34990773
976953282
627142456
213612889
811840923
682681065
488897690
759496066
203024373
582236771
68891286
280570565
688608886
840655828
154245013
595769083
542480805
544178018
819795261
861182080
272446256
178921341
204895066
115409124
553234513
297433820
359050876
885243594
815574747
426759809
599103825
249477063
389589779
216656457
151592156
560470024
663278496
618223268
919279974
768240230
388975961
601504246
264910723
636445583
307719331
318755632
582770153
719345989
583129747
20600263
276569555
531837618
387472954
63701986
367612021
946879716
648586787
229524595
957062526
564594035
742754194
830175093
881956190
946805978
740379204
890185162
837214212
520810151
163479877
136019018
329522082
690625621
871240911
21208617
928576300
660521938
475623344
654692503
571245743
25798174
63621883
566023468
586128408
730558465
694453778
796738889
676883147
72586704
833861862
222211672
579117180
180305345
675630097
874500547
937315417
800841917
571466854
997378626
160164263
950344258
788155291
219158426
192947328
828926374
296171130
982695741
562601420
830368734
947345676
778863562
586193836
885171986
222800361
651283890
537340475
996257864
909180121
767877195
432712880
289238843
730676207
552620468
882057632
233942697
436974799
134809619
617691988
935594658
330425752
932625315
517540079
758249433
840366927
772521206
392777103
703365802
388439570
712614555
58620671
515468006
908486169
176536792
869885158
959514769
40516261
645710655
456753262
743518162
899961611
387434377
539615114
971323065
450661132
536004067
392533331
48262981
556247457
727860869
912015634
980888137
5184519
645482533
100552488
662745031
448119782
432182925
768932689
528487269
145060877
690498075
675077860
628213205
466296448
682432916
393160174
60149984
916798087
689489119
218145508
948584127
340887148
784384834
540819443
733475953
438614519
224488380
99520336
679975245
276327490
862355141
439011216
419429240
283629405
830704203
300802129
46268289
777021193
241236985
440302230
953810498
547357198
869198040
805235195
338190234
665627792
459361129
117697877
348614600
398491752
153963935
772884153
495953833
885103563
189612444
714453654
59677666
877611009
450618875
983652078
494413339
145745204
971283859
309095183
281060459
956876003
924952940
721113371
358657941
646972933
248200298
543993561
886042887
18743738
10223789
49079349
322389159
884286404
853314619
357282247
84376307
2687941
119263022
292510117
346708219
977865148
758716112
938411532
997663646
164185189
275405882
83053645
109504164
544761679
64206853
315544908
869143954
968272594
455243470
742437570
508235076
725993038
120098052
213501848
223031910
610342394
580539753
317949880
70933668
115842569
20853005
482122847
989566158
600219196
304528549
426567560
482678026
833587098
104652298
105049560
84198676
871357359
981281748
817391930
333551006
931585441
331152636
736135623
912140531
949619750
474381996
330357697
160002579
223838277
816327990
902888071
834174624
195465386
608048359
41799781
340368612
913150158
352308349
732001888
502246894
689666566
475204068
869900860
910142852
369008916
871234626
789305580
505282543
992446383
298471654
717655193
710716403
423713598
516978671
835838862
395702602
985087917
156173715
631741682
728543179
437133561
813586333
911720545
162814804
545205935
33489681
648494607
164281807
275043438
870562024
721890556
185095021
88097811
277227404
60576833
246996720
811863246
182747164
884651175
166890792
78540583
882216246
857596539
429450472
438182898
255492972
386493814
362796885
977409526
440269555
224232046
957936414
998943887
382927537
759100918
326941516
595149407
770888788
920518502
490104408
588328471
187415168
413606537
326601111
154440850
969043533
277318325
795956170
83753115
533773634
458833095
121019856
295753926
211870825
659512854
51524196
84980326
23052893
44188726
267689485
321599281
378172816
670946666
324234899
561610663
394295029
809300216
304269089
326799806
720405573
538765423
688971333
327374479
421877642
430250506
928436949
481406009
599127926
357895563
408529394
703679844
526685004
988455160
690546679
651048172
985145242
950606495
114161857
653419965
338126838
127075129
862412305
907616762
337246207
196226057
510750418
939424471
26816677
115341401
403874360
793016986
727179294
60006302
888295892
611945111
999660181
347772730
992527321
218715469
885205280
97477018
278960946
719087291
339336518
366328028
301769631
841696287
25627532
248686641
805434516
1175078
520836301
329869120
531508005
551658800
310852111
606423084
464722195
312512339
256158177
80281629
210092957
722838505
329449101
138363142
114068532
992258602
750095575
566581945
652099421
851804519
585572571
922731910
106351865
356445591
10761080
934788259
506930990
411074900
62059838
860205561
493025658
1794897
271206723
68904052
927903389
218336465
533402743
184145204
204151632
705151389
347711636
755615083
961443181
768827011
740651807
842886592
925150785
324806080
102064716
353183798
148071631
803021532
77083005
942023569
63763326
360996918
705627271
649932451
104359460
352407730
864281217
363041160
459236022
478492110
52268491
931660061
272390366
303232479
458979654
861637832
338266150
637689460
315863036
21027215
87485724
139622948
805810556
87622882
61790313
789145621
165716810
693189488
786215295
409069529
872265518
418041337
667863036
289747096
863093254
150628722
360991653
523178719
60018677
379110619
129079601
333921306
677194020
647134413
226296977
822988913
500821153
884395093
881872138
939357870
181499673
219313589
802396134
151765862
950792384
422565969
55619561
941034018
972820945
587624739
859180512
379821443
278922598
47372851
555522439
853253782
615368203
620691124
319715873
559230613
326616825
474910381
771128876
936190365
732706402
233744538
600790718
931619864
813579896
537260918
77352144
827371984
149952682
209027754
688872775
358996001
369394409
55588690
690831321
293829217
384985740
165671761
862740570
816739121
449656242
464842877
801620347
480525387
574414548
821045144
366420041
664346329
879998004
621032308
286777137
157051088
624627591
328707036
66447117
322714880
216393879
77150894
695640715
612495818
989261752
528246243
680769389
464473150
912255631
105170862
671866382
857488922
537628212
220159072
927709804
782679860
177668269
685875119
304527769
546256369
315678494
648098520
963833751
589814940
106172937
67879477
448693940
715842482
482866420
634309716
908632273
292754181
938153515
836304599
527489638
632905934
286065736
900487443
816272342
983486003
416243654
700152733
930875224
450433568
571812638
159886242
778933782
835159493
506513725
172623851
507864695
815722929
849237353
196955552
926470133
222393982
103049188
120533498
216273283
316020123
603231127
83969613
329341548
590291403
191364466
663461666
458834938
306620718
777045081
735634570
347292824
237683859
66658247
604844885
215401774
586862703
28583233
953458200
712434885
393386288
645130067
574222641
685317392
805775321
864644416
957506715
288282800
803973779
398516616
409739274
33727649
147039405
969573100
112224792
722800116
691913820
710101243
292882174
153747933
537286754
687710008
720134616
23975855
65125058
526556548
888945970
621037314
477946984
296016305
777936448
564529172
980419689
603321536
621181538
190163562
420694028
788574659
416174128
24753321
429408750
40354870
940500488
316256249
678232527
18251481
378453273
72042752
895735480
320577890
25572319
754120121
693632443
461245239
959878009
140138504
66776517
2703172
572177064
760495608
817492149
41770374
5808095
697552473
106431924
773825181
794515317
942958750
95907148
696826183
107118393
550775274
810784626
332660104
230706469
793062282
351719673
634422191
495696593
186136243
907918911
895487208
673227509
918458850
356908280
865577685
217187207
541381459
102014700
493022845
731078764
51794786
181310364
888424246
852186690
925563387
978898363
854788481
238311821
326245698
130131154
394841415
373813131
191422430
264704884
729433361
621523031
394685197
405499403
63307659
551560440
911098042
994272890
684688937
644071972
484212635
617035951
131599715
963850068
305875684
776236694
524936598
963437406
360567831
504132310
865767102
542867814
151558112
564164300
591221290
24130112
204579572
325734821
690672796
404200373
27100026
712096571
748243366
22290749
244142454
219917654
576670794
461861990
721294639
861760408
482891874
438261025
302515652
137639353
934231082
293623630
131911962
412990865
664837211
643140444
745699390
781692906
698160961
93264557
575790640
605716575
850620856
707114293
701529846
168653974
904507071
632679313
369392470
779677437
217006600
547582568
892104888
737857422
255900102
862340457
478775275
519204883
745920974
873950720
228537871
331599396
689040629
737018002
124519319
886360552
48674408
439338894
687214002
800924352
995828287
963373127
979707598
251279461
799301083
515771513
333747998
45890424
496319475
716630531
517958675
327419238
924591089
479602485
464602081
397374573
936647655
490694580
8404368
471817822
951246002
566366636
523874458
726161013
496842606
729630581
421633192
567244587
863100528
419038063
942850445
94308737
58234263
683668869
887854979
974384840
902318572
829526236
843300237
437438432
487526635
863547306
600067799
435824429
933153157
738935247
867225505
631587340
643629071
50994390
101755779
587196992
261756509
326744743
956687969
26971759
518636157
211255131
912440706
269204906
994810876
277685631
734884363
23135056
765413167
441888146
945586656
5038397
520868316
537282161
539146151
228911770
182050017
604235287
875089174
331002442
207681451
188211562
401245035
314001942
959271600
523045625
965595298
297159243
50218662
950421634
609191886
357800575
22258427
112033639
759543366
571791800
504223891
903701119
451778324
243206404
154316327
367621593
735416705
868719594
573384248
364512297
789136387
606247068
759243486
250492414
772916220
792451040
752673719
667032080
466744047
81518234
278825651
813723188
665881377
212327697
385249717
557233719
490441850
688315205
701475604
833439677
425620108
635016010
442428012
904988181
277574886
287591249
190309932
972401100
293491665
609446588
792335076
986208177
345159226
828885362
750811879
117004348
516962095
480943298
216504200
862471055
72472375
82994217
710858164
687140196
483555577
76498112
703260099
736040642
941003954
134232364
51842632
586757792
852163042
608778794
365545470
85368252
411621055
825823356
448097824
632718154
505729362
433325773
313951536
29365256
339835397
632771261
366503433
32711629
863265782
701576109
293964423
120374253
375004383
510971203
861539230
690509127
704603062
519875407
151253406
448669713
222658339
347479382
253817770
952761322
500407366
770311445
50180181
806064418
49629615
444984608
5968626
263556088
7055135
872614563
870570521
120142490
418444567
479099409
210203117
438223093
587454246
667769757
263214310
269698468
15147404
788857076
148393613
291198074
701652716
399074308
973508165
136897095
755414961
364613841
112351824
186244303
787254662
889265695
635710261
297657209
413010531
674788055
582898457
548185090
314697114
363863329
508480523
680565085
461038815
121542267
262715269
589526713
536497139
722155731
633091607
534474664
339210430
296151238
231627103
334014353
900823301
981481189
201556982
592503655
279068789
767825499
547753318
206829607
408342122
575757101
477728729
592537862
152016182
117997212
971613861
108490920
303282977
686472387
754640980
949375607
950531006
576089310
714347850
831639252
12076338
836750603
697489125
299207740
100501781
963518825
673727728
634153583
373080270
623347681
284593579
864635601
859012368
913454183
544008008
225880094
455799508
819394763
114114006
243717279
153059894
142249798
11879031
333689229
623292168
366868750
571485074
736769231
392392863
863678404
885847784
757141647
615902749
719850707
600437039
945424528
216506327
442751200
979949153
301811209
376343648
263495127
554992341
595927451
127610674
684454933
332722233
856850031
860249417
251715420
648166288
764588283
265484777
849043187
262728525
707094037
873962517
534973606
527946004
83892519
669537271
279254116
112007753
197296751
215003038
786165486
839072559
533127666
422774075
537192693
301745992
343211335
630317445
888505368
545785760
235739358
438005522
340607827
586246598
298361369
724067763
620952831
938784763
680497338
766290624
388866838
438525369
540377093
787466128
708106557
111376633
317004264
557201808
783743227
336014453
404554738
491146904
969518506
415405263
461971394
650915874
928191099
610697013
335804402
800534215
610770593
290445444
839790452
781376707
483797386
869884885
8672756
837168293
151315103
13622728
819990381
246762389
111872134
178611006
991844886
724378566
766732393
883213951
434776174
177641079
134160257
218638760
51885929
829199306
51816089
464131586
330989028
543789531
804733272
160740321
272071933
815953526
900333333
807844336
249498505
286357138
716782331
197870495
306460940
764032708
984486757
893656322
927155322
517556803
485241704
418863016
306639371
694379847
891908008
873431917
832392481
306703992
977038403
732867242
967793185
892742527
483874595
685971029
423979392
380401583
625616894
520765886
865826638
681861073
236633655
70791386
109631245
71818340
421328004
382690379
570555928
719699333
802192148
8443633
894899055
422558805
119902888
994069178
621257509
137493594
71829312
9975208
688256311
776317060
190277432
761690405
666282930
352870282
670191095
445781704
523604730
577949900
770293872
178697408
944747378
625268551
862321743
698394297
480718591
990160776
589776437
358466156
51945426
426669657
901068538
612278296
781870876
194286402
671574801
468004563
52558975
838681531
523982403
346689802
14143046
833294529
561027221
441228197
700350500
289188329
27632422
550290136
309808571
417579291
487699416
945029329
840152245
328175079
725527574
641032785
195995842
494985060
460316925
897531435
477264133
704701006
585836066
693131910
398067998
403394818
331426058
724969472
35312856
559231415
110021659
270963044
699090929
344453253
756489462
902200424
170980967
535987510
873048085
197332139
762161378
964481268
103659445
135476683
627712071
731232270
913020126
733701424
809181378
394240604
273888388
721705041
149697911
314547623
705557441
363558308
524201674
9008022
532033880
621212955
262431566
939918878
838848026
715697789
185199105
957124024
227237449
493634201
347734356
416114657
754789540
14072256
640309143
933769582
285940455
709618608
118741720
770346304
937717602
542985845
581141329
241214726
600733055
316395987
646726141
366534351
196499610
951045080
698091400
167663671
611016109
884070663
422016364
678153748
417023953
761227643
789997303
726234001
846457346
291760662
396031759
25050412
161731272
395668811
441823647
249392917
862513672
292268738
891222074
865588945
209201894
15309081
515263559
62205407
655704305
185858881
60135651
401504963
94834191
141391041
844643469
805426072
262048738
562315819
732859592
118894479
894960638
140558722
746800905
996050054
986720253
506450838
516317036
358878715
684252904
320427818
613950939
491921888
974881679
976469333
388148550
637069741
856632676
619953987
818076943
234891542
451178431
814926892
176945244
456525075
205879042
497694693
700225550
320326869
127197783
524735352
648235055
709368528
137667747
768268615
178084014
738753484
512522573
213958771
825333427
391637967
499828771
172908554
18983245
966047573
392709923
835561933
171553312
638626053
905333676
959357112
456011213
478518972
466370248
478954917
34076171
909793869
879918076
779099098
295215646
83750219
194781818
477769475
496332491
703715212
575920741
197078042
170790674
342823559
362563717
854000034
211112096
920976492
410564088
764729858
511707672
522478803
811661991
7319257
950736570
197639790
616525594
933806206
981477395
388753446
473186458
883963857
164100092
505217777
352867890
666311182
469402848
768305729
266424159
329857852
976825040
35874934
564958174
66351399
69207916
274637994
334248565
823651201
326925631
537519195
947247562
102095116
712133981
301220959
464628833
791080275
328368161
891231166
687663647
824609412
469207223
407052248
142008886
89527861
930465945
543643459
366652217
871828593
201539391
328417194
204401825
151985443
50840881
214462799
798534037
578102199
711165543
852840466
127944089
413103974
461586493
372188371
28875024
246493082
530944529
762587201
253872743
914483643
634794899
925425484
319943985
648947542
954288895
676606295
734639698
613371357
224064367
459694747
285516868
985481460
565143322
603060163
845937971
258939913
197255398
510742470
995394862
859887198
922729402
50175766
409342624
607519987
892652345
817764125
896552618
873665925
742503177
846347429
75730422
193291604
552769844
342735036
27583136
348823623
945192850
24288161
653266967
658615666
584242182
159619058
567648014
651576667
901787099
347596407
718586822
291416166
38953850
384266039
397017780
920398688
803291129
543211565
807816456
511677578
312078575
455704524
438117360
429550915
397180129
811785882
363053532
175950946
119513263
272735596
781509996
660427862
747171673
218747609
13056135
695203259
48945260
125049405
206659793
539632115
449332053
862546166
859223327
81586068
849804591
957617881
435245017
57845481
296438824
97806427
101756529
477010009
582032608
108938744
259171972
42818266
102641093
999382792
124941664
37733226
111487865
137382065
866982768
947454666
930609020
829957065
388370440
734643969
376445628
810551046
631055828
115776172
939880328
441330778
486736864
243552747
206900726
366508518
479273405
570105633
472191577
417563881
633928640
47996860
584277406
723667821
302806937
958735292
224171470
541388000
339081425
433659515
698392447
843741984
921690527
617135352
556935026
476415722
670674488
361376766
3862712
517801863
363802797
515811113
97228719
248144864
665363476
450190656
437079602
733618789
292134168
258133805
341378123
963189532
575447418
79440773
359532385
467483945
789966875
235578729
723585529
726566697
812484045
522788821
148613202
558682024
609458374
762094424
259490889
822327885
183016475
31238458
495062408
591328144
562617936
514165754
762737877
254682531
979223328
311689324
504340494
882090082
509141750
378169440
201347684
644874742
350221788
78512829
471052792
283765764
335020450
815255185
941572550
824053616
396967004
746814616
287582785
70699861
284269156
172737227
959363195
890818788
766447386
452541000
351129159
521839819
391823719
602947896
679963782
838066558
117154843
509056339
584615108
691960339
54488596
846570772
981524375
428815750
789575237
89428904
766904916
672690012
217405520
310196488
371128850
242789843
760564585
428585795
948649502
261426433
829133909
521707792
612823765
474396359
120567714
175916318
24358507
454588649
448439806
386137260
704928352
218522998
336423796
139386800
880163109
380136433
130101710
71680431
282595707
351171199
241902654
932914682
312552918
873461166
971386207
873488446
43409744
378637656
984657983
118227204
917371583
736234607
589536730
480833816
603831021
829972336
604751969
373199550
926304199
309150705
69810979
951913300
165298253
951427984
474846188
270402752
651376726
180984349
522005113
492342221
79539204
489795037
937893215
279205483
590233273
338987591
34528604
391710906
879555350
629828260
221224048
513359634
636028327
691809618
922934377
966491422
815847111
595932466
387942113
589869508
5480940
98026087
506948589
894569312
737459368
627217512
383240880
151543921
269137248
542150125
482357662
782720844
28811027
933387940
32082519
425534811
518077230
379210797
20138522
86378517
246521254
947083232
285270482
516459805
457470206
513882303
482591468
312599627
379937355
506203518
188992866
15529054
275216118
46106253
491831683
817839016
217046724
270538532
350903931
933575295
51519971
153966197
195138599
13866004
661777144
644560961
799357485
995811314
935934007
740816300
264907973
630284118
855777336
30785887
83435164
631245697
66413497
276389218
452395614
314571425
200163958
811923353
423388833
493796764
802239625
811483760
617731752
365918985
533392371
403810465
554751286
185637396
998249923
608453071
553019565
340386260
745868405
260941614
42441743
870198859
832627046
846802734
833085192
418723915
461206475
514294812
250573271
181935318
41707975
966055716
985494569
791020967
459346251
659351217
223610639
664265665
428651982
67946675
312564015
2577018
634705261
974578190
484112184
243837346
110653062
867638358
325716335
662674270
740635964
703532517
912805776
135565787
293479772
65123892
39710316
68560713
439781592
732770373
235447349
302012925
572403408
387540438
597020834
974692077
770714815
656595586
574559612
846772522
74112806
215716325
529060714
87034046
806521776
973495006
317838380
738108309
935456496
48013516
621326618
919773046
557339378
150133112
930432812
864148014
93742780
548823804
710773529
592441262
668986341
320939791
55471266
799139430
307383690
380957846
34662456
248079154
386574246
450281981
607190975
969548497
226355876
259762307
926667505
563632008
444892705
261914426
897366056
175679563
539614367
834119912
207055650
441202452
83785652
884688681
268581124
786126980
942400780
813266510
433828152
92007059
613226889
532916638
588440497
33867453
654357612
418093253
704677177
385138302
787675677
696678660
289890502
544725964
537613295
367384397
851686327
463711421
208597623
214035503
916860929
516414523
778993344
627772833
543040925
975875126
3410365
154277815
525213147
416822563
235683591
59553552
52028166
108819113
565921402
644893182
797212419
457866917
873468976
225028685
548217935
399902951
292937501
304843806
673499795
546406579
441428888
984146041
687021105
822322978
427899147
112825876
677511392
380561478
941444259
653905005
156929115
929298673
676526773
826129885
148628199
634400790
424398712
646284237
32422544
869594278
926512798
992250704
819569891
98169350
630125742
820239177
962587356
59816885
359220994
567643338
638703730
257123939
699848689
864826641
849748009
555854286
994643722
276693836
571129196
905351773
461348461
80702444
635137679
803406059
420426788
561799864
77128350
470680606
974431757
132132530
989158045
532789729
285667099
222847721
852725234
261625284
640379833
666571977
616764725
74319792
495007744
730588858
609653507
242719673
157507283
695063582
594912899
574550781
578690854
171782858
378873804
620789200
24379664
85039321
983934722
107747339
510924070
218157896
35015459
868719969
458692278
72926358
505131229
627355538
891071607
795084447
355637076
318215029
111543706
868912693
489238162
304445990
733693733
500194457
130053359
771075976
447204259
5002037
861275349
445881353
518797418
71515082
491410162
77271813
710697910
467055734
247334453
421422252
618401563
508587651
951068471
364322248
722515695
88699338
506370053
133138785
19702868
36741425
27397477
870097773
652936508
412926250
566123231
421001946
217202855
158299376
470799897
984869463
48327634
471560511
578990551
156638241
714677545
506688436
967686860
257883032
890802834
721230798
524597216
605182972
377914415
945957138
96795822
574088312
572595252
330709871
745176657
61521594
405843477
15695679
8042264
466741943
32848652
929436814
686224466
681924279
742000428
290857790
639036969
198185069
123694175
898320646
47930624
31239822
115956060
467792389
231170667
148104305
684411882
964241839
488349623
533611934
284414616
126119748
986220150
839777212
901519307
174057550
917393289
701098719
171493361
744716496
101877711
123446204
272473816
621735835
630288307
476879468
227731619
747860753
583561743
164253089
570755875
349930252
60443957
527266804
391693807
689880536
164621893
930516508
607428216
303667615
137391366
58711856
280057016
481732269
638462547
378150737
981962452
948313133
123848600
86814453
684675153
863017510
572199703
303901989
982643425
201545797
352733690
72249473
969356996
359507858
692567725
197437271
361242516
995826805
943491091
900349923
572833463
605096280
854690699
658963847
447157069
623589945
781604585
218431093
34319591
811461460
642986973
457750867
627202279
854835553
71494929
823527581
103424801
93358257
750962140
20544030
462926649
788388333
441344389
276610918
853454593
638869566
721646069
220106127
707706906
913079033
552112618
900679891
603413566
14608149
588683210
117079642
230133248
804245439
748868168
106526659
441436362
151082141
443342897
172768560
241058280
207352977
278019061
884375756
103638237
943816152
232509121
631791676
446035539
674479978
47224723
147237875
52085168
671991178
217874211
718937529
539142036
684978315
787699596
632273821
849418533
10864123
118948527
188186255
590538809
933594499
317395670
45830407
984876819
633591335
481127285
608684628
226573865
577625932
602753032
308804954
653374996
849689340
462289453
138483324
721571629
542604080
342693202
720544429
735941176
178547253
114613926
918860287
127724041
522945273
450707314
668630021
578520086
74300852
253779426
136163921
234190924
738982648
238269028
158912162
759027343
280493382
253927813
14037432
924296013
519218997
491012790
498736901
381065270
586502120
348409605
518036954
357285403
137086411
662407645
296740762
34657269
11197712
94159191
3883466
735415725
278346778
792691088
150044217
644296218
667874125
560330015
623488602
61921879
161838752
668458619
471124878
649674974
173705035
431170601
836953582
576375477
873954
936490142
308353920
438402134
564480843
404429345
744260276
830534594
960494995
659504378
902157745
876489125
82220080
120932183
222457420
805106733
840799300
429006046
49596185
94039417
558549730
8552315
382436889
837647561
199822905
216614927
333041708
615865531
63219309
21222435
948975748
803517176
262844419
787063187
933837282
807436908
463369383
503029994
430377695
334954884
496232921
927116610
487613966
864118838
476723263
429232140
343169703
873584477
57488302
438916242
650028371
269490875
634870934
98304212
499170528
96306483
636747174
752085589
184520568
323933096
657826386
71598104
67241616
544919597
376141397
199220602
765636355
60983524
923187776
728766699
884236754
517142155
69506189
283930375
861756029
853901742
324176116
432554792
227851463
404531593
823953263
616383510
331068181
6699488
696330132
34575577
559050423
712704178
720165766
458088070
865195575
393537806
158898837
436206977
501277682
717393973
102138866
670237494
490259430
30115998
549160170
911611226
265903767
601005815
346898446
382079797
680243764
168834554
117715891
207694926
971615405
342412252
444064160
793476793
931289624
817127158
953353686
24429329
609754106
369623091
994064204
578849834
749975000
10977944
381203741
816154155
744244688
498365408
595857365
491209081
741849582
722534616
945072396
983114547
538731648
699045054
252299047
558368835
971764133
43894715
459287511
31610652
182901685
812083171
458599945
682343931
636266142
366774317
834143926
903572535
474396118
721404772
199951119
83788572
903854094
292444038
281617772
328698558
138096604
126685648
773272333
158535876
747610064
866629090
608568259
198844056
712696312
111856869
624602595
79345669
781987862
791760841
971179702
704592120
656118147
333647014
318737624
549793167
272955735
762094723
367939584
965642335
60129548
129655988
819277275
474958960
402313732
83674067
406650545
526917625
526333485
872996236
879254460
464179118
636523227
983386119
465099233
972444217
986100471
709017279
874249267
352512926
202257503
384497405
850568859
811513911
906836091
407894264
285194507
885168001
713369982
703782907
823497991
110658666
860598575
84940680
621615607
279774993
368035191
591869661
706955358
89408280
796478610
651961463
495340873
759589229
101315519
937349991
70735690
808376365
713335750
647929079
567393661
551603694
896760014
981449850
369548794
532099207
178285031
960588660
919778929
354355441
558966429
609789859
869924813
88634420
827654799
770787960
536167321
73066169
729246649
101474884
365658236
657990184
388407600
504287041
459296382
811182187
151237619
537433619
934630233
108170067
708308615
37509246
30030484
896616844
646157819
817660731
716633201
255300507
918105371
219595519
175918726
328606587
65996398
91636696
343701737
937003062
909432930
683352530
409480805
883740336
799817620
248884381
44114865
299687700
621726404
325636729
178922488
282938548
855093493
662070525
442575861
758117181
171596481
13332671
201607361
26812833
661334213
337012985
941316672
361020442
189914436
723419990
363372519
505592266
13800579
212750745
858087459
21584238
377588522
358009940
177565985
101367634
84179428
631212527
658163839
982612925
114055378
562383572
132699318
551815971
787576943
422633294
145784716
257304628
605517016
459079095
963199647
759195611
215557660
451386207
710189800
504385478
931646693
175013210
384993654
922455087
564422357
979876343
584241602
132163139
244980693
786531756
742387754
477015993
236428177
456595277
141439788
322456201
577615748
235972513
745967972
54107458
260929397
960413514
68705197
579881117
854992253
729808048
375229336
777516431
349675311
407861179
743396899
94862713
87296157
786828643
357741182
947750343
829874702
865197294
547926453
334550716
420686048
643430221
765512127
709317563
367662765
16882053
905458270
429832621
991949645
947676879
790017368
408139178
343679915
883226550
960833970
471738568
720323131
780773924
957733494
415217954
118439168
377510378
493492334
27002623
109372737
501047357
966678944
45125158
567379398
162170286
532497179
915143519
941663677
739370070
458167824
781687991
481870606
948548138
541597816
576376485
864713165
705936193
346022950
939434052
981390126
131411682
308581375
375684365
363002395
891170004
987355065
796382192
668738566
772182737
180769120
946436187
708434876
991878429
803866437
440109573
201887800
581169516
628683632
652239229
759474055
213309822
502853212
849776
117135959
219714085
686095161
254662347
555088428
523297634
964580799
716197606
978193454
804085993
629974581
863574542
430924319
967076131
904702626
468729096
868225153
26343087
655112557
174766129
834124142
280537008
222933810
398258946
408320195
542882267
197997916
819825982
96331355
535714203
494232441
89534075
843433268
211895345
577683929
158513400
923784451
384691677
702459604
972855611
82379585
481500450
173554719
155841619
585347307
647873992
887797601
249443493
867055876
419496766
331466149
234892593
810351254
62794994
24883714
347236323
778919428
289264834
609941857
942437469
762270386
246641896
491705423
112106645
497063349
105171505
35106722
638278370
728515698
785961874
990596302
282034401
567364452
538157839
153126174
110011370
220739158
873314105
473883811
623612048
891530263
810972218
601546083
795837746
348835569
924174691
922392785
507942701
211001849
570349217
506692734
550338914
562393138
772692093
61811781
201140164
850122525
839736784
675879099
522269784
944781866
670434826
218597720
601749356
801587136
29116535
673031133
141519626
181913304
794732150
164204822
767056190
269029263
846181589
703333645
511829693
157424154
787985695
482141459
731499442
919717838
738698865
804053899
650403825
636677954
896856077
716104852
837857912
703557321
55986528
958496243
849466335
387078395
390538348
13153988
437386830
872079882
973394346
843456024
68225444
992631790
96138960
969986022
280768148
600370310
808376158
457739738
734574888
100089012
36263576
490042420
947367973
502011016
312259412
697172087
167985487
714879526
192410736
351096575
678073408
399886634
481476754
811083491
827715404
423197900
804083492
732156723
756652120
840535774
486542554
692102144
472699719
307137827
708227171
327180745
12829738
840679846
722243234
228384588
732830447
230950909
885477098
49847745
669204426
562221187
648909479
794789594
570444137
812060450
189260514
329286650
704711832
174157616
271701052
222473631
500881792
718918054
602638636
90173358
754110263
346224155
464937568
478719969
392529312
902863602
870329881
707942858
984525318
217428026
143534377
445372479
330434601
391348975
798551794
57047934
146562868
309772693
607242114
308959083
283888172
922309232
435331028
444907196
21847720
150830501
909169176
427992575
647068296
301231163
331858072
79344091
946542347
537335571
3404560
726249611
660146439
860198838
720393883
550107093
632084154
829484860
46289528
31196189
95814197
793470624
283992168
111918036
869396468
901184745
791516660
328850584
133453170
46194456
56921008
425118118
469924921
344764314
670608018
758625020
312962793
753992713
480954214
660062795
119971594
862984321
129473912
712725271
504837134
162573397
670781739
139513535
656788645
136247072
158361523
377861496
983321246
413458815
413301464
714086875
371805873
363313739
997098487
842495838
800080650
259233960
551794321
314392467
155254824
536384188
372681778
54342150
354709423
527662992
878180513
742930918
666288572
816441100
410182451
511399064
79880513
353095329
739686867
309734620
139687770
997956728
141396144
498126528
543704000
810207606
406598155
583799547
100958495
593074123
90028058
314448063
278455821
382780829
931174010
976643640
432159221
714959887
156075484
940904872
692089758
152251331
489611777
732883171
449708105
609473113
168045558
133456345
276315883
182558050
662065738
701604350
633164364
299131215
269967824
596212765
758814486
761509685
239643388
359902146
307509695
128498095
851187701
103496087
927844582
762381699
826386470
753924763
94347705
416225933
515238328
594707845
889244421
77218538
7539599
809492902
558779601
309694860
925970909
216198908
599309651
233465448
462444312
637405273
496332921
573441871
770485096
557926993
954222412
773084014
110486511
174620681
376940204
148580039
796534848
1244307
826013179
738400037
365287919
487900532
87266980
838205753
720796662
68855332
315162273
859734267
665111549
386978743
61700970
53323056
80418751
13116485
482852217
556680289
231327038
553728295
694638819
635880492
610355375
473049380
296973863
621560816
95326421
756928034
955125575
567347871
563291023
154020777
184486727
58447554
319339945
468394308
167851864
290785058
248859746
208633278
986384561
753281951
321535114
914582961
908430064
687757465
556185389
326203738
964124524
597989971
400157439
74155212
424893919
219891812
619759888
158071787
507774924
253850186
249060843
36803953
922588120
755148280
604216967
918706504
271068393
738691827
758039119
270099794
776143860
735319899
936627850
237461338
727505382
55236493
175913740
189618304
426058078
895960217
840514903
899598350
960668884
628466309
442480431
417195241
355789153
134966852
637878784
357488927
542077978
434529443
603431621
277248271
212762565
656921539
290848224
36023835
904486743
569208448
836258726
661881198
127733738
798767371
255158490
603190771
352805381
412549712
102222288
39280002
33136007
131251457
892598490
751585890
20668618
995055723
768287938
570175860
779364961
30249024
944828041
831172029
247404462
232913398
157221309
674763200
763792830
207595374
239754947
942870191
828949817
299719527
467048124
654906330
786914314
186849435
655366558
500784320
613287299
197756603
608651077
295717446
247236639
137799009
39820032
131765233
336679784
124025545
196544347
685509045
658098834
453867550
160953773
875163028
905933205
855766309
131019774
857320752
13545692
9730157
932678955
306109576
651673517
439291254
170759521
770684686
110926408
636380097
3508533
930350508
747922134
72603289
148891169
859518090
74128017
219513560
556076556
896036384
796325192
406515598
704200741
773177973
744544284
67096920
25133756
398461308
950965054
956292489
69610080
407247616
193358785
848811614
770168101
604505820
329525327
545162840
417105735
549572397
132817440
503851677
450503565
242227344
414295160
654927764
23840348
62274933
283175793
215777743
467448962
356753762
699842664
686472143
857695955
389405314
361206184
295433808
122871816
710343914
197389477
302591969
514307856
285334442
431167541
854887699
10272804
681406581
943485744
807099805
777049768
734942718
922840702
443358852
729322288
994132870
240233464
789043972
639754740
177291529
659743684
468637381
875693993
870048568
343515549
393785326
713189056
992594720
389039869
516922840
947270720
987032069
105743328
286212566
42170839
727355530
780112311
690835415
849361716
400912580
760767567
842981032
541049198
565313132
376178712
735114499
110416292
842585870
76796202
192105367
686126814
546184207
750021760
663735185
445989221
156088436
745209668
834229164
743320426
347878898
946950178
385807710
656146332
302533882
75379679
64523759
553463960
89465867
635578418
620470792
705087640
727004267
437986010
228952354
261021362
929374146
260758932
507303205
519165445
311394451
600013450
596256611
168086078
241641226
603238695
978570282
989695865
750423366
186687791
437186996
430311421
747432345
477183768
344209203
533356820
826103345
878380441
389390077
412858960
747769330
626693827
208033702
638753416
848752336
357714289
674161690
534406877
913055094
387261978
246681381
462482518
585374049
582253143
156534686
678212503
346043277
501440962
916031932
363326651
558394134
109029582
138305007
799130815
850113544
10493251
88605463
716488937
320496188
308012191
792510618
914764346
973484600
280270243
896725368
614433101
635227887
341209584
944733565
683424626
642852536
548695998
149778522
941353868
828631071
964139629
13290203
373915860
637386522
299996895
359397319
166273697
495370081
498639471
579949952
661041954
320068765
63166043
10242267
916710093
375189081
434934112
274723916
446499868
367708752
118084062
717147074
472000144
253301982
892228329
43465834
36819125
834455342
685693944
853442833
678818425
728932110
357363288
350975726
802733130
126834978
613932570
707847645
81194146
385787987
699203139
500258469
998504412
28161701
961719220
226612140
428655575
745112156
703068733
621980339
906362075
647298321
261275132
422327053
874503513
956159706
420984338
563375673
20493962
313799829
857558625
627962800
764592867
442354887
231894064
61860284
999749479
225449184
430131493
248864015
74377150
849894275
970432743
884133639
96624835
477228471
665573368
505481674
952727169
543786439
930997867
648036984
763605227
560442580
622014196
381664992
554969903
951395050
135156434
771097468
104053010
408307688
402815833
288633902
761756937
468366955
346563738
26543673
218310998
850711936
392272710
883346281
766584414
828473583
443550298
693657310
892034144
261087059
78479314
739683149
304752102
741184150
391070354
916350000
986469364
496644707
14115119
602635994
624090857
599475378
280190340
343364910
348049832
557783858
61354254
142009588
902597394
14761751
159060618
165143265
939209923
853399564
73613484
218708715
185450937
739449832
99128342
232758171
513870226
504531568
496160712
20072711
853587534
131888248
80576194
807465048
703003178
680555819
367456372
8979081
916066484
26712939
430313694
5747607
498258395
217865668
795996177
659628610
560894589
629864096
990127920
480531845
875414268
410587220
165609822
989726963
485603593
369264750
574482862
736154601
859091189
980778484
948590228
506656704
535022453
681859781
39546795
43342274
174221772
66595062
120915595
119730667
866246322
157077295
308978403
200548801
136036373
330829764
524754206
106714634
855219324
496841756
90814736
195143492
334287459
35418480
214394207
169265737
238768293
372606767
46272440
94134352
91222344
945007638
225250741
696562632
17245099
167549466
884213702
645309939
300320069
476572846
902300786
268132085
498107131
866413320
901353576
756014386
341471159
984228944
125927930
238554719
288200788
978391698
978619048
656536999
221971571
909247629
951615000
54183121
340527586
770052871
602700942
150577277
884421675
20925230
760877699
630480969
344943971
264969563
486817449
135092720
784476980
439149034
473149770
872264518
72388004
243621994
52528827
870236402
842868332
356472537
755323477
659770148
532872285
221437888
10474174
887053848
960909967
615353568
635039241
334707337
379228882
361982477
340393277
909930214
723681131
406484487
648752107
919939913
679707745
561659149
356505305
213247877
306711154
879157135
52537516
24699454
328084254
894345932
367135445
399220851
957720592
703836957
91896251
974154997
520518283
61627783
213980582
564880788
323234237
885720729
357180520
224286590
821714196
172076972
40001152
933972092
567307080
195441689
355546832
21308088
279511376
535536741
86976143
105859274
981083773
871193118
774234687
290269171
435837902
499574486
865423033
825938329
950752273
921704521
674805083
219406618
647585470
685065998
836288723
790649931
436913513
388935671
628440252
310041277
976498612
80727954
805767276
86355382
764564843
751096735
331242509
172326925
105240983
800276671
745002310
173222653
496718201
907628593
862050551
629251753
685977871
847013548
355876046
176232659
645286115
497755070
527339596
957030304
199196493
472035890
507019437
693123843
478432475
479127511
550200859
555890669
929474939
54093131
876245380
541408863
618905705
330126547
632529684
908664625
811768312
805226599
107992087
375485790
733719056
55481972
229171782
197294623
312335181
807889693
666670445
971895862
377700504
302269315
437807431
119419106
198839872
633892530
146336598
917209240
329656815
57939062
411401085
915016180
98764239
663697309
94590688
253780813
97531485
979138302
121799977
424191223
203676952
558300927
629581485
855396827
546986368
507795673
420586729
376486749
550844221
543858421
447085790
171804032
433702030
938828772
314680004
539432472
534164992
707055213
552042181
386931485
891692605
783712434
310750545
317110043
714990608
952052756
652752834
841650419
820669342
505490310
335324797
665532020
737347686
5438010
153134301
202622284
107434369
464270080
913524796
14641461
409429128
169955141
143509541
575703125
426301914
276424379
905940857
27083986
896779584
23088259
872736993
283926735
594890555
201275134
496921625
517211346
509706129
41191911
710143125
165550372
720162423
287867914
508808961
879367679
278323504
356163134
925505013
694710808
603568308
670917219
86627658
945584001
662062606
289524054
358766728
579602785
90284212
19565705
218076388
497431369
784041985
716841500
225650326
759680511
528354501
193248937
539758437
351105611
143262479
80163204
667806334
155235390
444034328
262197020
354148503
742603360
116493824
318059065
350272259
339852882
336015840
637297819
416290822
96574278
354109189
529435017
973928377
909638607
664504820
778300365
527708555
984102293
804819736
900879043
514636322
547234448
962017454
1540281
624384910
189771578
983860136
159135552
805378080
263522273
92547378
582338468
126952795
158763693
286579654
195707726
336160560
594252819
159637107
839869780
558293133
107809498
265659153
832613628
792979210
105164020
787674493
859726226
668704651
416556152
198872540
237468601
421881542
589562973
420902333
872471495
289179409
307856398
81240512
922596154
253252779
762856577
439301651
258276197
163211929
405043095
312433749
954599895
973457100
213851662
116883627
707584835
961376964
18693715
598013433
910559829
35607929
730710246
89263532
966140549
974506023
896742934
737856316
833519043
121010090
636809150
809640175
650292140
691921098
795980893
502893435
235329954
949392475
248410046
760509516
234627467
730589388
385195763
34453929
407603248
45058767
16478392
901775869
605601797
247971065
308896231
410628679
483914489
973776162
58521395
893261412
995229121
781933448
562384766
827567162
498670074
941514185
733912420
815682057
331362633
823265620
860616259
341653412
201380110
851249878
908497868
938097399
941410007
220080193
872109576
770478464
350436873
208556739
840414132
164364171
387886589
402564227
309426008
504501633
966023008
338452758
649054805
50620183
225204595
135471548
162088772
672691638
557790065
662540075
298520238
568021430
862556879
626231117
266007957
859572239
521983585
825303701
571947519
300875439
620959195
308693097
267121592
501809351
85359549
289722973
960364157
394514504
694821504
58367042
206796553
483260689
115858028
704407324
413797939
422944610
463048731
530742970
504992918
309112858
124261325
730377401
143171686
949096606
729005171
932460609
673980343
685650806
539689807
702803215
463206663
699531226
189551312
985675492
705753611
723171911
239798362
43492589
624549821
109276353
123345675
791267055
528227802
99170464
404223885
463059242
374271766
387154368
45912861
71940130
230249445
941597631
440462646
434590105
467303337
137223251
321585803
110339602
713508649
858308028
394632338
577958513
239141240
683618028
724269648
672105705
329808994
327714930
946107332
882875995
598640270
763815893
568561190
386081652
519220451
931889444
24229827
19946385
353285376
591838755
417757867
570204798
473413159
484734913
311386142
534031286
548300246
365736759
637999664
46835644
146617450
205764403
536472868
257121058
579166045
726964426
311271728
151082220
690955050
458425153
759372790
836073711
278286447
42681070
709517067
223061001
227638692
575517499
471366404
457827200
680591410
84208338
530341460
814783397
827544125
932159665
728962820
690423579
531832868
382058825
652601738
544869963
401528800
643588907
438119916
364915394
498144108
417247095
626862305
943223547
809288703
516218745
953340590
278509974
793663173
337276730
319797574
36899632
287500622
185824853
201117150
803941025
997005341
31152271
135634674
858902383
353163595
113212727
833130250
492729585
257453057
946034536
834968022
797708350
572617906
176539040
288567068
787920918
850888077
290863450
452348228
665027835
359108737
324989533
695203263
786867223
148983232
740131995
689005087
875078736
999022951
362453825
196818452
419907944
715058091
816474528
385968764
547452138
914917101
571532802
264725787
83401117
439272735
127532379
978730535
950076161
623972162
147941314
987999967
805645836
575066069
884687356
887739377
19424970
470103033
581432947
501936916
76707469
844997680
475264849
713635803
946778136
746075826
411056739
408063733
147328578
679239078
349471550
924305050
678859595
865617392
96906421
912341244
345370134
527531278
606751535
813762390
377245706
275445943
336222259
30730438
510010450
338848319
205640917
678698579
561127246
532777298
37721127
277191197
107577080
590008503
875939628
339499124
708785714
781606094
38258999
130888386
464902684
458343234
15248326
172673545
615682482
526567834
53644861
997095631
643377939
442808778
329823766
93012736
110665523
187096532
684385553
583638601
567884975
77875540
789526895
132486508
552609667
491739562
806571862
179887312
193029621
494201353
962439943
217160015
394640737
171710157
575183239
458701759
563995568
439304064
445368760
204609363
21535369
575121718
780272580
768090118
127999247
596386147
997955313
672500502
554009393
357495205
349394859
249942649
538909249
70565555
6294043
594200596
576495595
254900181
237668786
683793253
541776990
377922218
821926580
311566334
154131862
821610264
752675099
715261594
717997340
678973258
789775129
716695343
658340360
191437148
917268837
136791705
295548896
24295274
926826242
102008487
877361952
791358983
708409297
54143352
725165965
524747604
48538386
453121594
92619624
263973680
186352293
787848411
114412603
806904184
904081256
94611975
762452073
240615280
986590896
26363063
360102809
754717946
53287334
564000876
181844541
381046100
106702662
109978528
404479847
154905786
450240635
23508927
2036312
400609869
854603601
703100839
947115075
678380168
803495777
643133581
198602483
633199137
733283935
46766940
883999731
835086371
664946019
795974113
953249789
626709363
718287378
217801826
64175653
83131397
804175043
623749754
306823574
266262794
641368230
518665593
710256551
916979205
610770420
717292830
645348805
519154910
985716198
727108676
877476424
514043404
419106244
890218427
622803663
705130037
233534341
934832722
796223312
283621057
145323977
403556985
56915885
977279402
918572866
172522363
204297174
683161621
708991721
179183466
974145797
163302819
26931837
607778948
425437559
372908673
840579766
701177460
576136881
453033308
337442633
84198627
363720321
995480333
19375227
964704702
997779399
62373248
866621327
484923895
875527873
392551728
234296994
865271773
943006693
472285602
875884627
166631158
726648582
567806958
11934348
779567486
652931668
630990710
106273805
552220759
186196564
231018322
633448039
679384220
443699499
378754221
418484303
537610582
769583382
4716055
549424496
685434441
837643936
722415202
690828293
723122236
894040493
395768201
120024257
722350570
169420753
228437026
461509983
990034922
275754321
235745480
379607254
255387055
539043694
875547326
672205224
830281847
691419416
856388412
483726443
167775674
509111259
936828882
889878960
495750816
244588567
32740548
621359738
378061967
669030864
649147332
929894587
892148717
170571117
268885881
936173873
894190487
723985999
859111394
322308227
941520864
762372300
337766397
760456957
390473958
287995714
901067582
541729669
653828359
844380441
236728486
81739102
598036710
313387908
570956598
617747948
92400540
886637626
166850677
74718069
212887371
366670245
734242898
539698874
3136537
380494993
525690424
488882989
458548939
797440546
864189362
823768319
607171765
919081703
854641705
417577726
348184454
867711290
460838279
335491888
417832608
753770102
389816883
9716799
810459455
805839560
375340889
835350811
827395831
766481735
20764088
249037775
179600232
193054442
886774226
976570643
259752212
231207392
399951859
395338238
262882441
278514702
151765247
394310421
16298767
267358316
360738823
570539724
285023785
41428276
668680606
447063741
925370342
500609081
863846462
597322422
478117162
54657597
757688719
520301718
757606699
366174086
546256964
319058162
458927141
983518477
6085460
608525880
223602462
153942159
995018942
309985781
634890129
295365476
70326176
912584061
15753830
743588859
277153925
245778849
651275235
291845795
661566531
55712081
117436322
860338547
354266005
615253228
155306782
354742965
807399494
156767750
116765096
100189146
177560132
492457686
630353101
90867405
914432542
130545398
518502888
885362198
387975300
553650935
194206984
99387717
779676881
242109702
251081449
687853184
178286790
496149969
635819196
669939890
658506341
618898202
58176928
449302162
557362745
844247047
840684135
537280727
544190634
170858134
101009705
332054153
874699856
840312733
227514718
738202357
252807947
192648843
923289866
200666393
953453642
869579761
914618281
382918108
815291901
908701350
301357121
380086217
154943462
719554887
36451212
42421470
659746667
486306361
144267138
570968724
426035888
108254926
968954229
800313223
161449960
195334652
946784660
810725837
424746482
553850755
378519656
378584127
50079417
149792478
890622731
156193395
457263226
166976377
628304523
735284174
224897794
903062150
568944173
113922707
747086318
680183773
563494573
721969215
880001371
599722106
661828149
481356939
726881325
849580702
68186860
606764716
193176236
85620200
850286420
392205180
836123471
790344216
351934560
698470465
984983065
694825820
230537390
135745414
999194957
869674341
656092523
169351016
310852069
403480984
248831973
244325573
491707346
455243308
52802933
351322534
383761947
736334152
266252697
357701476
396261359
62081006
410408302
853189890
900091673
541518365
740048562
93731589
873586198
476334570
519898437
206128121
392523409
69039275
42650427
707085184
563478437
279555742
728768397
272704724
974510755
899672685
975705293
228640228
11634609
725465492
714862472
664080739
882118393
736091269
759632629
894340131
68490991
297230626
234960841
827236862
750705594
526814944
580869442
337031642
593817969
914994334
317159394
265913700
776622202
977473403
670650887
547667422
53168796
823531210
858268307
975048907
334584985
744892136
426215956
665082183
900241306
167068174
485112030
260364538
19056579
897892686
737113363
72870489
469486795
965013533
313817661
984220946
282433054
108368755
82276310
671289850
783229672
48732888
71887676
365253979
206697861
91162824
886591362
567354920
214448283
850593424
275716069
631068002
385066568
74640509
786422862
958571357
188317997
741842972
649598910
738747809
228705023
594865446
956124918
826741920
129956647
449691680
64897238
283795850
863707246
716253428
7216403
439403230
636554249
307961870
707132815
118061520
657550229
328281106
514299913
539044746
528550952
618746240
253381998
916241564
974989766
953026036
950337503
883290654
753854900
733912643
216278987
622597397
485559978
405944009
75571011
374375594
789614645
395292660
254174013
2269622
796914528
33681008
206178953
953096573
605245633
831506809
698340548
766960576
463747425
158307851
380130724
64490825
562783662
440921221
431765328
469632900
7085208
380653745
549571036
759571080
370690385
247955685
430159026
336860183
513751029
252922473
428252604
488077793
153629518
909713576
33862901
436228944
45850
511939112
456534637
289689773
294017924
906969142
962810121
34059604
641033622
600946585
48442958
127677858
740075079
679682074
63335057
43373264
284130308
317496880
889697654
143265877
636826443
902353898
36628998
73035350
531634161
211704886
591942662
426480125
397250681
407314529
843915293
772166670
65588847
848480649
488006273
136904448
242093223
79204409
293174018
371605590
33912924
76547172
371892556
802376578
48433833
660793393
957331043
290167315
55629820
13600513
793478954
542955093
309983954
281486713
79439995
298998269
301874994
243754551
546674829
399370588
557000363
223605716
456757889
164804193
394105732
226862333
624055128
197826884
259719944
779355925
496884524
352835847
81634089
147721552
788685715
967841677
654778891
345456344
649971397
874566126
168463149
323672768
727071386
981632968
490313397
132822169
594999727
179660021
484004222
741124117
600865318
136968998
125804353
799936483
68901113
661175779
305396639
631930815
111644920
216831897
103129604
118387740
52665775
547878515
680281755
815881948
981414865
399545282
679026123
534628504
615398947
890751309
3485003
350255972
378790815
356782467
91728316
284686516
524720281
847087673
73438
13470026
776434409
778398493
283684963
91243248
882565026
96400125
647905334
739081174
94763045
536019097
221345830
27837913
342607839
38410995
279945652
274530818
51156234
293790141
780205875
667239210
816251269
941686550
43520635
68776519
938535025
27997817
77045763
841284332
881182441
309112406
6823284
189842363
442688497
303596176
627444667
586174562
233494736
289249268
767245779
955134890
630876064
3588268
182733034
290207351
786516652
493906190
397624629
145250114
439443646
182267008
411293813
739336561
513031016
42975323
248854497
182622459
225187374
230747289
977140017
264499959
655250507
160089446
364698378
73252985
386914756
338557871
590338608
197795294
978564209
847630724
222615680
949363841
575011360
752517287
325972201
811936057
356642816
4828531
241197659
123424665
834026118
892021812
54988939
79184873
542447134
656724325
765889367
71949186
89124543
438949013
168064623
712242200
216446307
455793758
410337639
113805227
709487601
86180657
237240170
983854369
163183619
245276480
525799052
161504388
936175057
829132626
235318183
155302263
706400873
933531897
859124523
163520950
328149984
477515420
946504283
284181816
142122481
683971640
936928756
564733549
237429680
943283271
861110123
225668238
481205611
726131586
830726702
731598261
416484338
931962466
256840374
358625782
67757928
928897228
849674135
409362913
684282256
94993991
457022384
115235702
64974271
769038750
107666346
356269154
699031247
851848242
718533451
332169058
373627156
991169564
68177147
483913822
934173970
135401695
39886147
76382278
293128163
95869505
110328167
666603196
702679534
821812589
173157384
934539178
890128444
875958731
417092492
26425321
79184384
263734627
261868183
830891121
982259961
725887752
851661301
551330561
235772462
997929345
581399919
792914127
882021508
591754639
203862242
963030981
221782926
557293138
753695536
494124787
488156756
343208753
690486928
864947279
964759528
361764551
529449769
516003820
308309963
803358923
615568459
578138673
211525314
724845588
654272110
752370281
616610116
967511797
207328024
400039983
55339244
574087738
712882995
595422556
425160518
258959439
836773295
509105895
833234977
575007146
874946368
413975106
334175677
613734335
70994624
115749461
816825193
58793630
34402767
368838157
622510341
677205240
918349320
959064411
734619760
673162430
2235137
349494914
853672148
750047485
7558958
783331983
799442112
654330149
671789387
34054727
189957589
251242264
777605340
369766783
518428701
469462291
314421666
788749861
966144826
679438575
892753600
476985886
751005749
653345825
411318898
363681989
566298232
176573305
233941206
416213868
286420892
152318633
183733248
19757382
62999543
151462639
409003959
578393866
169765343
781187921
588429946
59019687
284691773
205576907
518588705
907617337
495145606
571175761
470845074
800265478
843732606
600751163
126540463
358371059
348764310
325635484
770338640
572696957
316232333
550030098
893426893
646479348
550247824
189709853
455334751
246650792
933827018
219058998
427088479
296685693
140757677
477555151
56455073
447344019
636043399
550027616
936768278
745938528
802935710
217054573
331736907
688242234
123360492
926620633
680630359
92599840
466304743
691056757
342639273
535789668
735434994
265747351
121622335
566609730
203642687
626555609
556268206
950481292
139700796
730987349
15109521
754873330
318878298
773635895
621049228
690826217
587054814
981995461
83875098
713206703
968264587
919767175
591338307
815739263
357823389
646461114
939810749
223435062
777925717
321970149
744185654
347707476
263187837
943760610
928072197
116633900
854338810
332364071
395657495
858303414
385076460
942015300
910049348
308589341
293885362
141223206
620015354
122021391
159129076
755283684
713492314
336195842
243900598
200188797
826693014
994751375
841334935
32083036
445719330
748418820
318212433
222582086
437188102
923654336
817352062
583602364
185138972
858655968
686973302
446321054
742748801
549324390
954733532
506382722
249976662
196598509
337620019
407688938
713483941
960635834
964792478
625271270
823454782
865595975
909066309
966087455
754979734
281377312
333812393
913534733
179126700
578882143
918109840
702126729
812068471
908247903
582951768
512038723
345443832
910656785
819452276
245150322
956443502
243317618
947773612
323910861
82946514
988933686
154867964
532191281
395496278
583313752
480959871
465186633
473055010
200739336
302940562
195468419
934794947
642850696
674369424
603079830
636721749
644580339
954232089
675630278
855124554
849339845
45725884
287368308
719119682
256732411
375342662
431421478
714192037
343680024
344215855
391185827
39590665
27669678
207091920
954155811
75899135
170980457
986726136
321528931
355388778
278195234
6098288
995721856
246728965
10467814
156417956
43783732
179138394
567960025
490911325
719158685
966706570
177910522
134731285
659196540
770989808
29601661
745408222
582027483
826386048
44454194
467273768
541622931
770714765
769834907
55803612
830341867
88021192
658555142
671337612
509408722
48697107
391156238
407214237
114191501
405218349
792756938
343615157
455611847
73321355
754370921
821809169
445221912
488300892
49826303
902161506
535763676
90666083
756407069
37482957
216406649
703289638
477478882
967588749
498245602
231279364
705354752
408297490
711270638
210906875
553057537
566181274
446454257
428133440
413028173
262751146
628745761
886408375
58181977
25860103
661475900
896873509
80227473
524416861
524442436
276569290
331654592
753609991
759532524
11500328
505298189
723906930
153635691
845069267
785969512
618983018
695726459
921239562
230886021
814539935
68787124
845492404
722739769
556197634
111051773
879608211
161966002
507048969
854736023
964333046
935085735
85467226
530957447
447379937
991977638
687625252
69899382
931039166
361040250
758474461
667821993
774840788
859495634
62549175
835448706
571535529
334643291
975992780
85414276
235358322
566836300
159241229
1299346
441503335
388910401
855509677
892762029
284867183
914924171
530335119
726342844
898825134
597093306
262655319
820626980
513003078
301271205
522857819
998400796
620063348
962888066
118768867
255268629
313609751
239713156
341801188
62242630
392265629
672191124
224426190
544573921
884532386
615675294
235662977
532108026
93085284
764440159
593496041
947749201
572147327
219815257
166744389
856060003
197857199
833993795
175032280
397957663
936120893
391457724
447931862
635321934
800603377
571751962
394145759
671461574
227776410
385450051
647457681
301465648
362432713
729583863
863394826
744798860
818554606
462309007
39945438
742557565
101761206
518521720
475483421
463774935
487782430
852441059
607079140
381146752
835170878
159782701
237809019
44317924
439021489
702203968
584010287
329474549
220440221
573472757
26530413
786109964
572456943
435228306
137992676
310779339
514031626
70539900
870310487
631281472
524409531
527298783
231356719
425853930
362551448
974317298
515808787
326114637
560465248
603850863
679446896
140334415
498692879
250562163
696559582
10469733
880567145
336249017
703875194
559827101
563545732
456827205
90186771
627439054
10625835
531332035
942023801
991058686
366978163
137610365
401089965
532813755
920149012
385821369
284832494
395482147
784970293
921727186
376529080
175588818
559148527
426496887
628479768
901793727
267997377
226640299
418081280
337822485
931330537
951567601
433661552
760067735
446633418
481078458
821431124
415461765
715249032
808038574
183840842
524737932
624232295
110449422
685622969
495511712
56282762
496069864
92285990
339070390
780037102
274739752
959077749
913206057
956534985
302004800
97154939
67213725
956646056
138801178
750458710
94167421
398274815
570485323
275530547
86506165
936926147
93404457
511062845
273100330
762603839
974221770
547204384
992820248
581044009
152351884
939403385
775577152
422402900
447626612
672965337
196085695
536358417
296455796
798813502
585705654
469848391
41703592
402125569
976004239
600862780
132298009
861325528
689927905
433594120
297994611
315204047
714053867
993479146
108441145
837129322
156072939
266231387
393495691
269697321
756258745
618419869
269025634
991422136
577640933
813607989
704084794
419946635
103740595
59237473
656482383
386651185
462550735
801516829
527073040
574688351
108742344
356907022
606232492
595946525
657477411
3776151
409906355
261638592
498830244
358912461
413851787
454594368
375627521
718925443
950442659
292158839
496970122
482498425
317564031
604194347
969132836
905789143
137926587
253839480
980214796
309881048
12757754
680738633
15835756
216852573
670467782
948794837
817679087
277715332
521288849
526708651
569025210
704766766
587751259
271787569
818505239
514604018
147883108
608725240
191446333
386043304
38453370
16180227
42197680
818546411
828213150
154365246
405833313
931125610
463317546
799164787
381816501
97181453
988057277
408924304
917733376
421341786
119407381
828625323
789736911
989242212
491810503
737299988
142543602
405653009
725540334
572935981
387717762
750096410
270624954
214985986
515414733
656954652
623289602
24071008
677898945
647269893
266361697
497169498
499924324
837598779
188849667
44989647
76491130
710374493
132073731
40544702
320126338
346165078
890655694
343271028
78482833
358558593
463745700
313922233
531556293
532125246
653359532
619164200
712450792
224959490
295306368
67879185
192797950
434819507
235949126
850428119
447035860
143125883
789937508
83758527
915094365
483986965
410646821
989992683
255731332
151967833
609676131
572749890
474945185
216970598
735389272
182731738
296432973
523165807
115343149
648519341
417228623
608515493
682260996
677447261
146894357
889824586
312164106
255502854
684640855
367585542
164690552
59647203
326905758
115622769
280462451
324841821
211667656
309004999
125878711
800736825
786046160
110174512
450746117
604216719
276411331
522846910
395622950
476163610
164504445
838484035
586709459
275951730
393994615
238675596
156123741
632243821
458455348
294892241
383076872
139812698
30705710
467307252
945064628
604499124
141588873
151971848
254562824
563318185
525575882
883150808
365402825
813728036
698254701
404949482
444587654
446556742
998485891
673561406
561523675
379000398
81211986
623776883
563088213
912078378
206886936
407661879
480350386
828660050
626515066
443467168
763304523
613778123
386244671
299952836
712332342
750692985
985279676
691800198
826373488
885829924
939370785
438273458
367580231
656436709
160062213
517625052
251400536
372197112
548062395
772160252
277121095
854211096
69753466
904232982
119039692
805577684
248331678
497799193
301514043
114131651
578670676
892562421
200358947
814939810
720669713
770842135
153899860
238851753
709107486
483268615
41392877
40499727
602308350
944268035
587033201
922460426
832108578
987291172
100248711
666540873
152299459
305973208
471058643
288672603
96880711
999195235
690453972
474596818
214312437
604734827
75831992
247202580
443492630
196033183
372055405
692613947
783737164
151193393
132372135
211328428
433103429
865133304
452091166
821182403
450529445
661936261
590699255
211751930
786785006
726435696
188737313
368102619
169099808
536563671
47638831
349500556
696528744
249815667
940796020
574490656
226866626
597664445
896674844
871708198
712737047
366911701
391371145
298642334
996407132
814779437
622767174
571278393
719562187
131734468
216004114
493649570
563882904
954523990
702956871
987528537
879375930
324008125
308355400
676996256
102730387
512329383
885635760
95186184
916542368
45946792
870250986
905899641
889844278
198292595
831632016
492356050
501906237
623897948
969341896
438375599
545463807
309576064
154532453
826255821
1890519
737802458
829141117
176561658
887529529
864028607
158428090
204003906
487477221
851112483
277517528
156828720
546196638
108296920
569074396
989465608
837891693
716189048
573617403
30014824
116284790
578851051
325298507
261157633
61730351
567549282
422553967
800469010
675014549
175213804
534610719
805746282
286712426
127636826
611846126
872697640
503746518
474832723
820293382
164451447
238983755
959341216
923115912
157346868
2960524
348142885
182652105
866599259
199190477
765289053
668308645
824244542
805395911
132140833
666067732
981582265
837833247
191639317
222331394
775561872
630949717
820437367
46739209
544339857
518853713
261298029
204000145
78931358
431150686
988563406
425962742
458443583
531173504
716427368
369227641
754882921
851010173
118551160
666670826
351362678
327183283
118484599
137452329
843291819
906002027
439203253
164563374
245198871
949365852
465055984
754463875
593817869
98519852
707784597
33196454
311295150
130894080
781445189
570592726
132751669
966891434
