4703729
4911259
7819984
1129805
151070
849524
6847522
5409549
2765557
2077194
1702941
9981699
7931848
8619520
3101214
3388563
959006
287593
7819281
6252106
8878431
3697966
3326654
6703053
6445765
497215
9684445
3619758
6984757
2892421
9669144
2664173
6550203
8565341
4048538
1354099
4815615
1854462
6197373
8520877
7497364
7794020
8665175
9519401
104282
3621906
666464
7869520
2541169
716417
1827997
3894361
8459639
2687626
1148349
398326
6980207
3881837
4574391
7837886
1503184
602383
477496
8752889
4163138
334682
9109051
870568
8323441
4739541
511738
3829361
423306
2689918
2399329
2257327
5035665
1161446
9239348
1575924
2930556
2772304
1253921
9973897
7300015
6974140
9500822
5961743
3948495
6731805
2231861
8056616
3158825
8037022
7334128
2386155
5163723
1315851
2711253
3710965
9330158
4323636
136476
2614291
6947129
7550152
4314661
1739912
6386109
1613114
8588626
3844495
6860381
2673619
9791502
8084605
3687275
9525860
3373701
3069024
5673064
4366023
5939682
1431834
7552320
5484318
3922916
6245028
1436486
4550386
9139787
5465279
453246
2332003
1186074
3985909
1163435
1952940
5036261
6255134
4282797
3884756
1865799
9069666
8855865
1094650
5075025
2832749
226678
2096113
7887005
3479039
8507670
4046579
9744567
4341370
6055764
3549638
8942685
8733416
6071552
4428246
7806781
6927836
393430
9203167
2890693
8266947
7886987
3444360
4244283
1430315
8643542
8370824
9601440
4621061
7506796
8135532
1833918
8420313
4559949
3269543
9000019
936333
5031829
3363657
6400901
9501960
7379715
1961545
7142673
4532936
9381232
7802867
2062567
3540784
2664760
638675
6994949
6560349
5794253
2783568
3963772
8685046
6592061
6312159
8384378
8166714
6575302
8851103
8488732
4059813
1678305
4617305
5649629
5152167
3188225
551787
4892543
3164181
9415285
3353601
6909250
7538729
6083689
6267945
9701329
2586117
5760008
5812699
3666341
882740
6868722
179244
1127971
5853315
3182242
8131090
5925113
7846238
5374042
802610
4032787
9940483
3543307
784547
7288411
9873489
6807517
1705758
2391853
2481388
8119160
7419244
599847
2734710
5811338
4046475
349126
5292167
6055071
2737337
7026541
1267768
5342626
2719547
1843860
2553131
9112333
8535329
7221329
462669
5476577
254542
4196984
3133836
2155337
7139310
8511031
7718853
513496
9900362
7311123
858250
6283343
3289424
4004384
65540
2044987
7630074
7292919
8513060
9133640
9114037
2325067
6545591
8820069
3201864
9556853
5983813
6234571
1548885
4445841
5635795
8492462
2936375
8776702
9688967
2847100
1470832
8021009
7902044
6880072
6669087
9008084
6113398
9286774
8879546
1536654
6406498
6880193
9229312
5457984
3656128
6635627
5586668
1285383
8831683
1722862
7635993
580809
4735944
1868925
226096
1048819
1036754
3736540
406164
5045514
3592407
1649802
1045299
2098372
6930742
5353809
697371
514096
4868025
6367224
806706
112424
2982696
338552
7425565
9673919
877740
4946054
1199091
8586588
4786323
5451033
9996911
8400454
1016911
6945998
2474196
755239
5368657
3156163
3581492
9461215
8575383
3516557
9651018
1225124
1298785
8815895
9610367
159328
2439748
4448633
2472425
403248
1081879
7625335
3853023
5648876
9734275
8351847
4012768
6530741
8970632
8827579
826342
7672032
7782835
982600
5658322
6701976
767380
6882263
7203838
9505251
929988
6405098
7676798
6699718
1449408
7278517
8060801
9648588
4298363
6259682
3879078
6578766
1881229
936330
6494685
7891376
1890210
8349047
4106121
1915489
5965302
1280119
7003345
3563672
5132103
6496198
5900569
9029139
6074392
608541
8879144
3130995
3628376
9875773
3281459
9109717
3622196
5582868
5300463
3306264
4164834
2061342
3558126
655384
6135134
469172
5780045
3680001
9140230
9595739
4976910
8112535
5457085
3216222
9514300
317246
1808896
8445907
7589593
8071970
3323577
2874155
9101017
5517461
8851509
8254620
5932588
1406061
3626932
730243
5080769
9272879
1464601
3663856
428181
4278477
7471991
2638640
8443201
5642426
6452417
2278664
5294101
3239376
238582
2661091
9978978
6972670
4147840
8175820
1737486
3691651
8494993
1659930
5085466
2761558
2684146
9939289
2269927
2848238
8442136
7086664
2726112
8656765
210908
5264198
969494
7336602
312411
1726206
8814518
5843605
738660
7982389
7051623
9765943
182594
3876411
3473423
1152756
4154471
7178908
1748482
7532897
7981961
5119168
8080155
6970925
4001713
4321887
7900194
2043851
5676178
8770579
7692640
477292
5585772
2448141
7580367
4762036
3255247
3611950
1610721
78125
6370898
6883368
8504488
9803509
3637752
9255677
6997830
8165910
1714954
6564521
224899
1618579
7945261
1805722
2757206
6236951
7164288
8710112
3741288
617082
198412
6480653
9521226
1603445
340108
9764233
8878250
5756625
7373481
7860058
2529023
5885599
3276495
6337367
1069772
4938497
1902017
6740093
446781
9714791
1412281
1307944
8967338
4898650
3126893
8430969
3125822
8410496
6010025
5497745
6599645
7444865
4850276
8153596
9876655
2688483
6149865
9093366
6890530
2407529
9136589
647294
9136979
7024074
4349043
192232
5036975
4257623
6679921
8319471
2156448
4674619
6852247
9880264
4073376
1027368
69581
6876114
8286030
5000143
8234520
4757580
8961990
2771103
5609179
1990755
1037532
8669222
4664870
245212
537281
5047561
3305315
6130754
3193150
22606
3326177
7558571
6320092
4748845
2609837
4775364
1154741
4028197
980689
9679723
9624341
2966352
6711606
9755420
3005843
8829547
4344212
5478057
9154334
2208618
8668340
6591960
1817253
4251230
6371469
7113655
2734403
8090890
1727359
5146747
5357833
4517575
4529174
8521531
2763495
2363148
6904028
2431786
3735548
280197
897563
488092
3413709
3203184
1736285
6020215
3646525
7575542
6182625
2113377
3975365
4892438
1428201
6965296
165834
4969463
1296895
8313696
6054813
7639843
4820390
9662938
7555780
4062319
9235633
7507907
4000045
9633218
3590858
7090470
2961693
4827011
6799322
9855403
7994753
1751894
9679491
9269202
5590668
262305
3754290
9738780
7320576
4641406
7309160
1999538
3054751
9108140
65479
6466983
867752
9031585
6190617
9809623
5369237
5046284
9869383
236306
5931351
6938752
9803391
6955670
7454955
7455772
2135521
1829604
7492230
2452418
9427155
8315826
2360891
7931575
7285943
9542294
8153597
4706746
1201209
9574706
2533462
3329199
6041274
7980960
509490
4077340
363815
2190852
9164840
7337697
9439060
5661819
2579821
5963405
2073523
7265124
4212344
6148356
9693849
9583469
2103663
5593492
1624056
8580927
2721274
3117270
6979084
1410681
2411808
8058558
8052329
6156995
1452500
4912257
8359757
9771077
1101110
2528801
6690010
372892
6191803
5045554
5188473
3737199
8030358
2478714
5531940
9463257
2596330
4314404
8253041
8112501
175763
3982783
6407573
475475
4997604
2592510
7604012
263241
515959
6120505
6855615
8416591
7325556
8244253
1082615
4547930
5575288
1553
9905419
7490095
8892002
8733743
6365341
4434393
2091644
1661687
5661840
2939525
212251
1974152
1019028
3840546
9523718
1836277
7936799
6176598
1283932
9701531
1313807
4216044
6783955
8893207
9414281
8260120
5370701
3761310
5696400
8410841
5215480
1375243
29965
8588305
9764967
596576
473412
9271104
1450091
9453531
5237691
7843890
4798898
7582076
9424928
2488389
4246464
2793329
9605730
356652
240868
1870901
9252406
3161009
5922472
3277753
8306570
8289105
88625
8021909
4844217
56190
8067186
6409187
6900042
2072725
5088753
8984473
4992625
3665849
3097144
9028836
5100412
5253197
2491229
7003841
9865910
440530
4815794
4434840
9248758
2069932
7576908
7260834
4933849
8146289
9203460
7008295
4522997
6815516
7201729
3454040
623544
6978495
1596130
8908132
5848155
2535083
6196443
4145797
760843
444570
4983323
2078636
5408139
2845061
9496138
5368937
4852892
2986546
5984350
5588733
9092130
2305700
6921800
2321859
1792879
9276052
7872748
2932059
3159325
6984371
9291581
1477600
4892546
3739140
9461010
6665046
1026427
8785839
8069956
7732751
6373082
8497351
3692857
3574636
9253278
3128241
4833171
774511
7628318
9544178
5110845
9273609
3735454
5225065
542128
8296855
4833434
3872807
8851490
2860209
3002478
819064
6526750
3615311
3739221
5513728
9780425
2367183
180080
4096482
21133
3703596
9322349
5651082
1895905
2918061
7467238
5350961
9343472
3293946
6541466
6648662
4259891
6030031
271398
5291508
8328694
9840083
5308590
2478609
3927963
8893543
4400208
3723394
6016562
7627186
7817811
5058404
5297081
8123217
7045183
9564976
8097068
5728694
1321604
209929
7350310
2385908
7798561
9464138
936400
6416169
6585077
9889606
908
2368958
49653
388837
4284300
2224945
9723429
9721285
3269906
7092368
9743385
9365157
3513684
2520526
997043
6559335
7843524
1980281
5046479
5979437
4512434
2278763
7344628
1314502
8290877
1872769
3172318
2977441
6703032
7762072
3649834
1716657
6269069
2096325
8023498
2863428
7749538
2331952
8793514
9975187
7357344
24249
2072658
4603470
6680145
7255080
7010296
4924462
1244398
3892446
7314416
3875370
3476661
1656535
6217240
5392483
5157475
3706488
2992587
8174053
9109510
2461029
2086767
6937469
3399663
1293173
5732151
4332418
8088136
6589961
6774796
8037719
5521950
8483541
5779385
9835835
6893786
3138612
4419426
5531775
3932836
5557500
583630
1614152
7643870
3801367
6902980
9811644
5934260
1132691
6489553
5623826
9776788
490557
6246717
1821729
4450750
4508458
9151497
7691512
7325154
760988
8242006
9511454
3058662
5840839
949755
2310231
6897455
338046
5233332
4863556
6871525
8116710
4907866
79201
4853622
4101204
6266847
4955250
1692068
6639123
7068010
2359919
4957066
5181367
6165736
9591188
6828482
1268476
5029519
6336056
5208678
1883077
8700016
714257
3545397
198065
3300236
5252954
5608661
3141704
5970347
9268090
4795075
3104139
8670111
7329848
8781243
6178341
7673786
4828990
9836360
1773627
3238210
2225084
5173569
1688160
1621689
45874
814150
2278679
4256073
1235976
5110065
7861942
4581576
5449126
77279
3252663
6639537
3937671
5689293
3202495
683436
2678854
696535
9919368
5038193
6747864
8648909
2464631
494840
2753179
3460275
4152853
7420519
5976054
2063119
6844419
2266821
6199772
3928466
9766279
3271658
7655685
1047227
7821898
1620439
1942801
6589753
4326653
6526773
1408459
3488764
8639833
9164743
5523748
6994154
6166814
6669492
2968149
8279130
5541219
3601979
4455863
9767716
511053
2339152
9097423
8748497
7920542
3504749
4201463
4385272
7480896
3208689
3328173
1469770
3856425
8012593
4930678
172715
3826847
809466
6478842
2029022
8520280
6016878
3630983
9182497
9075520
5181140
9437672
2610768
8671324
7705621
5798344
1080746
8606631
9871091
6475165
7485369
5278752
605295
3113783
6577239
6038375
7044947
2737942
7701369
2151994
9683036
7115708
6911341
2119461
3323292
1614068
7231917
4444180
995512
1301660
7455069
9429189
9988236
6591829
6411940
9102723
8125433
6544466
2960357
6366008
8682938
3479196
2494820
6632290
8143969
713470
2649531
6584735
9393347
7582089
2585633
5863719
7251368
6882112
6690993
8995161
1812854
6142782
3756280
6352154
4715328
6787817
6043824
7812813
8788435
4334480
55872
3971280
8610696
8926459
3306534
2113580
5187933
9180616
1685261
1683555
6403826
6017765
3572374
2569542
6007597
1942617
8686593
6077961
791792
8022563
2831000
6433462
5958964
4798087
5046489
933146
4818960
4150095
7033981
7809538
8309798
2184435
9919209
9526670
2466196
8522485
4610081
9947754
6299255
4449603
3921962
3968185
9445307
1051846
5707626
6969557
8543611
9256776
1694430
1421786
3276696
1404328
7578385
5977880
2684818
8283747
7675897
4895175
7170893
4594505
4583034
1184397
2417652
824703
123934
454752
2553841
8281447
2015635
2649296
6612566
8397721
7643687
1011635
845301
1152149
2695609
7986006
1919313
711114
57229
1353411
9013118
8906064
4398600
6846086
8776417
7557679
5415085
1627434
8695542
3303212
4917879
8684031
7562704
8091146
7142885
4745526
4534306
6491628
9077418
1529807
5740516
5479081
5873202
6126541
4485355
3610773
9687089
3938303
8371815
5125140
7910785
7936339
506570
3237170
203539
2011435
6663068
4403531
1051033
8848846
3139227
7354980
8702639
2837859
3026430
1265405
9053348
1176899
3625869
359362
2919663
2041922
8589051
8642981
9013218
2487572
8447607
220229
7653813
4511782
2194990
3477585
3889226
4564498
7354538
860426
3761244
2511712
2179650
1418907
550078
7156426
8355004
9245747
5037125
3669726
4407200
9730288
5068045
498507
5967602
5960255
2822989
5931912
430238
2660760
972254
3389092
8264248
5929241
2632732
3185836
2480512
5266508
595436
4846633
8522497
7955453
62342
8250028
3289002
3406094
4667280
1080939
7583230
5912239
1076944
2345008
5019008
9228422
8787463
8847077
2648951
2036304
5910939
7251780
1557039
3402314
4417376
6690118
7467386
6893379
3678902
7765767
5479850
7690933
7256838
8205389
3288029
9796289
3142642
2241862
4337303
7050157
3882858
1839339
8033441
6035087
5908242
2377998
7190737
5956094
7106768
8327032
2370758
8322773
5139595
9939625
689581
849760
7267809
4621534
5807155
4065163
1548013
6954872
9420771
9993963
2098234
5869118
1123555
5203733
3721329
5404925
2094716
2020390
9589353
1909150
5725428
3309368
163395
9384206
7036124
8654021
5412448
7360692
8079161
469008
9775060
8861799
5848427
7529607
2540398
9347004
3674685
3945331
2866297
2599487
8200421
4668075
5553332
1795827
4063420
327327
8538648
5518403
3586995
6213480
4740434
2997520
2768976
8625137
9368177
3193346
9290576
7394853
1979525
862642
3561600
9654984
166985
6985859
9303192
2034829
9138379
297346
1056105
4398698
5239627
866344
1585642
3940098
6357207
1813489
394542
5267305
8242741
5082389
6192206
7771571
1957461
9730360
5231860
3545173
9873018
8773303
3932373
7306453
1419160
1889196
2156555
8773407
6369669
3769071
891079
331509
1837059
2954019
720879
4373742
586430
4930475
1541777
2487906
3448397
9744911
178480
8319265
6667256
4444363
1168670
5368699
705742
805215
5378202
1817510
4483038
5770716
5402839
330464
5102388
5853513
9837628
9199532
7191402
5750556
566219
250925
1170501
1341776
4557140
9804464
6940112
2472557
1223087
8010220
6754478
7112284
8967269
9044189
7683309
1798009
2287884
4799839
7692320
7263374
7737920
1494228
9839074
2583201
6512221
2511285
2664645
3270783
4728317
4913208
370003
3126896
9491548
2010236
9770028
938967
6191600
4188876
567064
4388222
289900
3769160
5434262
6947551
9957440
8408878
10911
3843578
6485692
2315347
665935
7440760
8127235
7283787
4743349
6130787
9021206
1632054
3465197
1272462
3477522
1317657
425331
8827943
8173911
3900518
9451573
2920587
5978680
9803049
4619124
1170387
1188239
2384938
900076
220332
3087948
6409463
9480425
8096310
5725901
4427268
2150010
9358528
6288647
4490346
7660833
4756907
7035072
6146625
7727974
1707455
5773528
8875310
5727818
3053465
4785331
3378949
1747738
7466090
7318722
8838344
5965818
2627909
5970546
3857336
2251138
3204416
7304200
3487466
9140748
3717678
6206011
2240916
2921093
9700411
8057518
4378585
8706163
3221913
7725798
9134582
7110120
7183933
4419297
828137
3510137
7479908
8681679
2012843
2308904
1506753
4806127
7780698
8012372
3834905
4501354
4167267
4077669
9803689
7826614
7786928
2790641
9355853
8299365
7344869
2869889
5509537
207132
2380602
9718092
4248296
375978
6372292
2459497
7627545
3979586
9791215
6589754
5750937
3969481
6940223
9808435
5801300
146199
7019382
4171169
9133787
9060401
6285655
5025169
7081383
8774462
4388815
7307871
1932030
9862918
1511407
2833760
1166820
1781729
5290491
7234700
7281785
3603933
5747400
7623399
1544529
7844603
5612216
519926
1590074
7329885
501080
5681989
1578356
7289537
8272540
4228936
6828036
6670877
2126547
7199312
8876293
3922850
9401951
6174234
8032178
1560496
31934
6074008
1450558
2503010
2856408
5601633
3482625
3780036
5879689
7629301
8068925
1374954
5107562
3051988
5941143
9397934
5999636
7922661
6356487
1897685
626320
2869194
5247140
1539294
4800190
8590286
3523999
7345721
249200
7988453
1982381
5559042
9677762
2461744
5729189
2065563
6810695
9801493
9031169
9129255
2203367
9356730
953002
7710223
8949005
1443415
3712534
945374
679125
7116308
4488754
8246505
4320745
2094454
5083145
82897
5627758
1169018
6810961
9174082
6644919
9425859
480144
9728345
4847122
6745977
5688145
5603147
6577153
517077
9637953
7984549
3008502
5197368
3032057
6555639
2761924
2564433
8482986
2112598
4560468
3783089
7113466
5698940
5055139
1475954
1124853
391151
6809256
7482524
5453913
8893665
1507561
6582339
884624
6530832
5946542
6904863
8787631
1988574
5089097
1308942
5167578
1341993
5683202
5900208
8235244
6381385
1159931
7695427
4877418
6344963
2441482
9190994
3308961
3197735
9648562
38327
404383
8686491
2228684
9468030
6764343
371551
3733628
25543
9103037
2115689
4376985
7336010
9205876
1729435
5823556
8314870
9352436
1499405
8257922
7192010
3757586
6014613
2695667
8306309
7569712
8110820
751316
6777243
9551940
7465914
9011994
5082816
2048417
9568643
4430275
2695058
4920101
1185715
1468288
2065101
9642023
4366606
2297106
3940337
3444937
7963533
294558
8867119
3294020
6545631
5346572
3231200
2548186
2440606
4525472
2205547
5400191
6111021
1703771
493510
6651198
9081878
7166068
4566988
2404312
4810366
7655495
6417096
5999802
5231953
2108251
9058902
2190839
3986178
6767456
5547529
2321223
9606117
2358577
1707180
8339135
3709204
845963
2023004
8473558
9057324
1955464
9707317
4856891
7925804
5381340
3347466
9070128
6115815
7008856
4805103
4508975
4446725
9603711
4078195
4391023
2392909
680767
2748054
7048153
7777472
633144
6796901
8097814
2489840
9078072
2792832
6238601
4839270
5075516
8184007
6058150
8451563
7161629
9095578
9157800
8037660
2957395
9831241
9201472
8233077
2316248
8789769
9721941
9590319
2538771
7994941
7675643
9957687
6157351
687039
4209417
6585858
1877882
6708455
8778550
2435021
2781663
2451056
9354896
1922719
2583725
2586880
4619723
2174873
1925645
3190954
8039609
9881744
160408
2296967
6208505
7106422
1788676
6459425
4873516
6822666
2605896
8856423
7220115
9171861
7057984
5322141
8393863
84006
6393257
5539477
9228990
5063703
1812938
1873469
7874559
8892501
5738600
7758301
5594471
3887478
6184236
6270009
5327966
349070
2484999
9407895
7198670
4355962
1329143
4601472
4299572
2284683
5268347
4103395
5685251
385488
8523210
3744496
7232714
5415845
4706252
1752667
1087465
6126316
2819850
6222462
8133883
8198916
427749
5236586
8386984
3208416
7716984
2437701
8356596
7525854
9645741
320011
1874524
765526
7701413
2910703
3633239
5715715
9763494
5724304
5522692
289296
3079314
8082127
4169507
4150238
9113011
6852310
9897684
3203111
4180544
8259231
542586
6161789
6095970
1069377
4987000
2878791
672040
7977676
6453514
8899172
3280597
106597
5695148
8532644
2041553
4119420
3142716
1693673
9049980
9193301
6808936
8136463
9680066
3041849
6467184
4496694
4675703
5554019
8955967
9778888
3301688
4759166
8700650
9364399
6883997
6431200
4760013
9548451
5276292
6584799
8102730
2665418
896796
6552382
7988259
3127755
3557259
7305312
1061705
3102193
3962136
4460468
8781026
1041098
1877526
3141714
1271284
827529
9396996
2792674
310889
9007830
4553817
946942
9504357
9726706
4428806
7808517
290804
1739684
7248199
3045995
6511206
277240
4970306
4455103
2387447
6001708
6211062
4254969
8567607
7654532
2112009
3339333
1454654
6073001
5174297
1993655
1049714
4147693
5113293
2017331
1735261
1894520
7086992
9724504
8389992
33460
7064644
7594560
1732444
1906360
62841
1995983
7894200
6847434
1476954
4094322
6915948
2421473
8133997
6131237
5336671
5170129
243993
1788223
5382609
5167692
2093136
9694127
3060731
5442597
6010235
9744584
5397821
9966462
2809730
2283351
9664531
6393880
870007
9302313
9358162
3960555
7841677
5877941
2996500
8155724
4941137
8265595
4188517
3427824
8126221
7560847
6231560
5799326
273548
4431851
8551714
3920748
7952784
4301828
6989095
6574742
956692
6915346
6604695
5204059
9713415
4043252
14838
1469887
1444963
370378
3063609
8330998
5939085
8534744
6199837
933981
9533886
9315350
4032916
8639269
2350834
9551242
9488628
8303769
9168499
8818394
4790007
632802
2705687
8053221
2306028
1342701
1585533
7029746
5452132
6426428
2398874
4211857
8196181
1884009
6243307
6987723
3423399
4092804
2936310
404147
8009294
9213285
3757955
4681228
7436711
9556975
5012735
2085148
7486710
8493022
93755
2538062
1641609
9093960
8818340
5950092
3400602
4772013
9061002
1533874
9926068
7743905
263480
1271610
1597587
4050855
2159615
1257714
9998933
3127172
2788879
8307018
8728326
7767172
2639989
6798431
2336700
3344863
3397604
1266000
5280856
6728517
6275741
196289
1102961
8835438
1590975
3851899
6010770
3986655
7816557
9243641
5544455
2929124
1954741
7084894
997349
8223365
9522469
2292533
7718191
1799407
891726
2614964
9054262
2374454
9020936
89292
9274530
6962413
1169084
5561216
5238078
5692634
3460865
5559217
3748896
3506649
942025
6232194
9142886
9378755
8005830
9729552
324924
2323661
8336443
8385501
3558697
337883
9353259
1312021
2164225
9364423
1076522
6618385
3807224
784735
9416114
4311993
8135607
4228031
3724204
3603425
5169144
5250386
2962681
2673867
3311102
3149958
789896
2158874
7834894
5992007
7200060
1612016
171176
1986535
3900640
4849043
9007193
5907536
5556630
2840126
4812875
3579969
8286406
7121521
2702151
1536710
30192
8907682
1924877
8609672
5166487
7100275
338191
1175886
9182252
6174331
8868192
7162918
3080699
605817
2650899
5929883
9217016
2808295
9503575
9093240
4738146
2113389
3822686
5411389
4018041
9103836
9330366
3533284
2578578
5329303
9346057
4433770
3766527
2317683
6108191
3693184
4904978
4106461
3986044
8913292
2985448
8545703
9024239
3397407
900346
2158916
6115141
2288492
6660870
2544049
4129251
6964213
8089683
7555200
2432578
1248464
4691786
9192830
8888762
6320923
8498748
9201222
5048436
839042
9476884
5356310
4534982
7373562
1070981
8195849
1281133
6270063
5878261
3355803
3091716
1409069
8326088
7008103
3784759
4789361
6873252
6020751
5408381
7743431
4206664
9094748
8213272
9121081
3220715
471523
4215159
8321805
5955418
4339804
7330930
1284031
4172967
4784079
9189696
1991366
4656281
7295844
726294
2057530
1509251
4213668
435616
2535132
8346859
6216605
8233174
2150646
3971056
125068
3044153
4913963
7820883
3441215
8621970
9323758
5004015
320123
6327866
8480272
9827620
6799493
2974082
842357
5803780
1802482
1713699
6813776
1290495
6245014
4938419
2465495
3754970
4078753
6201514
8159230
650254
5985531
4491212
7835035
2116285
9232730
914230
3844310
9553638
5495954
8522500
4593184
2996150
1078020
2937612
3338162
1870697
3785563
5378780
2379597
6574835
61183
1922542
5808935
4325121
7412910
738656
1744738
5428480
3729418
7057900
8414250
607509
7274329
6948797
5961418
1609109
1083546
8437204
2435351
7210833
8069817
3527419
2829878
3073216
9376541
7533105
5228845
819033
9428410
3900739
3369931
2479514
4721070
9602560
7109199
4855492
6150582
9659968
2977841
380803
2565906
6969123
7023815
4083847
5830255
719643
1361747
4641479
3537582
6102329
1136737
888857
4261617
6779661
7382385
3296825
3544722
9008280
4824102
3492515
6178237
5071392
9296442
9828728
2007385
9910312
3897081
3468214
88109
1177948
345402
1150215
1116704
2513405
7198749
3321855
5718313
5015558
1458497
7975037
6487015
3429371
7069641
6974636
6131642
8561452
7732201
720094
3290655
8732281
6852338
6370481
2150532
2220704
8956517
8817323
4102587
2717583
5452970
5100745
9286336
5349650
7643457
3922012
4020778
8875049
4266522
5856444
5987579
2855503
9553189
4375184
8393254
9221535
9838548
9261939
3948154
7981513
5629662
7264231
5627857
2275173
100124
1169299
2788920
9493180
9481592
873851
2857625
3675006
825270
1093126
4206507
2196246
2230790
296541
3045078
6065703
1304605
5612826
3842266
2300549
3037242
3469403
4917178
1008255
1158122
3200317
3416227
8935606
8181623
2758960
8956231
5374064
1745002
3701109
9662245
5213444
8859455
757164
9892343
4663185
7886049
3357618
195168
519520
2958974
422034
5579413
4110258
9880442
6520086
8130929
9664735
449744
3051088
172187
5641682
8835501
2401319
1731076
1674990
9054674
4480652
8969406
9245417
3237969
4044871
5906157
3892713
4243558
4895753
3569807
9587990
9731603
8593422
91158
1290547
8470034
7020575
6129388
7852494
3127183
4302118
4233326
5929343
710502
3226034
4965563
278097
9664905
6493178
859067
3717023
2279048
7964836
4687305
466596
2846894
9587555
757253
5497444
7166503
6753629
3837924
3527700
867442
4028917
1275527
6692118
7992653
6663653
3227496
7593692
5804565
4105006
2640015
1009568
8485887
1436270
3833748
1582303
3270713
8955833
722709
2815256
8951720
2629923
5292984
6797601
9086563
7728335
3899400
9632170
4673453
368919
5545496
8909822
2434606
8027013
1838025
1100286
4807106
4867635
9649736
8847749
7418779
8175710
4341076
2544066
100611
4966170
6115570
692832
9438656
537436
5488864
4517361
195709
8121142
431868
1211371
8484750
7633285
4289357
4969723
9860452
4339949
2135242
7958188
2100505
6409245
3510461
8665475
3164514
4824864
7905033
3556189
6371032
8959996
1745400
1640520
3190590
47820
3618564
5710130
5019408
1641141
5722792
3401703
8493137
5601503
3870937
5853298
3900234
2069471
4040590
8057858
1646922
8360152
639709
7849044
7403305
6074265
2242933
5919979
4173847
2135682
3072403
9974567
1391709
752608
2910739
4933583
7810104
6680430
3291520
2696252
2630814
3313600
6973537
2154787
19714
5426890
373344
8279057
286745
3650331
2587734
4570881
3733804
3885348
5012803
6471519
3774386
8423950
9922410
7539729
4359394
6016859
5028844
6790094
616982
2276304
8836980
1492354
1350209
7712541
1000195
304812
7615684
2088695
7469531
1296115
3817051
2587708
2446843
2155791
8359013
7164415
5159188
2316162
2605032
8818876
1530403
6803977
1626999
4483807
779966
2283521
2816335
9360018
2182652
5541932
7593834
5001865
7740020
1232790
5758794
905664
1490035
7573192
7994243
7644822
7323038
7655066
4948228
2002421
7755925
3767400
7646491
8600329
6202044
3892612
4161252
1280608
4161897
3603903
5370137
79264
4720885
6211113
7772546
4739418
5331093
910550
4598534
4060045
3213095
5419607
1810315
3804080
641378
9492933
7455863
3636286
7376817
5436457
9657784
3439611
8469136
1176342
8251366
466857
6378064
5600529
9886189
8069491
6047851
4466078
6899861
6257312
8436038
9116936
7681735
5035839
2188717
6119522
1114110
4818179
3828121
2463718
9265650
2715373
4223358
116970
4300241
8079322
6633959
9876002
8505196
6792414
641596
8718021
400158
811805
464604
1885111
8971576
5910726
2410097
9280704
7001887
2522610
9942333
7820022
431376
596588
2382207
409909
8332074
8920466
232610
1662114
7625003
8142398
4163309
7349078
6876964
9498498
3618288
4141116
4252158
4057228
7672137
4729387
5679353
1594051
6204625
6385273
2205053
793015
7021479
1644482
6119941
7917102
8893517
5779025
2241217
8182780
4017977
3096396
199390
8146946
9015765
5816117
5648641
7432589
5874763
3008772
1818085
6299674
9859985
8928955
3642491
176174
4270307
4435120
6238918
6967935
2940750
713423
3938609
1372014
9175069
1047381
1914167
6186216
7361039
5597989
9379555
4015454
3010369
7524493
2967886
2354490
1303893
4783298
8939834
9613901
7042437
6301372
3987896
2211520
2699879
685984
5285372
4785819
930283
1128540
9374352
9433613
7408244
3451967
9721532
7909034
3116265
7831935
2717033
767643
8766940
937840
8019921
8798263
1406839
2835901
8646374
9515005
9242395
412187
5476409
9007338
8262481
3359381
488590
9156536
9548433
4958195
8363937
4120419
2365169
9050937
4177441
5327260
3257104
4257060
5013534
1664405
2693054
3685403
8198502
260418
8428488
6328696
6616603
749833
4935365
3471792
2081737
9473610
3852821
7102654
3885055
9390748
804302
3789846
6437416
4026711
2886327
804901
9592695
4827516
1071292
8552000
3152250
7431090
4040602
2221032
6375016
340911
5626097
1647546
2528228
9798035
3154330
300503
1898385
4138984
8599012
1458610
6274832
7204198
4536698
4147031
1254151
9648217
8022663
2337441
6774023
8911947
3322724
2583583
8097812
3304104
7786917
2958948
9095808
9548716
3134808
729924
1247842
2165976
5729968
388875
451127
1286165
1033593
4340274
4192454
8020911
9845474
7827979
9792416
8751136
7502653
4742420
1792700
4449846
4485987
7081395
7545723
3659723
4340450
6369553
3488821
2204982
1941050
4297969
2879903
1893019
3645499
4898792
4816151
6323522
3608844
8443612
6603241
4387662
1916207
1856061
4769904
4596496
242780
8136460
9422803
4040756
147266
5245528
7506068
4450914
7294765
7746434
7909330
2324555
1837491
2649301
3068075
488554
8860148
4937462
4552587
3813334
8455465
8332887
6025852
7336775
5428965
9550202
5616674
236436
6257195
7423231
5071536
6425114
9145126
4264768
7470526
7761033
3334163
592033
8073367
9885731
6270538
2774133
9636429
5572203
31993
7342241
9250890
4792164
3788700
3931925
5144068
7955886
4117105
3244668
4738546
2340925
5771695
4696288
1928470
5577995
8075871
688438
7133959
8101128
3771297
4414839
7271312
6061630
9324574
5884709
9964236
8839302
3695383
3020517
475033
9213020
2554345
8489759
8182022
7829230
1341327
4059226
5944610
7662784
1087159
7861195
6308301
3706612
8940819
4144635
6268880
6963227
86124
7626479
5516465
466361
970123
8330779
9552097
6327526
8231981
962196
6461081
4162580
2393652
4704613
8139435
6283374
9461717
3654363
6071959
5012845
2679462
7091908
1091585
7324145
9226420
9761522
3630482
4541595
3531129
8848730
8186337
2289662
3375534
3101799
6510189
4676509
4045665
8590693
8861008
3639827
3451827
820933
7634828
5198693
6857591
8551236
8621793
3871041
5329162
9857241
4671927
4000515
7765721
7738247
5521609
7495506
3772244
1719948
3250280
5869252
1822107
3875363
9206287
1438859
6268849
9436245
934850
3690808
4505821
7234637
9744009
7632793
2680999
1973014
7051904
690513
2461660
4798132
9873594
2744535
9386935
3383500
4551563
4358586
2433121
7491998
2327849
8467683
2480173
6827127
3291406
853227
955687
6225903
2998365
7901284
4829805
6915386
882055
7462499
3662176
6416927
6002246
3714751
7956128
8263698
811410
7226349
2013159
2104026
9526017
5516321
2120950
4156946
6143873
9511663
8802129
5921069
5438918
5872929
82534
1387901
7546242
4279298
4208527
3851854
4395973
3579147
2634359
3485026
4782326
9687901
8301690
2276507
7916156
427241
593969
8902879
4283409
7169530
9305412
7987390
5679110
3634326
7188733
5066124
7271134
2598970
2993472
2341905
133268
9978756
2717067
8474477
8059556
6462402
7952439
7329545
97739
6678783
7855918
4564786
8004962
1361908
3811215
4464599
5761934
3798276
2036064
9131123
4603216
9176317
9365146
6955172
6318801
8220244
54946
8105217
9135531
7632606
4303077
1950609
733948
1781489
5579510
666568
1485682
5970913
651389
2080400
6898478
7033198
8455931
867247
9089744
7537428
7074985
1370805
6254211
3525479
9558945
1390902
3233152
9549644
313429
8737523
6709226
9293682
5290359
1857099
8045617
6463977
2253708
7518227
4182602
6466314
499297
6510748
1754955
6949038
4519473
8582460
3541085
8997250
7593347
7755152
3404266
1333510
1730638
6607082
5123578
5168784
5797654
1759430
3009981
4585091
1493940
401032
4726781
3688044
160298
4917895
3494017
9862072
6963711
4725798
3085426
773071
5692357
6796301
3934513
8691400
4904696
5342249
6558166
7878935
9763645
2011112
7616185
913937
6778746
1676013
7659005
6921038
5461315
6381168
3712563
9771827
8039455
5846481
9134767
7242360
2371507
1820796
7817294
6016666
9098911
843713
9316592
8839983
3379784
8253236
9777410
1990109
5151531
9923910
9277947
2935050
2422528
7206630
9277999
2395783
8213698
5654442
7847522
2532021
8749897
6223831
8469511
9195
7703361
3269950
46070
4956659
1172151
9079583
3502107
1788852
4921952
1686326
2349050
1454985
9464267
2139393
3495978
3870222
5919422
214494
9356556
1902210
9964274
1562524
8906738
6656324
2926109
802071
5525198
5637737
7885553
9369103
8786747
5175292
6646081
5457466
4269061
2577453
6334107
5262872
6766197
8164730
7680834
7667139
2311846
5301028
5874184
24634
5296949
2241210
946496
730959
5795020
3333476
1178044
1722225
9794971
1822921
4972386
5561611
4756206
8843822
8989898
8678309
9910547
5735588
8835084
9916675
5226669
8736988
9554581
4227735
2664789
1128370
3675060
7769101
9557074
8126337
7039810
7234252
7478915
8660412
4147150
3271909
6878403
8749047
9790101
1500762
2074911
9386874
7748984
9985969
5363050
7857775
9239828
2758433
480119
9743934
9717373
8868344
5460834
7281005
5977410
1649652
1578197
1785308
7182873
633309
478692
4168707
7748308
9204396
724922
5963886
9183747
878383
1431763
1824577
2600121
9434370
4029502
8465273
39499
6117129
6203708
5248113
7010097
1664959
4417006
7566418
6420874
6349381
547982
2700399
4688116
6016837
2782775
3563985
636935
9131582
2471811
4775134
8485867
3951846
528297
6827115
54726
2309710
8917574
1600428
5422803
5766059
9370558
2856507
2357584
4353745
4836095
6018377
983056
59217
7718769
2158378
7067312
2978720
284440
88767
9363212
7488844
4458816
7298640
5321983
4080175
3635777
2290357
2372341
5162949
8145621
7360315
430151
4952736
4981355
7029635
8315829
261501
5725310
7720730
8022466
3351096
2141110
1267891
3102081
8111096
5813574
5776460
687638
1299839
126900
7882346
4473982
3395556
9093782
4582439
5700424
2037873
7328321
7996111
6817974
5022492
800422
2430597
9551511
6232236
8611691
6132646
1644710
4505343
2202658
6268746
8016849
4483392
6545014
3767941
337403
2939108
2702273
3684074
7980079
768555
3389859
5467858
8583040
8730103
9156926
5000587
4317239
6752007
8156353
3685268
2599106
4344165
2729408
2525261
3945419
2492451
3112707
4495781
8490522
5583636
7752646
738344
988386
8934907
1549151
3877093
4150158
382630
7035188
5365801
3997143
1310155
3624019
8205703
5448434
3958368
3130052
3288964
5823618
7794487
3606382
5100347
2352736
6003365
6854972
2110718
5305094
9521012
4838238
4001893
4598356
8690558
7070961
138983
6484404
867425
2856061
5905214
6082762
3871353
9501730
492182
5359209
8699525
1984737
1909742
6422523
9097430
4603325
1140794
8770218
7994697
6927849
7775486
5147763
8227555
8110203
9205986
2436086
8843493
1978900
1069102
7085453
6515374
5157424
258109
8750605
2134341
8625149
3295907
5700514
9829694
237731
2430245
6737919
3089964
9737862
7332778
9273321
7470760
4385914
6986208
6444096
9205372
1546387
4167360
8908091
5740801
3168646
6963486
6163007
7489856
6260620
7520347
4621214
7474490
8090530
6667970
1515259
4648312
5679017
3376713
986040
416191
8400529
4168725
8206440
5770295
4147119
6476671
3218228
294631
1577890
4863744
9361014
6060202
1785336
1267386
3274927
8699857
5699510
3368419
9510207
1120629
9986470
2053108
8704659
8608918
3339360
8222459
7373610
4501461
2459187
271069
6323154
1946330
7993297
1821255
8578489
3953963
9505260
8922227
5225882
6694935
6421473
6466891
5562069
6801476
6374482
1112195
8843968
8320359
1019298
3729663
1091047
1195549
6985361
771499
8051077
1912423
2696470
4222156
3739587
8497202
144320
9489741
2084129
9799114
1659711
7360540
7332414
1541145
6992735
9784307
3753931
5455082
1228084
3184086
6998246
3273119
9825269
1719612
3794124
980747
9135752
6139694
1695693
4565619
547874
7057807
8941174
3439056
4407746
9200871
4387850
7602519
8283825
7930107
9175365
2042369
7891062
1738117
5061138
8307237
5457015
8665437
8949758
5686345
7714889
1369941
4425256
2328766
2661616
5761274
8835338
7053919
8175896
2824262
3027317
5022082
658888
6636004
1359043
4942394
4832520
4024108
2257865
4407585
574647
8340558
3330316
2142834
4482284
1676401
7662393
7486302
9673129
8855561
713009
1294613
8686394
3027017
6426907
7402141
1814197
6905513
7158744
7680555
7467643
5072610
6632171
3362347
5171321
5530563
3646442
1919254
8128638
9899798
6345308
6916555
9125000
3960220
5671295
5201175
9418156
8253659
2723037
4023412
9552605
5566793
4432620
67387
1001577
1122112
8604846
9196474
8986578
5152179
6719304
7063319
4241858
9645037
7027834
6465449
2203554
3080202
354294
3567967
4310014
3595432
8100643
3671793
4259203
7717463
9158773
1458547
3754233
8905345
9257386
7854125
2011694
7405548
5125058
6911812
454524
8756398
3593547
9061237
9669902
5162563
5944375
6023022
161618
6633105
1428453
9073777
5490471
1708719
5304390
3619330
7309806
4033362
8889980
8697884
2555182
630657
3047505
9649582
8485173
451347
3335208
1933953
33867
1412320
4506459
6887956
7625708
9955664
3478695
4157139
7368275
9333508
4439527
2593506
536526
3165401
5809766
5485573
5947441
1057379
6337866
9376397
2864620
2743208
9696006
6524328
7887512
9443248
3818572
770288
6510676
4876771
1556316
3226767
6099702
4128082
5332805
9147982
8040292
8680051
2145577
875412
2481056
4493813
9338690
3240789
3248912
3217342
8404439
7528695
2218184
5981185
1576518
8508686
4647962
6914464
8794053
6824658
4752127
2738509
8029209
2029737
9444080
15704
2020157
8436168
3936174
1462626
9978252
222955
7812208
1812771
4556059
6679520
4864950
6824636
7549035
7904036
7008510
2644259
6428596
8305476
8031456
3094679
7929110
6426872
9558148
4882267
7234768
3367097
5470347
296357
1880714
6982704
1636517
7400598
7504342
5316146
6359512
3004435
5981648
4565018
3060780
1963858
6255270
7818152
7628933
2894256
3977982
1232546
5133832
1562510
6343539
7020240
5566593
4407323
4086223
2486111
2051586
9066757
4736195
5943939
1914081
4907117
7478604
6258093
8611374
4883977
9431274
9701651
7997083
9360364
324220
6379884
2278140
1250156
2283511
1350395
8172373
7605916
5795346
5012160
3741510
8325810
4502988
6461077
5677567
9712153
8044721
8678708
8782967
2848055
7494481
3402618
1834274
1325070
6225739
3974582
3325042
8371453
1716391
915787
349081
7346049
9746343
946964
1868729
310107
9040466
5571788
8127828
3429246
2977703
1283086
6549763
5832232
7616995
8641231
3330751
3240972
7128117
5626457
581144
914435
8271342
9650900
6511840
7509576
3705693
768299
156887
2659136
9439124
7488057
2002301
4888127
5025611
6783086
8833272
1969433
5311066
8269442
883197
4024605
2707589
7898807
8914338
9390825
3741256
6546358
6669687
1123592
7556914
6928219
1172347
7652622
8468179
4241173
3553274
4983265
7845665
8265674
480256
5135410
5510062
5932536
9738645
5854341
7381329
8432594
8389825
7398866
6736356
9474176
4144153
7153896
9504901
263151
4520205
138934
6248419
3308152
1307816
5818024
2140411
7306952
76729
3872575
9277332
8327783
7076817
132613
9325048
2318292
6554414
4790610
5070956
1978475
746589
322250
3416184
4570864
3741518
18623
205519
4449813
8799460
3490699
282935
6719342
1303198
9583737
9247923
8534413
8543934
8290767
1104306
1165954
4936086
680105
2400858
8621869
6914274
9180268
974615
7386299
8084821
5780516
57250
7389864
9067943
1560495
1279348
1018273
8066681
1963780
2829373
1471787
4825045
7315320
8085056
1264523
3158924
6619276
1722923
6777944
8803899
2456864
2719503
9650011
2758178
4101996
7610248
2315475
815427
2315877
6975362
2038993
4640300
9922805
2033275
7950887
8516774
9748585
4066977
4566867
9200945
4581020
3455616
1763226
8301157
8976938
9071632
883154
1687183
9943573
1479336
3736851
7259221
2124653
5848441
1636560
6574776
5868948
6980039
1226553
8925752
7722725
7546454
4317946
9275987
6898926
5367522
2235375
4119526
2907928
4947539
2561155
2945793
270537
1903294
4370268
4429926
7038696
3070846
6898877
6238935
7588003
5953426
7267821
8446380
2982119
1598259
7036997
7235202
9487467
3735740
6944550
2960292
2690208
763390
2134409
3065375
5398901
8609684
7425171
1621649
404521
4582702
4139946
1130017
1099276
1655468
3170338
326322
5386379
1076970
8377896
6810625
760814
6178197
7645003
2123350
3118144
7004306
1068533
3197163
3047671
1514658
4194327
6781143
1062951
7053127
8324503
8210906
3798348
464623
9921322
5888685
3982014
6883168
3188515
9457920
3542023
8889787
8293459
7710744
1616901
6227570
991623
688643
2370160
3306079
7949167
5438635
2597009
3236993
2570859
4980852
7853190
1674101
6038080
965013
2864111
7597628
9586997
2157382
2348750
3635940
3141568
4939174
9609872
4289299
2688665
8514719
8502425
4864083
4048000
9294481
7419724
5456143
1026479
9634300
8056303
7839598
4695824
9846269
4482628
7624087
3867003
3602701
7430264
5192905
1645053
6418612
9634190
8188413
6171812
4104342
7373253
5510770
1965720
660431
2389715
2979666
9565496
4911298
4628943
7111321
7862632
5970154
856749
1540692
8443225
3845361
467164
7013330
9811547
4984298
4728014
6817589
1683893
4768552
158850
6666605
4227818
3989266
3864196
673235
2714503
1167688
2781272
5374109
574729
5679676
9305283
8894695
4084818
5351148
569783
2205073
2478259
860703
874747
9292043
9296400
5973052
104257
351332
8622798
2032613
6699439
2423847
8802571
5154814
6888155
418090
886995
7760585
7900772
3173971
9505749
5251077
3743876
6581401
2970794
9996416
2150826
2146355
7176652
8197513
2675942
2276883
6718486
6451392
4788980
4710257
8700434
3625159
7055168
7786461
704583
169022
9613576
2436026
6299286
1255083
2190702
9216568
5892188
3975702
93616
8899941
4524523
9474859
973315
2236827
674556
8010301
5245742
3921726
8448179
5490763
7057252
4887862
4001049
1236147
6409869
4742022
7841953
253672
4122248
6508006
2471463
5063804
4833332
5574226
5948969
4750978
3647281
250085
4445615
320815
2600548
3824882
5951842
1323091
2944049
5013398
92882
3506415
1404824
7216002
3929275
5752102
165231
9678536
7948923
6536779
6625596
2410906
1534534
2991713
7431469
8534295
1279697
674088
6846064
9336918
3132491
8729049
1418962
3903164
599573
170871
6501820
2638445
9941008
2440638
670677
6703952
5972592
9611373
2895513
2767623
1973121
2798817
6819189
9740430
5785312
9491641
8087428
5242200
9394256
8541255
8562174
1428749
4547672
8789681
2022719
2320610
3313235
8659529
7563327
2109375
8513888
3529855
2727233
5958540
545015
932811
4721234
7454079
5327032
4213007
2039372
3170832
6662552
8426180
3685125
8205466
9993478
1190651
3676543
7164222
3496569
7813626
1085152
7884875
2629997
9500060
2031183
5637019
854812
279661
7054063
8449759
9848893
1088826
9187320
8415266
246226
6501113
269835
6431424
6730358
583358
4884376
2709110
4024154
7746127
9120413
1406368
908986
6126485
1420791
4973043
3882017
6635986
8486075
1150595
9652036
5947239
7805225
9497257
8444390
6864868
2021232
3449002
704865
9904605
3282735
1466593
3325240
4696446
9857285
9969554
7458674
4368031
1151561
3451808
9821867
2499501
7065371
9379060
4189979
4365941
8346119
5458865
1410893
1708284
4764289
7648333
809652
5600937
87416
2954240
5039122
9369527
3996409
4757608
9760519
4259453
8166613
7592987
3570963
1329369
8960478
3272380
6153740
2669984
3808809
1750663
9875596
7773404
2007514
5476496
7505961
1387378
4059614
9412810
9723412
8372507
8466005
8312220
8619062
7889396
2128327
3678392
3332706
6345604
1114706
6327665
6862561
3137757
292204
7625234
5616319
6435625
2643524
7221819
9579282
6250433
4363588
3758463
286743
4503208
6369271
2220271
697094
984211
9653935
1591653
8159544
3273688
5369219
1147575
2708530
8957549
4881505
6793219
8561595
2595110
1592627
1823091
6433838
3295270
9242345
3912661
9586232
1504728
5455577
1534448
8103623
2244380
6050288
6390656
7553862
9872834
7053961
8169413
5011484
8951113
5284649
2939035
8881645
3855060
4964726
700531
774313
8651601
6629077
9701704
5548577
8140571
7976588
9061417
7547040
3373151
987468
8549920
7306772
885090
7609935
3977293
9388608
2559370
2322916
7392163
5639710
7950653
2300170
4795688
2322493
9115415
5224920
4040827
8035954
1093383
7422433
9906961
2583761
7760194
1168974
429500
3188913
5594970
7958304
2427572
4566275
6980770
2527206
8105112
1176627
2338184
4601689
8744152
4489739
3158296
4387511
4271186
964569
8978102
1663983
384202
5177073
3149581
1217178
64588
2044310
2070646
7663501
5382033
6281826
1237251
6429256
6765228
9645024
1161483
7192928
8184125
8433707
751907
8884684
4703014
1782351
6329718
4944955
9508543
2368648
486756
4907127
7153050
9225344
7181545
9463889
6427781
2161859
1804844
122263
7813352
3041471
5383516
1031267
6964369
4926504
45830
881118
9397509
8185418
8617826
4793181
3431245
5165174
4509089
1244621
2953147
1313054
2896251
6845776
8422775
6453082
7644843
5089169
4780326
3318737
2973407
7922586
2325060
4953087
4156592
2138978
7028820
6505161
5337537
9861018
2386838
1248369
6259685
7477841
6082486
1360805
11291
4592011
8226871
6937454
2089207
6210222
5415458
1543953
1997450
5729308
8172462
55241
6031362
7837691
5320384
8430109
8235361
4780426
3161344
1946602
8058875
9351184
725974
5396546
6559175
6266095
1380234
2071232
3815610
6018054
4837265
7669722
8006679
2871212
4170495
2570787
8980425
1841796
7906869
2408243
1766104
4165404
5878809
1917130
4296665
331973
3109918
3445873
4351712
4070987
5353331
7911759
845555
8471822
5959112
5264417
7280464
9417580
5221885
701783
9732453
7487543
6213914
2377848
5944228
8051046
3823535
3810512
9166839
9491837
1320373
914133
4721011
4895983
5346787
9234349
3760468
7942018
1046930
5660590
8304830
803193
8252629
1947175
3390192
9626923
3901234
2878212
7303916
3636488
9653776
7071739
165954
7032965
336824
4279327
7334476
7820990
9715310
6807384
3109487
5510409
7707789
3034004
5739375
411301
6725114
5427774
857257
6406620
2817990
57191
7454533
8107729
544751
5099223
2972894
8397615
1049144
3565821
3984184
230075
5561332
2792840
5144064
3273739
2851099
5385518
4838402
3737578
1750712
4247091
3083075
4915393
6949
2985391
4524133
6783186
811306
8874497
9615044
4359304
6081612
7578913
658643
2983157
9143663
8465016
7494501
9142362
3256798
1043654
5207510
8109618
7924492
2795217
3500001
6556508
9638099
3388139
6557217
1301406
1497323
5084775
8454496
2416246
2273602
6531125
2006624
8988159
2639489
7402960
276360
1932568
8864192
8878643
5767525
9122055
736291
8135159
9642108
9423059
5791595
5842313
743437
5112931
5918885
6736053
769694
9115830
5509788
669956
8677364
8239741
2945708
4378722
2837825
6155069
1991619
9828207
8308084
7524357
3832824
3481220
7744892
3827296
3756525
2472791
3092998
9966494
3929369
5463363
8550426
8032369
420214
3449276
8127873
3447206
8261346
4661691
1069489
1315535
4510341
7600400
7490201
7452965
2035412
8897058
5795091
3108529
7140930
6482980
947774
1409008
2303526
7778778
8424744
7736576
6224352
3114069
7841288
6165209
7346247
3077989
2521611
7918247
4428144
3245616
791973
7215815
3576783
4427234
5856502
7831361
7703691
2669249
7855616
7696037
7691699
5872776
623719
3295000
2896399
3794518
9731655
6779981
9943735
8565404
5009467
4515213
2726488
3541630
694250
1382525
4437387
2204737
1869190
9730991
8079747
9771353
4265553
9768250
4405916
6874191
1353356
5907465
9372711
8401316
13911
9183002
4796802
5807351
1998644
4057186
7953197
3911389
6884037
4142090
69526
3587094
2084369
7135318
568202
5111219
4909017
1432121
7315736
5193967
1661578
2172471
4722055
6610367
4531701
9686935
2498085
2395080
8734178
8747243
2590830
3525109
2953686
2121709
9369676
7726174
9797321
6832565
2520922
4557315
9452447
4506465
5325725
8632262
6459174
5871329
4111321
3029747
7002885
8075558
6890285
4661738
9218303
798289
2267591
331267
223528
1666910
2382675
3335015
7789560
5947208
4120545
8221143
1094635
8038033
1303982
4306886
2023968
9802201
3613624
395724
1256665
5360597
1087492
2895974
1529665
8984395
1224227
468656
1363028
6362688
3265627
8826567
8519115
8376863
9721311
2386500
6172537
2030005
3179171
826520
3306020
4890955
1958165
1226870
3259285
3756456
5412228
2527029
4642599
1041321
7930315
2704213
6607983
5069152
1071849
2927658
527369
6789847
6437706
8411242
5932491
132045
5262560
1348850
2816804
147045
788492
1328096
258852
4416541
1917647
6401794
3031799
4366768
1932552
6816648
9722363
787359
7660916
9885882
6671668
4135841
2146396
5241137
5258487
7930792
9203100
22263
4283382
6778703
6021442
2673277
6474731
8045171
3936785
4790013
7884097
8194231
2531566
7310386
71803
8291071
2536652
7158200
8163177
5683165
4364502
4549690
3737864
880976
3537348
9174483
7485241
7075111
1544075
6937677
3248827
1067086
6243885
8644769
3975143
865718
3472674
216850
8174052
9391322
3811589
3235859
1606665
2709760
268275
1229434
8553543
7322759
2303945
2391854
8204546
6241049
5079460
8262090
3423222
7591529
6861049
5369529
6044915
6271875
5004363
6250776
2903964
4837381
6914357
3340992
2879285
8306826
435211
5652832
4598561
1152497
7056162
2678896
1218247
406268
4166556
8378180
7390531
2532908
3199106
9100293
8176387
1705851
9069421
1674191
5447441
1466590
5779114
326913
2826848
9456893
1552160
8788988
4635494
739412
2105087
5755789
6036772
8762698
4201098
8374689
2575103
9969779
8708408
8203582
3332970
9655725
3525712
7472485
5655574
5198426
2345942
3663651
1065584
3183280
9614996
724368
57994
342679
4582147
9055648
2464824
6638277
1738578
5698386
2433278
6530730
3831868
847355
6338027
8547376
9197472
3475840
4888972
5521887
1531863
701255
2616806
8041717
1733759
2347027
6195167
2930962
1187298
652035
1537605
8343492
3711153
4618202
593200
6032570
1666960
6113290
7276965
995178
9021443
1945308
7745777
1919390
5270956
9890686
5057322
276257
7235493
2952812
9208980
294973
8971887
8263395
3231693
6685978
3583241
8620442
7768238
4896360
9073134
3257800
9551166
3404424
2149024
775988
505766
6053034
2725079
9015209
32305
8956823
8759878
5237916
7841555
6960261
6147084
1228803
9779810
7739541
6878278
8081387
484427
9102703
6688049
8234577
5234530
3059213
8049366
4977361
9719750
6796653
3608715
7521401
8050809
6921107
6643914
3904272
854694
6858700
4013646
5247960
6811723
5400693
614500
223547
1812561
4811819
7294107
1992008
3070905
42023
1930546
5843725
6740552
7198842
9108964
4567400
6446691
1060827
117733
5675111
9667636
608669
6553560
7693911
725098
3186138
4412034
4060412
5303664
4673888
9606781
4399449
5692715
9596789
8719140
7663950
7402421
9725557
3991826
1829916
6843258
2919756
2496340
4300182
8944021
8366582
1822467
8992279
1422827
1007873
7547257
5588417
8584121
2874775
5093964
18185
6121016
3799568
9883507
8192783
5200580
1568656
7654361
6602985
7330196
710722
6694516
1228316
6037545
2761576
9977708
8292375
7657609
2109623
4838742
7013624
7621976
9877659
9352167
6368591
3750952
5820379
1990031
1020275
1211068
8898314
405735
1508396
5971256
1033323
4024845
1722307
8662379
3933204
2048421
7040370
6130140
347102
7581763
7567311
6969245
391684
5907987
9113269
8512369
4844347
2058091
9271145
3527857
9221452
4133262
4080770
2419113
708371
4641532
7547468
9718567
6104680
4637307
3093139
4376026
2981087
7202314
8058449
3548930
9968739
5992887
6145469
6795162
3167373
6813584
6650480
1593473
5831397
1107634
8523964
6265779
5987070
886913
8842153
7723360
2469290
1923155
2731987
2241268
1586847
7064089
2558362
4578203
7328285
7220959
8064628
1988068
4411651
1933456
9367488
8904786
5489802
9640053
6793781
4985304
3426111
9820700
2240250
4864747
5247159
9740346
6845059
9630322
4664613
3680497
2128931
3762655
8533519
1649085
1347306
7428404
5932761
804298
1027187
9016117
2332444
9271703
4605199
6348026
2151577
161392
7694344
5471400
9606667
8741355
9138963
7696208
9586886
1340832
7337073
1442701
5089657
7042537
2036862
1625614
1607184
7348131
6494920
7303384
3608484
4221725
6040080
4558531
1345160
9526837
6839074
7166883
4548491
2118993
1217296
5681512
4852875
3526658
916236
1877424
6462619
4295863
8556145
2049215
4199637
3692087
7059693
8542412
6183111
7925899
212294
8837909
627864
5470204
5476897
1656851
1268498
5663203
5898556
4333785
796561
1080545
588012
1106242
2536753
8717619
8476572
7267674
7148515
1299181
2179989
7422378
6643934
9961565
6805759
7070271
2837040
2798458
6393398
5060536
8913772
8124913
3765113
7539199
4583
9985138
3759480
2867215
8902219
8748305
1556289
9048456
5047581
263170
903875
190670
5449561
3827826
334140
168922
3736835
5466380
4025398
9330570
863717
8951867
932874
6392975
397822
4021571
1554800
1248522
1882216
8401637
8488993
6720075
6028416
5745615
9789389
4600481
110165
9569834
3906176
2716636
8840349
9641787
9616659
9181736
5486887
8810904
4842727
7151708
7153505
125823
7616885
274883
5269652
2048840
5414325
7619692
5631647
5039723
3285760
225017
9129447
4541126
737177
4645076
8999980
3000761
8734427
7189976
1314297
9218428
8723885
7267040
2896733
4749635
1745963
8414167
2917030
1160227
3551114
1162954
4951981
1327551
6474687
235979
672518
4494534
7197897
9917712
387728
4869544
3492246
6443673
4778337
7107652
3478041
7346191
5653336
9476339
2850832
9779616
8922612
690791
1198213
4730762
4028721
3854185
4430664
1481069
8821954
8681854
6649037
1444625
7566644
1046761
2957283
2225120
526516
8604117
6233771
4469890
6714107
9853861
8749473
4705106
5786230
7073030
5120656
2944481
3130011
8957396
8376676
7172648
5134614
8539220
1065687
5810300
7868052
4310191
9119277
3067280
8074388
8830325
9273654
1614143
1656028
3785140
1024438
7544963
9678665
5641373
8934818
1313040
9842015
4255325
1874150
7505923
4941649
2060806
6226068
6328830
2981906
9830952
806494
9732240
802516
7853777
1641075
812514
3675830
1419015
2593118
4810675
5521065
7781146
4369402
7452293
7679595
398987
400221
1511612
5242777
6111912
1447638
6484236
7657834
583234
6341162
3512911
3301640
6171084
5251409
7830903
3015667
7214016
5551416
8195172
4914912
4264475
7161162
4856510
2179035
9113724
2103481
7495547
7974089
9404
9578609
7472741
2481901
9510987
5047903
694886
4329926
3836704
4532767
5199633
4088191
740996
915389
6438393
625931
7891589
5570601
2716953
2066411
9742144
6678408
1533411
2360856
245741
9983034
8189318
2801882
3558814
3241710
4707354
6036794
6990498
5555888
7414287
839595
4151260
9965237
7262936
2300200
5528091
9575580
8661124
2778369
8473576
3247
3027551
5796082
1602260
5502289
2169227
5443178
2913731
3001162
3351820
9642614
691630
9008802
6242333
7699262
8441660
5600675
3452260
5374141
2228634
2593632
5892392
7524955
6270927
2089475
3286748
9291411
8917011
2641388
2717747
121818
9736934
5989739
9791214
6225352
8903346
9134335
4670144
8655891
8182825
1380930
4589760
4728922
8692679
9290476
1089632
3844354
8535529
4274594
8228053
8679323
9576740
1983948
1962592
2019801
6458563
9054290
3203075
5452540
3016125
2285652
5869899
6374180
4163200
5730763
7272415
2589752
7223538
8325673
7282092
4200697
3323089
5310254
5943178
815926
8310199
3311291
8076509
1474886
7195138
2303730
1195541
5842911
1271351
4053115
6476923
1063713
5317358
275442
5240220
6862977
7641232
4199816
8216824
2368608
9030316
3387403
871584
8527018
134982
3934537
3138216
1074866
632495
356694
6404590
1497708
8502623
941163
5639748
7934535
5799124
479094
454256
9664444
6285820
9060309
5206635
8231927
1116680
1414509
6758786
3179316
4629324
6775394
8443274
4143911
9548026
3082766
600691
1489271
3063199
5153999
4359688
7195210
6391604
8111644
2675029
4530447
938700
8935345
1118574
3705267
3719821
1342098
321608
9615178
4851068
1314438
4610635
1194421
3807821
2272420
4379657
3667509
8481421
5153123
7367293
8021087
9346466
7030214
921253
9189744
417370
705461
9621459
6418432
9850536
9535637
7929305
950380
7376930
7394923
5728426
9094383
3675227
2535775
9615407
2113617
9840012
8534956
7824609
8932016
3393900
2212461
7013421
918234
1911997
3420771
6741043
7928669
2017961
6533920
1945728
3950706
4267994
1065529
1132093
4443110
4339928
4386368
5643381
3573713
6555416
7161906
5280560
664743
3334266
7249260
4425058
3205768
1127831
3706843
9738785
9401012
3336827
3948631
4336764
7864547
2621354
6140992
5834997
754042
461433
5775401
5731757
4079861
8904155
1186641
2732768
6870512
4978635
4930124
7855993
6064533
311538
7481597
6049426
4037601
828489
5542470
1586703
8778171
8989839
6150265
3254997
7482139
4719092
4904370
2044016
6869067
3908694
7196579
5491265
6150822
9074015
8178961
1169409
4299619
692702
6636906
1015867
2153021
5327951
4008195
5392622
9501219
4358695
4817010
2001268
4104363
9572473
1579011
3642598
6730621
1808007
9998264
7554504
856813
712360
2247653
2191642
7875645
7610460
2275391
4386373
3356093
3340745
6853614
3942033
2158796
533774
1594059
1295297
7596557
8150194
5952225
4278841
9770663
8082774
7571168
5726111
8015235
3094372
9087413
9835271
9581264
7300917
7242042
5707436
7057882
3262202
5505835
8160805
5068495
1436759
8813475
1301271
3115466
9654164
8150977
4494371
8061689
5445890
7785637
3742236
7266991
9276653
9806431
9997144
6599318
3509837
9787454
8170244
7871302
8522722
4459936
6223263
9270237
3786594
4280003
5329419
5592895
3273531
3357673
5628412
3078798
3499118
9603415
8304522
8648259
2457752
7347147
9199474
5522241
6237418
2170361
2772637
9146165
4860585
3726462
7698904
2336814
2589868
4492021
1781503
9133021
6131516
1738935
8908739
6927934
5844407
9535335
9584534
1101729
4950473
675825
595106
3530956
2936905
1535461
9082275
3736421
7963029
1912377
2855601
5388751
5244640
4805863
345173
2178503
3346840
9499228
1256058
5529162
3052473
936293
5754713
8255020
545686
9465279
9542011
8760912
1717061
7894838
1874386
3414178
7596533
4120075
4862896
394472
8523361
6189334
2073947
8695227
1636530
5996279
6340805
3477288
6911048
5799650
3998137
3049157
231239
5004898
7581002
9741033
9846735
5246129
979891
6435951
341325
2328001
2545664
3585568
3477946
527813
8578373
4536215
2164666
4531500
1368100
588017
2350883
1016672
4369026
3726302
7538901
9606299
2496917
1525355
3421826
2816958
2553787
3822492
4194450
7003852
971225
4461409
924591
7388252
6668385
9390418
3129552
7460209
8326014
2016998
5331459
5292669
1027374
6840903
1620011
7428885
5617989
9001957
743870
4552548
4136619
4734884
7466522
4436640
6938232
1398451
5751362
515756
8069991
5587231
2696847
8091240
6015975
2830687
979470
8800037
7649581
3478466
397089
4174253
6695070
3403510
9021418
6621262
7554884
3508742
8779093
9122714
3611763
1527656
3698223
2837517
5941344
4435685
7622046
85654
6130555
7369536
403902
661489
3264851
1818418
93935
4860457
4387194
3323114
7878322
4941329
8994891
9403702
5282303
8924489
5336464
2494599
9278867
8519255
7286529
6692434
8088285
9837612
5601923
2380997
6455041
971677
2415551
9943678
5341500
5702706
2409463
3667133
6938604
8832624
3763107
9031328
4051300
9794067
7247498
9875853
5983833
7898984
5854961
3932635
4777098
4428758
505089
4610613
2277389
6065683
1628658
8641640
59452
8583373
9308761
1181337
4239541
2135625
6626888
6219348
4188670
8793922
2717479
450035
3799969
2044100
3354603
2678020
5047439
4729053
4248845
1470712
6372572
9555597
8076732
4076864
1590990
2182226
5991493
597923
1238124
2587905
8855264
1683183
4345493
4301279
7451675
8069777
2166577
3370894
5238139
2704230
7795737
4670067
2670927
7874349
6144951
542692
3316305
387083
2005239
5934587
4305716
4950500
7901865
4534451
2936909
9487192
1512795
4239761
9198005
243425
9044976
411240
2391422
3747151
317626
7934972
5119216
1527403
7496579
8266090
1224299
9666889
1363504
3298744
6032993
3133368
2631445
8762733
3532541
1323237
7926128
9016817
3847711
8700303
4278104
4866237
289713
3835281
7940293
728343
3082232
428572
6294765
8741984
6677050
6262963
3936492
1896471
5557545
6102527
5441746
6460850
2112132
6318413
1432067
5834741
7391971
3183239
8174227
6923956
8347548
2052360
5132273
4220376
2371703
3713938
1340917
9489049
1801184
8407904
9826332
1480774
431332
6000157
4771905
1691748
9688026
268033
30615
6766761
1281419
1105522
2030956
6106808
8164285
7689439
4606288
905644
5910930
6754073
4969387
1966605
2446011
3914665
423517
1757273
6474933
9399319
8200960
352028
4457479
19250
4056982
8675368
4262834
8369897
4467893
4145727
6988616
9290596
5396639
5615311
3160088
4440746
9174265
3392912
4102776
7757801
2925166
8917508
1937304
176326
4765655
3336087
2685771
8734054
3849610
7333935
2738761
4071094
9509500
9590467
6046515
3307738
3567733
1296140
6411524
2813044
9013559
183527
7050032
1875677
8994793
320939
5876298
8214864
33626
6356600
924526
2443158
621503
5338600
7188908
6220327
7115389
3504881
5917892
4318426
6997749
5224793
6985695
7120470
2464260
2157897
2375812
5435820
3531280
5438513
6700373
110237
9078214
2992797
1307287
4540881
4584244
3631581
3404777
2248927
5254751
5553094
3212863
4281775
3038828
1561260
1151048
3411288
1246377
8760696
6904635
6787452
4605372
5621507
9570108
2303172
3233894
7700760
8392115
7104938
6157026
410961
4316908
6529313
1206010
972193
5117352
985333
1538812
983748
8548799
3933646
5454481
6745035
9799180
41328
4364431
8640986
6794529
1587624
1636060
8591640
8355179
3972903
2283958
162069
9720987
6778506
502257
2375640
3675969
1856631
2369591
9146587
4644325
9045036
911787
9141018
9661362
6695313
69942
3584527
4996289
5513106
8254393
5757030
4007921
8166628
9125375
491424
244913
1551809
1821
3055648
5196704
8953752
9359707
9365020
434245
5307210
5936571
6378051
8642040
2526333
6707422
5904493
3219019
1439219
1710424
5582989
8225393
3147558
7686506
2852095
6235142
4876344
5086780
1673421
772095
9627344
4928680
2664184
9918199
2732613
8335282
5923215
3007473
6103
5751235
1430847
8123448
8933272
3591741
5698299
7342665
4431310
6094139
9449752
1598564
2250671
4151731
5738005
5338146
8962926
2557300
2921377
4312435
6128202
8138609
5461875
9360546
2204066
1472249
6348347
4405291
2287226
7756847
2712457
4241436
7152302
2077176
4314148
2520074
4933504
113320
5987154
5606795
4594210
7472735
5802
6248173
9072839
4626193
642589
4036012
6080043
1216876
9979579
7411816
4201723
6335466
79624
5787297
494147
5887586
2722864
1548802
1716859
7274376
315294
4715128
1063810
3167420
1099307
6462482
4130366
4500818
9394260
6976098
1957090
5367709
839937
2010507
6775881
8177495
7457484
8518868
3756569
7958727
1369932
9909515
3151104
2881957
8100618
2280973
8810032
1760154
6821884
2976986
1008930
780618
7347814
7671869
6369692
1517437
5496202
3121521
1157962
9713247
1135322
951907
2997001
2951356
2720693
5543945
9604844
570088
6883403
8721059
8106215
1377018
2967405
321391
7546879
6811593
9122459
7367846
1814995
6524890
6757633
7453561
6328782
4537973
5487388
8521642
9634678
9725104
9311563
9225343
6382973
3034625
7989490
2885012
6412288
2318944
9770428
5492399
10459
351903
5816980
6119225
7333126
4095556
2053380
2049426
6556912
9370840
9114013
9233321
6572239
8880688
5277928
9918905
8527814
6003656
3261960
7291907
1957165
8577245
2136734
8589860
9273079
3155904
6420710
4163333
2701887
8388825
1708102
2552786
4116778
9841785
5038267
4739316
9271339
9348634
5467673
647140
9715391
7642711
8932447
6128405
4880442
6047824
1814459
2438184
8681534
6859085
1449176
2424848
7514724
9983341
1745758
5172446
4168972
3216454
7554246
1589707
537434
6480142
6112161
3750323
7364242
8904483
1116963
7361101
2428315
525204
3202362
4095684
45793
9125855
9148305
256549
3647903
7923191
2053634
8992956
6574290
8985330
2717899
8537309
1975038
9391288
3175387
7911251
5663389
792035
8421808
2265338
722230
6466485
2056153
6525780
3308312
4446350
284824
876605
766534
5402450
9778292
293929
9766689
6399756
1660335
8531466
7142321
3147291
2906141
8780203
5498512
2892397
4200495
1353622
5734739
8234535
5798853
5887269
9640011
4092312
417395
8923336
748255
8142232
926882
5229138
7361246
3242507
6554009
4076367
4151393
9872330
4053535
742210
1775838
7638568
4392396
698487
6866713
3744754
3888119
4998788
1815325
3628379
7735713
5391536
1098909
6789035
8993173
4173044
5406911
1193716
2544770
6455565
5672089
4478316
2985807
47963
4346260
6961024
5074327
5913821
4270741
5392125
5180726
7925041
7119419
5424379
8537873
7603408
3166189
7239635
3025046
5721413
4554427
7304850
6508434
3797718
4134645
6402614
5123216
7109541
131242
6394651
4664304
1640702
2277454
2176656
456513
5476955
4374033
6886354
685750
8151715
1419094
5237085
7559753
5333673
5481013
8906668
4401028
2799378
8610811
9775407
784936
1049742
2732555
855525
1318975
5953568
9811785
4447649
454363
3955565
927907
3115283
2289225
9683827
160698
8245751
5971209
6256855
8500960
5575832
4713782
9056061
7595409
3695437
851098
6379474
1185634
4547116
2672903
930786
4114178
7336573
5861193
7381671
2870783
6933609
2845441
4272222
7674369
9914126
3624371
6567303
6929448
9829495
4839331
9425636
9418464
9220940
891464
215768
9574977
521370
2516836
8622027
9860264
7805193
716963
8067754
1430564
8934481
7708682
4845246
6657113
1147220
5445757
4614221
4798114
4358672
2272893
9013979
6574915
7905597
4138467
6095611
9686014
6047657
8286276
106920
8321015
8987022
6375007
4216151
9704843
3461576
174568
8673850
11164
8244003
4281653
9667844
2810446
5073808
4836507
7996780
2846389
4835011
2517756
8321641
267602
9770496
7405176
9821062
7072114
8752670
3746297
4986403
8002606
2249296
2004084
7927439
8062069
781139
6046976
4579000
2920121
8378690
2118186
6409910
1831546
2963617
6561081
7529081
4638551
3666472
8977253
9693013
5442164
2734610
2136332
2576042
8764064
2449272
5019369
4028111
1045883
8544621
4493188
4678341
2900668
2585022
4822043
3648921
1867936
5028850
3517268
7420726
3173488
9610594
8137800
7575981
1661928
4774986
5932964
3452939
5558920
9557254
8290083
5682863
9213042
6809516
9379555
2534832
2093219
7726169
9736772
7937173
1725920
5634887
1023975
3954141
2741352
6418745
2215639
8992980
4277319
6759507
1229336
831970
9300325
5147059
7301464
8119195
6977836
1474383
137272
7760532
593784
37785
6027788
1269312
4742633
7844125
4386346
9327408
9028412
4938770
1318284
195932
4165666
9711297
9504010
7403986
6562306
5970642
7439378
9750641
142875
966530
1382317
1448640
497535
296195
89164
5834431
8877931
6878127
2812622
516815
5584242
7741802
6762361
2602465
3445534
1115440
7706102
8537521
3065983
3810630
492654
1158315
6675936
2568864
518940
9498510
5848465
4658533
8572323
1550647
8661068
1095307
3658211
164406
8659261
6201234
6291943
8508969
2970681
2043721
6970257
8572358
4894958
4272380
4280447
5343361
928032
7385330
2547397
7503988
7325131
1743159
8409900
7006475
8234895
6944483
9887170
575077
4923177
7321189
8571962
4304716
5104906
2156316
7380719
9150514
2932220
9947594
785978
5383008
728636
8460815
5765866
7901420
6844626
6080181
5445389
164078
3680172
1140264
5902977
2116760
9379824
1145540
4269028
412787
7219989
6013978
5181876
9110827
4109113
3089362
1436712
8243404
3289382
4924792
9284333
3316660
5857873
8386784
6335370
6166882
1246343
6971852
744842
3909645
9199060
9832128
1106728
1640615
4649034
4121877
8263410
8546439
789786
6839779
3617630
7725743
2771374
535286
2388041
4246332
9851943
7489971
6662453
2143737
1679260
708286
6866178
4260223
3311996
1425904
2773531
5217623
9380562
9853942
3506161
6457884
194719
9124799
25355
1167380
6119962
5330350
141199
2555042
4852156
2293085
926789
6717489
6487673
6739788
249951
4908302
8078841
6119854
4516105
690086
8236856
1907409
7580193
9509902
3577102
1591251
4885561
3354294
6266640
213156
5592808
9702846
6719556
8042153
9161611
8879727
869502
6400243
8063605
1347054
1147698
4011200
8060985
9608997
3499675
4479153
1129990
7273966
9317476
2981498
4450543
3603059
5264005
7655185
3195438
163066
122989
2986208
195727
481453
5561372
4183500
8901544
9909931
8237333
8969131
5341655
5455535
5066483
655074
1164245
6879447
9645214
6694515
3485669
4575891
5622373
8097445
8606020
69565
8251439
2912007
7825507
9037774
456580
9556298
122481
7016340
2943512
4633639
6149696
7220073
265959
5381021
9434192
5007310
4962536
1477414
1680707
5079391
5455746
374817
2816963
7328296
1269773
1148172
7234179
9246792
5595801
3133759
8982697
8512081
9074572
3921941
3929183
2834464
8729038
63275
6312551
1101095
7671782
836474
8819132
3394093
869924
4578748
1649532
4625159
2306581
7836590
3492306
1547626
2616899
2680386
8701539
9725517
2160597
8564280
8533159
6425069
7274556
5997434
4090714
6759580
1558232
8534295
1540619
9334523
973407
4861747
6875999
3498586
9552179
7150641
8858315
2312167
995353
2546010
5619951
988543
3763460
8522849
9005106
1582625
8253516
4449981
2074395
4452881
8113419
9568924
3722848
6477109
4044848
298505
572665
2729145
7105896
6147338
4227899
2635725
4062676
2277089
4069896
9185615
7996670
8423959
5984831
3103011
4772759
493142
3529349
5909845
147997
7934757
5998223
4424324
4239868
8278989
7804359
8338570
8641511
9023347
8886111
849393
9054460
3454837
1125152
9168555
7013045
4925315
9601574
7465999
1863055
477367
2484848
4379094
340516
8948524
473643
1977254
171793
9898503
6790901
1024668
8225878
5253265
5392770
432057
9983433
3661197
2710782
6135504
6693159
4774534
2436153
2272217
1284526
5229710
5912177
7922580
4516305
948143
4152702
7425327
2752344
6071534
3181356
9935514
8506247
8804111
5907166
1785699
3426325
2342264
6039697
4004060
8325655
1215481
9110038
7388234
4394862
7925197
5931279
4104697
4542076
6511651
8254781
2776524
9905176
2691069
3084480
9724273
470710
1200708
9803184
9412049
8103967
6148525
1843
1169977
358195
7824994
6817030
3177152
3054070
4410462
6864963
6200009
5656039
3091392
2975229
7606314
2424896
8454608
3043464
4952724
1166715
4759358
5129666
1713463
722866
4378593
7716364
4098131
5546708
2007796
7458795
9630389
8576215
4986164
2959385
4179208
6135365
9693633
3859358
7179795
9195341
3036000
2322358
4478964
9340179
1248458
1165024
7145245
97667
8398260
8837880
1776904
2545837
1267697
2988862
8917820
45631
4527364
5836521
8536431
9770813
5555323
7728591
7415322
6610361
5041539
5927499
5461334
6749254
8942239
6304087
3396993
5304556
7277284
370897
9600032
8888704
7981160
9808628
4533065
1026067
6347558
3815137
2767215
6054280
19957
7021854
9955023
7843296
9721611
8181158
8537828
1957811
6697769
8510762
6787560
6699802
667664
3038212
2881704
511588
3359398
3149263
7385970
6310277
2264059
2135794
616173
1719361
1291189
9100615
4690217
4784000
5015390
5029888
299286
3783837
5195008
735967
212098
5036818
6531504
9908005
746883
9353439
4694509
2403531
520455
7777559
7348840
5354301
5402019
7310355
6720065
4289498
1886932
6572797
3587137
4245291
2478348
1322666
3432059
5594408
3413045
8740601
6073459
7471654
6256117
5452165
3679364
243426
938248
3396174
8199892
2090845
9600323
186456
5193117
6271607
5914234
7518800
1293856
3267030
491676
305730
6128184
7387735
2362669
5566835
8612057
247668
3025371
3457700
5612707
1664886
3520522
5124298
7641315
5357251
1849101
4368024
1793181
4878141
5325093
345091
984973
423903
5035377
1884095
7873355
757771
4740041
367913
9021207
1395032
8572576
6945696
4866994
9176813
4588988
9714763
2694402
5061285
1590711
4396374
5613502
6277688
9540367
8634294
5045393
9172468
1923375
5016463
2637055
8901027
3309585
941586
9018544
7357096
9081884
2050859
5482030
4946403
2328586
4560517
4274038
624288
2489941
8185347
4438211
931437
9242694
8588482
8648257
7335730
2903481
802544
269333
7850220
8955182
9867935
7907653
5538322
4549683
7278084
6975833
6425659
2893449
9297146
1120372
7345335
2860224
758042
3282940
7954179
6803430
686111
2037986
9525409
3327295
4747522
3504039
1035900
596325
2775673
2553198
6087663
6502404
8446005
8765608
6350231
904666
6697886
6455221
4125501
2450201
1076529
8230938
3623092
8613644
4945827
3645135
7357645
7955720
6790878
4516561
6164581
2517764
4221473
2905710
4624137
4174152
5182619
7974393
2094729
5900108
4347533
6004492
2025849
8546073
6031161
1861006
4043814
8891501
8645062
9053177
856973
4317130
5027851
7375197
1354011
7671188
6271894
5306812
1388208
6409877
4349238
8086678
9051994
6507179
7709532
8896354
7937492
4232661
9398088
8766289
2321877
7606798
1409929
3727178
5252086
5228173
5209461
4318823
1886713
5642268
7318609
7590819
2098656
6626334
6223743
4219029
8692052
8572936
6019637
8497898
4948442
8103269
289115
1515199
612526
7960450
1633975
9894569
9757255
828980
3977811
2684253
9009390
919680
1811600
5278221
576008
1309315
6129
9379656
1508953
3382744
586609
167241
9231932
6370937
8193245
57544
6973349
1034718
6402908
5674240
7218142
6988225
9818426
3442830
429029
8405481
2981251
3993683
5414824
8696347
7336505
5960707
6202944
5928047
4029808
2840552
2719273
9884865
3389114
9038864
6773008
7785335
9377506
791044
9594867
7389505
4074360
5245966
6360271
8581017
1485854
9934232
2456800
872938
164091
4761127
732638
8411908
220704
2535748
6457190
7064471
7498538
8685433
1601844
5632248
8597750
2220638
7595629
7887686
3412712
5151277
2760957
2296051
2137620
5622124
8578209
4313124
9480568
6851411
6802320
8580579
642002
6693971
5842874
4877954
7431456
8186418
5782119
7697701
4504291
3076213
7606927
179730
5041180
17410
3349908
7387464
7224041
7012924
9535506
6653063
7206136
8217170
6902111
6540143
3332013
1817077
9251621
511747
976811
4326864
8626964
8873176
1954106
3473933
5328586
962038
1006764
9559061
9501273
6338678
2412729
742966
4258169
5174046
1659759
3914129
234432
4928921
4862631
7086325
3553180
7016093
3313242
4455323
5660322
3036215
1630948
6380788
5832672
8898913
9953652
7127978
7501901
7745234
1887309
2178190
9567117
1653270
9422704
2482202
7792397
7891395
4538792
8489058
5353010
6849051
595950
8043517
9419997
9770345
674507
8003801
4850113
7950238
239672
4062316
1201978
4947939
5611367
9843941
837478
2931993
495071
3917599
9033692
682575
7270672
9968661
5805297
2804452
3927965
7770809
3191233
1558631
1594631
1267017
3810449
3813752
5475759
4227511
2375017
178507
7094644
6777914
527900
4936982
312296
6655454
7494219
5404273
7578074
2174067
2133250
9992592
5210780
5340653
3790386
5268703
6128427
3960435
7528958
7207858
26741
9657613
2176830
719361
4831027
7915633
8710262
6879015
2932320
9772562
1149048
6639055
179883
6768213
2657021
8803258
8835566
4620303
6341783
4993004
5229796
3893126
4098937
120400
1097983
4588194
5674813
8272311
6434210
6375245
5964182
6179078
1393283
8606233
1743340
5070986
8024899
2451823
3519499
5766352
7262548
6449962
7516308
1576338
6574418
8249236
7211441
114919
1434139
8053148
6117803
5093933
9113348
4436432
3315659
2412011
2161525
1175818
3214326
2819211
4948732
24817
7112
8403102
8557783
7669035
6990025
1949386
4603081
7295297
1373123
9492620
4333779
1171379
4363027
7423142
9901772
689203
1064456
5049114
6726296
9235511
9566049
6181812
684
4499621
1525000
7953459
7203830
7529232
5627222
3817676
703689
5197745
9232063
7756084
8906490
836592
8565272
9568028
401110
6877968
6363283
1688993
1689378
2531819
7582358
359976
5593670
6207147
9053085
993915
6909212
4769735
3630993
2102386
5761026
5955604
6935604
9770354
382601
7836678
1667104
2698786
3814230
4403595
6894695
6782619
7040617
6064983
2099162
738950
9787031
3696936
8045351
5917655
56128
6816702
7768795
7916828
396703
4683046
1066985
1008322
7937907
6870574
7316691
3790388
3734788
1821510
8518422
255572
1789111
7887414
9798737
818225
9983627
9674334
5147440
5026044
8657797
7772324
4115872
7183124
6242035
5362770
8895590
6922786
7663216
7408280
1231663
6095573
3035859
1289939
2386941
8642537
5587242
1212106
912856
6564574
1258617
9835986
2578344
860903
132479
7827670
650797
7897663
7810432
4272189
8228523
4497265
8275528
6976139
260309
6968821
6374395
3004904
6858975
9836199
7843644
9660425
2015673
9664101
1241302
4556693
8141056
380163
5886996
9950364
3778857
7875695
1745522
3168944
4937410
5821699
4487117
8627050
3473621
2490083
73990
4713595
8465167
3019896
5641489
8515941
469490
7231266
7474271
7579648
4058083
8387935
4385447
320011
9456984
3552403
6171971
6793378
9686634
5356365
1640603
9227265
3980848
9109219
612181
6292918
3572972
5654447
3398793
1183512
7686885
3039272
3169020
2034894
1731920
5275663
3392777
7396299
1776502
3414041
6973361
3252672
8292436
2852525
3268903
2070922
1441670
5757296
4347930
4995171
1699194
8204889
9990193
974777
7623662
9513797
519529
1240039
8530168
2870344
6231016
7206177
8294040
6449649
8353481
7574984
9129228
2418956
7605060
947196
6911710
1060569
6979349
207557
6966499
4369323
5761945
549083
8773769
4619071
9313962
4821692
1738204
9789488
724734
6176906
5446721
7556370
3969325
1681412
4553806
1297465
5070495
5708373
7421247
7324332
9482136
8711990
9007680
7757471
3778175
6728071
6678209
4949960
8151125
3211712
3667495
6634878
905063
9973807
5346732
7972881
4527009
6104657
9308087
9583853
7498603
6871932
2619090
9790761
1896870
2360539
9358824
9550753
8576794
8842335
2263384
6029914
4936574
9606796
3791301
9811893
2870701
2059092
7511198
1843841
2430779
8714043
4223455
8622035
5701444
9316182
5449440
250750
5191621
8150945
7579650
3661019
5389209
8737316
3981995
905875
6660964
1569568
7589036
527284
955490
2432164
2779408
8288740
6514375
366630
8585925
5552762
8560620
4983293
4542441
9143065
9229621
8282039
3691405
7781361
1733908
6740429
8113914
8923192
3097674
6409713
8790281
7148752
4929444
1589653
2480826
124450
6884245
7484149
7724512
1627557
1563162
7815910
1732649
2577266
5475451
7677685
4357596
1779923
6308098
5291343
9012335
9780813
6334078
6680950
3274417
8546712
5214012
3509993
4971682
1157140
3859266
5986759
7835463
3134027
2807219
9335330
6498557
3962487
1040426
4936094
10560
9739999
4171270
3864005
1222262
5330855
7789917
6225321
925228
7871447
4484567
9032915
2486091
2985497
4463717
5996273
7862424
3822359
1821421
7239296
3007236
5623088
9529881
2124416
1364903
1685815
2783826
1556574
9554482
7785814
6315692
5800070
3686986
2250405
8521407
2715307
1190017
6226355
7425784
1386881
1468581
4256945
5585064
1842409
7091805
4702270
2166681
3339795
5706646
4040753
9301562
8977574
1462297
2729737
8682227
6334346
1116242
4205943
7408490
8935425
7755793
3843989
6887383
9520670
3021056
2943323
8058485
1722522
2496718
1307748
4719535
4455631
9186795
9449229
8295998
3799944
2956288
1351756
6232828
186775
2516251
5888942
644359
8352142
6822667
5841715
5756969
9452637
2851954
897390
5845245
2663697
3485407
4377271
9454215
4016204
3673119
2498257
3359586
6589173
5825765
9855027
3485723
1027681
8008413
6713962
196057
8016414
5386969
5096267
3009432
2936269
8472602
1003134
8045944
3470884
3303191
399522
35948
3278498
5337139
5191616
4008413
8668178
9388213
3695290
6508722
1033279
4461092
8003407
3070504
842325
5233100
7534985
9314171
9777107
2716040
1159221
1666554
259436
3783171
9289261
471504
6243519
355096
6367311
7717240
9510705
7376264
6287937
917027
494280
5919959
3439934
3534190
7590559
5729493
6088754
7466853
8079447
5948438
8056172
1458267
7736470
9266308
1249692
5190529
4188101
6596388
4707764
3264337
8702463
3792849
1095624
8280098
984587
9217007
8933061
2586295
1269353
9783214
3976047
2330017
9480365
6010440
9268092
7444534
850791
8125473
9396255
8981621
586673
5555313
4557676
9428327
7702715
9992517
8535270
1563260
9899298
4837915
7139557
7864521
7583087
1571376
8987142
5036664
4104088
4237220
5913549
6007565
2532520
4974973
7084669
689607
544633
9981646
5281230
7190030
1006859
2203861
8762647
2654019
9067851
7233897
7570145
5883536
3350330
7302795
2519593
9130304
9747919
7993777
5279485
2150128
4860708
6008487
5769531
2787091
3459285
586335
1513164
4909276
406789
1592607
7104915
5700207
3806212
1717295
4657920
62999
114714
8263581
2866938
1144460
55310
4047523
760746
6210963
396303
2527351
520606
2271291
338181
5203270
6153239
4377891
1366695
2240769
1699930
9055266
3916168
9634214
6251094
3984717
4288448
9353776
9666433
8914745
8994271
429112
7847994
8809248
8915871
9122274
8103987
8014846
199462
3477418
143192
5080938
6407137
633402
3284402
2345188
458665
1642562
1140394
4594872
5492588
1273781
9289051
4309794
120814
8718902
9250912
8765545
2747650
3608490
5508273
8548719
6936132
4859776
4111594
4087770
3707155
6362918
6370964
9685728
4160862
6743306
5428646
6315483
5990698
1624144
9198073
7153245
2005373
1369656
5356560
101315
2823506
4251207
2985851
4854484
2061945
2236083
5153848
3816721
610586
5687818
3241045
9546471
1631278
6711730
5252981
9297959
6578980
2383527
3294237
9353288
9648353
6090458
8028907
4254665
3309777
4031965
748784
3906349
738432
8321851
9555803
9501458
7069674
2653279
6549023
7469397
5033709
6442139
3561395
1457855
1168761
5488821
8161802
9902582
9348269
2412390
7818515
3700324
6423032
1004293
9728994
4753409
9049993
9875102
5483894
6178148
8683608
1874544
8693777
9716408
3268476
3825259
996741
6578008
5294006
2558755
7795480
5473966
8619774
423984
3556242
6052231
8562559
2020371
4212847
7839275
2968503
2874775
1479924
8769608
4100270
9480546
1431892
7844918
633444
906317
4817751
4593689
3540028
3155303
2922104
4076678
5873495
7933936
5607114
2764632
7204857
7785014
1713533
1478346
103106
9674301
6052403
5250575
4939831
8372548
317379
7370290
7569526
5024911
539784
6655070
5032312
6845863
3796653
8534059
4741002
1958367
7296905
70703
7900394
4364013
9098811
2598360
3758295
6872730
1602263
3171835
615075
3091181
8828396
4193828
8704874
4414714
3414195
4914596
3460171
5925802
2851796
9848289
8701923
8286460
1420881
1010760
1073248
2131751
5480258
1219032
2563925
51922
4585489
9017061
4057484
6782912
9462194
2748668
7020802
3766900
8012908
4680988
3018888
5115313
8686162
9555061
5342894
252874
8870754
8979406
6246471
3662824
6245362
9175490
9445574
3122505
4859340
109006
4111043
1095764
2478808
2975056
2391127
6023936
1374869
2444385
4164144
8433966
8645270
498733
6969998
3368045
4912489
1410613
6733030
421190
155777
3722060
4583026
5597021
3824453
8516695
8021825
1292330
4542541
9331991
9606487
4540266
1707149
