1000
99652
9892
88130
95827
64167
81064
69402
78305
40615
22599
43802
14520
26721
84932
55168
21390
53715
43332
84399
95921
82683
98865
18287
79678
69914
8749
42731
40790
49331
90411
8273
57424
48557
25764
74245
37002
36990
55485
52942
61534
94561
32209
60584
2783
68455
46828
62909
79534
36110
97108
6575
74860
41540
33115
64218
52653
44399
44742
11961
97928
88246
70231
88577
81981
85969
90411
21421
80204
80447
35400
4846
40987
45342
82445
91969
83823
75017
30679
57787
10321
5144
82045
47417
15828
99433
17228
90865
16378
40137
78195
69714
63675
35928
53554
79579
27844
89097
18214
78275
56362
92219
50796
24231
30524
69761
82295
83821
50906
70030
73409
35695
16787
68534
41020
27298
62076
74244
27455
64880
38442
92538
95168
36931
86847
94423
7522
24790
52656
82471
87594
73410
19971
70042
25512
69023
71798
59309
75738
58373
2103
68535
74625
99704
33971
10999
21782
18946
97310
47488
39543
9307
30653
84169
74277
5366
23836
75320
85742
80632
54275
37881
89040
94522
2881
61139
57994
87679
53676
10041
18605
69430
15444
95446
1856
40204
81945
39177
95849
59772
63340
2075
91881
3386
80731
78885
90277
38826
15892
9590
90735
14797
42366
15167
91420
18572
77734
74457
50653
12916
89022
95412
78758
45246
7532
92929
14351
4075
79698
78537
67221
11079
76020
37019
33742
99532
44082
30476
50195
44076
58786
80949
84252
28205
21427
61786
93361
29641
72533
9831
29042
63663
47005
86478
81901
70445
14577
51090
18723
57467
91516
86752
74421
99756
12212
38194
5217
62904
71151
55828
75999
34303
89717
83068
69639
45971
66832
42917
39090
93952
90866
30807
10357
56521
62665
81450
74628
68334
15169
31010
59018
91723
20759
24153
24733
42981
70820
53662
64882
8002
99001
22272
49029
70011
87412
36598
57415
56761
23358
5733
55552
45767
97625
60819
45639
76314
79243
85778
15914
96382
55856
61805
10531
92688
43241
68635
87645
49881
2350
8565
24887
54993
73509
7314
11197
23745
40258
18755
97444
41779
12511
77196
19966
86747
64246
77353
6304
3629
34756
80520
31883
34008
54759
18318
80201
4405
68845
17909
15103
66504
8223
56989
76006
31108
18218
91015
30702
36335
64738
46371
19392
25929
98928
10554
9520
42291
28022
87937
57278
69445
63106
32624
38393
59363
15781
50708
87452
73644
16297
88618
59017
45296
87643
73612
53027
8548
60543
1232
15379
8558
4573
85864
28019
41962
11596
18177
23147
52843
98237
35100
56876
62555
95337
45571
67808
36390
80768
12867
74168
77707
9624
60760
86648
75812
23205
81894
26702
67243
82195
93465
16703
48013
54271
85391
27745
76917
37082
48547
41088
33911
20767
79816
55734
84836
87237
80526
91318
32916
34530
82295
88391
46911
64510
33336
54182
30749
40194
15118
93619
39338
48405
35727
83358
20484
36169
21131
39595
33192
6221
80498
66997
43793
1888
79923
45448
61918
26750
48556
30771
55232
34759
14314
21035
95661
21961
79735
35351
12049
34856
52442
96657
31217
4826
20469
48434
19637
15480
95136
70482
12653
96047
51991
41063
40395
72325
30538
74854
58151
9137
73649
61863
84636
45988
38391
38101
4046
4134
29133
78878
87253
80155
80188
29777
23349
22343
26805
86553
85860
97882
84653
68184
49576
11706
61681
18712
14170
49662
46061
78696
22985
9419
21273
11127
37989
14699
40671
71592
81412
45323
24819
37755
81003
95400
15056
63056
2023
64117
43768
17064
13708
39319
51436
13137
53177
79499
97205
5756
79878
2007
9418
18179
91653
76445
6706
86614
46893
15896
2135
55039
86069
98323
19422
72683
10666
67506
24788
93418
45436
56850
43414
46964
54625
87097
69228
2711
17356
1491
81913
20618
15824
57007
1195
17810
31359
93766
59652
34141
85724
7191
19524
40393
96984
34035
45001
39220
15350
87200
28632
98223
53049
98498
68238
52439
24617
24167
46438
60338
24423
39029
33675
41569
66582
87200
59697
25556
12671
5930
59143
21192
50497
82151
19963
89213
18867
31337
61031
74612
28595
23960
21405
86684
93854
1715
75419
16783
72343
2811
29221
22132
65586
59705
26606
29847
20737
41034
1866
35895
79701
59157
68011
25018
69426
1633
57175
37233
32852
95912
86130
56481
68548
57937
46101
12574
13556
82240
93566
3916
15411
23360
21800
21054
42024
37002
64219
36148
40790
35620
30643
19613
74130
82777
19830
8475
69262
23246
38974
8772
6245
24953
80869
28591
75156
71822
56489
3428
52410
69538
14674
73215
22053
29327
26752
8429
76064
79113
26046
17421
47383
57000
64487
52337
98921
10200
3866
99375
75765
33871
64701
57453
17697
84069
11539
9128
87778
39134
40866
70959
65283
80546
7852
10631
85614
37714
90559
35627
86028
48344
40103
55524
88397
57573
6183
17100
69582
60702
43128
86204
35927
75293
52787
51676
30369
17931
94250
38905
40751
88280
31059
19027
47778
83415
48300
25341
99104
74447
55843
15119
21282
20356
85868
67135
28489
60531
28235
54490
74333
25847
36575
39554
57186
41111
35335
49712
70677
70916
27386
35137
31069
49882
55174
5062
73055
27179
25467
31702
19523
63041
52656
76027
96370
91661
36343
22553
53899
23828
22989
53396
5422
86793
45941
8502
36506
91424
85445
33664
29004
82995
16939
27718
56285
45706
48917
4542
76046
61355
85128
98008
95748
47855
14850
45774
76255
53246
18503
30187
36789
34041
88522
37129
58870
69373
69913
21566
31997
41861
5307
98593
38675
50257
25901
91442
92954
54642
42126
92206
76782
12454
60396
3101
32618
59214
72406
32235
65902
20497
80673
87359
48112
53122
59873
55160
51754
53142
24573
83998
50364
81511
64179
13639
56814
75965
23259
83865
33419
82925
2804
43069
23884
58133
94303
69258
39434
48304
22032
12515
84074
46954
41930
39264
99055
77512
95467
66864
44611
2421
10547
27825
35014
46874
94244
58292
17430
95101
50875
74590
9987
45466
26392
61047
20540
85433
47659
97863
54285
92965
21801
88888
82591
33300
65202
98155
70859
88556
47421
15497
80491
18671
16327
54865
90780
19889
61122
62994
17518
24404
19117
32109
50979
54726
82214
49185
60525
61588
44118
86151
55759
36037
94862
59795
12571
95324
7299
25481
72698
94129
93468
95723
22445
1248
74245
3802
14785
73418
96461
14460
42127
17030
22929
41019
9581
76503
12311
47618
55609
17178
67143
46403
31880
53790
26090
73007
83149
94805
13314
31480
99777
89252
8910
83012
94997
57714
