1088
319
555
1223
550
419
835
729
956
958
1173
898
1120
1317
560
739
1087
703
784
1317
1048
1291
705
1112
1347
265
1092
1131
762
757
239
836
978
1153
629
412
1390
877
1304
887
947
569
927
293
878
1229
1272
968
510
524
269
1244
891
485
601
1015
780
1123
1309
1344
671
575
1002
1336
1364
757
770
549
792
790
268
1328
733
810
1325
1198
411
1019
1199
658
197
410
828
1216
869
636
1211
776
478
619
1147
1048
1318
926
1013
1253
532
632
699
764
585
1138
610
864
1194
660
1196
1248
374
783
1085
1185
957
371
707
439
628
864
1263
862
904
564
1331
1252
809
217
1169
1018
836
1009
784
1399
386
901
456
1152
741
1132
795
153
958
1009
1140
1341
1336
1131
1364
726
899
973
184
993
554
661
239
1205
714
1137
977
657
1291
475
908
301
492
1406
1094
1048
378
1023
863
832
842
275
545
1300
607
1245
1204
713
215
1237
257
1076
1309
623
1246
1280
287
1081
1175
727
555
776
990
1148
841
995
1274
457
808
1182
637
227
1295
729
217
1132
961
634
427
424
429
1112
968
463
816
537
457
1208
1294
637
624
776
1139
737
1070
897
258
471
1036
416
883
1256
789
955
442
1141
879
872
1157
805
1192
570
614
180
1267
505
1220
1393
683
1152
443
1072
1362
1235
1278
520
1328
1212
1147
694
923
1028
805
1012
757
557
360
450
1079
1098
532
1112
1342
1164
1034
1265
148
437
631
460
355
827
998
827
1163
727
246
944
1158
1041
1162
1030
718
677
1173
1302
788
1248
1158
868
1054
612
1058
1060
1312
220
261
1266
1375
883
189
545
1114
599
1173
860
1130
869
610
1394
1152
629
767
178
230
1136
865
1233
388
1141
736
546
187
1268
1317
491
907
189
1391
410
458
636
371
1042
735
1121
772
820
1318
1354
891
217
652
441
1352
690
878
479
984
813
795
1169
1050
867
1018
695
1043
449
687
1058
986
399
244
886
191
767
254
265
1259
438
1313
944
595
516
1205
663
490
1278
918
733
962
1221
790
1113
1225
552
1121
231
1103
1053
1206
574
1249
1101
656
560
841
1101
434
653
786
1154
1321
492
968
439
1281
1106
1250
1126
1221
652
871
674
1276
910
660
816
1312
893
706
564
1089
535
506
995
768
826
1117
733
823
569
480
1025
562
185
843
1400
1164
307
1357
839
1271
1149
977
1111
624
1139
692
384
1057
1310
1169
741
407
1236
804
1063
567
248
808
855
1065
868
532
826
1011
453
1343
414
736
689
878
1238
573
194
1023
1216
1021
1379
811
521
188
186
562
1302
668
500
533
1206
718
702
1204
958
1255
1298
1038
607
1007
1054
1034
1130
548
1093
462
1120
1344
206
622
475
1399
1077
1012
946
767
714
1198
1165
358
796
444
429
163
500
1139
472
1076
749
788
505
549
933
621
269
1312
147
205
597
1009
849
220
1019
1294
1284
185
431
474
749
850
1047
1003
919
1167
794
827
1252
785
1365
1007
512
661
221
764
270
1268
957
1212
419
244
1218
709
1142
1084
521
1119
246
952
734
1390
415
392
650
738
615
1051
649
421
924
661
801
996
546
839
681
802
459
1045
920
985
615
1129
945
1029
263
575
541
839
516
1391
648
1285
687
384
996
1014
1329
754
1089
1230
224
813
1181
707
231
650
491
979
1137
1005
1276
1076
385
285
1285
1135
589
434
407
859
232
587
643
1212
1308
535
883
971
1349
502
932
924
605
942
247
799
729
1149
403
385
412
602
548
1131
1010
983
1041
514
1142
1258
261
695
615
1394
288
209
1332
1214
1010
550
1176
891
209
772
971
1052
589
412
756
1151
215
468
547
445
829
794
1402
870
699
1347
537
287
811
1159
1241
1084
865
1105
454
887
185
1193
564
1207
1303
676
891
277
968
1009
1124
905
1017
433
765
444
916
822
985
237
508
1015
1045
499
609
1317
687
1149
1028
709
1339
636
1325
1092
705
409
455
1189
790
721
730
540
831
1235
507
631
695
1263
548
908
874
654
872
717
1236
975
984
598
462
725
1143
1021
1260
795
527
419
1313
566
205
429
588
856
1052
951
414
1018
431
776
1017
743
912
1271
1197
1348
768
205
1198
1332
198
906
780
840
1034
433
1360
1337
1127
687
1097
1338
234
450
708
523
434
1144
1266
1228
1165
659
618
921
527
1189
421
947
539
1292
806
1346
915
1347
1212
180
1019
1095
599
1290
798
1320
1024
487
572
1186
812
739
152
978
646
770
595
1295
836
1018
774
533
494
1305
552
1106
514
952
1373
706
866
562
1007
1216
1359
628
1240
789
1290
224
440
1253
555
689
691
864
725
391
873
459
1355
1281
694
491
926
863
1267
992
201
884
1234
404
1275
630
714
838
497
1217
974
324
857
791
400
879
828
1070
1279
667
1331
1150
1313
956
670
595
581
1203
981
832
885
836
1089
725
1247
1126
1317
475
1357
926
783
545
469
1321
1108
579
616
868
941
499
556
1151
437
1248
1227
929
720
264
870
1062
515
844
1119
804
207
629
223
1163
792
867
838
488
438
1288
370
278
907
669
1029
1001
586
556
804
1230
1162
489
381
524
1191
682
830
1213
687
246
387
1383
1126
