2000
4857127
1228663
9375513
8817303
3115857
6190729
4402614
5443695
2663137
4736660
9893196
4977667
7176644
6845942
3840580
9789585
3462457
5117142
8850203
1966151
7407514
8588467
263792
7613030
9458887
542821
7097834
7255880
9973150
8903627
7076059
4918253
7875180
3880917
9385325
8871883
7840014
8856679
4493242
8281570
4070885
8716869
2787648
7512998
8147295
7700013
6307475
2727001
7550888
6534559
4874159
6374811
7425594
6075229
9378199
4833121
1251850
442686
9181318
2122814
9915073
5580710
340698
5682157
5155415
4577851
6020437
5546437
4628685
1675811
5611470
9199085
9399934
5397005
8065927
3552423
7715311
9198839
9960907
1742489
2792315
5880133
9407977
9721917
3388758
3383431
6164466
125562
5685797
7044716
3372313
2169851
5081765
584780
589717
3413822
5708136
9901212
4388684
9292689
6487802
2828823
1981224
9842551
2693163
9479572
3637587
8288086
6680620
1613922
6685027
9510686
2357840
5428323
5026223
5040484
7497198
4912500
3019927
1995897
9920740
2226887
7090459
4161921
7368016
151236
9727181
5264232
6766922
9136171
5376207
1244694
3920772
398817
6615494
3359964
5823527
913050
7591490
1740022
8469986
110844
7004740
9989306
3742063
5940538
1711027
218129
2030141
7053395
3895630
5027306
6237182
8268678
5684502
2744952
212657
8821254
7501167
5681577
7695427
6331971
3318274
9734073
1605685
7052703
293839
5220331
8260257
7023009
3536123
1826310
1388475
2964473
7422781
4425328
6198828
1716189
5865661
8562711
8968830
4816547
6165281
7291461
189737
4958154
4964134
7846958
7924317
8095859
2177039
1864100
6162603
3737135
4140983
8459863
2457156
626657
5135063
7981563
399366
5600431
3931209
9509457
3457714
9587404
2477352
8733040
3052960
9849635
1896423
4719803
2118440
8085349
8355086
5096289
6995459
3651359
6080853
5762057
9649910
1706360
3271023
9158716
314340
2866941
138389
8650212
9994299
5283658
2416252
5211994
4381677
8012437
6781720
2522020
7674905
8131516
7862145
4413751
257951
3747102
6786744
7165529
5988533
1566116
7117251
5800999
6289825
3414664
5424404
1658599
1973445
1572885
7346968
2618892
8639089
4463712
9157372
4918313
1063834
8686899
8299589
8656204
1680377
1631055
8392131
766676
2529741
9120904
3872129
9539740
9056696
1743354
3929961
8673740
5408652
7440341
8204051
4669934
4300292
8342201
9880727
2911293
2326079
7129422
6764927
8601353
9382574
3507919
6593952
9512901
9011407
1821807
2875387
461105
7840853
3707047
7953519
5066751
6441080
3931574
842240
7400716
5159190
3711633
717328
7455019
1078754
9307270
3080547
6103519
3285769
2520391
1631673
5425399
4138231
7909997
546771
7233675
106448
3674205
9750795
4385534
5176815
1617000
8668000
7989777
1552003
2896431
652262
2312665
4104158
3442745
2242718
1791229
6673187
5068834
3699602
4880310
1378880
225139
2657062
7922247
6891874
6810946
5704861
7436857
2754699
2271664
7034087
8676212
296266
3294136
9042402
4046711
2062374
3868519
1452583
7695950
9640051
4857172
5370534
737686
3685031
6464862
2390524
9167342
9555211
4228044
5473124
7276478
7248784
1178614
1078866
5641320
5614821
8446159
8772942
8782162
842897
4847511
2966398
2588521
3571580
663650
9043929
6364233
3251199
6121901
2964884
3781138
7512335
2008068
1208505
371304
2652786
8825104
7313438
8406992
3670195
5195860
6961310
6099598
1072027
3187932
8307254
8399451
6039193
9202659
2713621
5752451
1683442
7927202
9926916
844986
2163072
3149996
7204680
6240416
9593031
8045351
2805486
1688903
1440324
9472479
2373795
3323787
9406435
5165284
7698371
9092990
7171045
8604051
5517035
4490171
9155328
4531641
4443848
5952187
3188448
5887308
4091392
3755736
7981279
8683144
1923279
5752856
3985184
9204511
1579392
2159927
7586527
2410760
2440502
171319
7192245
348651
7257910
1720463
9564189
8015286
7380515
5994749
2086505
3787356
4282481
437361
1540848
2757137
6491697
2328092
8549573
6726728
6090976
5276455
6102206
2479266
5105174
1039259
6054846
8358373
5122228
2389274
3020191
9105883
1789380
1377216
5682407
584765
8344885
4600188
9069603
8556727
1561108
9392309
8244275
384275
5492892
2727773
9722945
5333069
9377009
8404059
2512948
6259382
2836037
8209823
1758195
6178302
9434058
4534598
9097405
7762897
2174097
7135390
3518331
3779741
4326469
8392053
426315
8919746
4253924
5912390
7484026
7352916
4172770
2713372
6825603
9776054
3250388
8105449
9011381
5231206
2064030
1234166
9707262
5864482
3762382
4139854
775844
7912704
7556997
2620431
7750517
7766282
1899553
6753174
3235354
8366863
1727930
6595628
7550389
504217
7838961
8624923
5402765
7448677
5384623
7906423
1302408
7658812
5257962
3252103
3554452
6295834
3846880
4566557
7725940
6238561
9989745
6812178
4782956
2607252
4216316
9853034
5172943
7942846
8176651
8206908
4686410
8879188
9116691
1539049
3703265
7717185
5961556
8582328
3890932
6891978
4481512
3594013
6095730
6144385
3476775
300861
9799344
7772986
9794380
5836120
3066498
6288396
2541195
2598908
7532025
4779932
3181611
3552755
6072846
6562256
7629430
4197264
4042643
722029
1623030
8096923
2765547
3358643
2540560
7916500
3324865
2500271
2370482
2328538
750720
1766881
737561
5930474
4658888
1451817
2003878
2478561
954574
3321793
7738546
1802251
8902743
8108617
613607
8709115
8701958
7343656
6407366
6619985
7938916
6611569
3389574
3281424
1468572
7871262
6374335
7390111
2880804
7416570
1042498
1762104
7119827
2846821
883405
2503216
6985337
4516012
1638570
1336108
2080115
8052651
898598
7109703
3014869
6964678
2474035
8590553
5908485
840700
1927716
5157664
9557976
7380716
392996
9357120
2821382
7952849
5108235
425486
990113
1464141
5659750
1519468
3460585
2118904
7521349
3536907
774366
8140257
6642679
3274811
1716723
5689569
2625044
4509938
7941294
5791987
563085
7197362
8257370
3596993
382437
5233715
2126094
7493320
9522635
9934637
932600
1354498
775226
9797187
2290342
5174331
895785
6776086
9619635
8167660
536894
348075
7640289
4209184
5419803
6040321
3661553
8511619
1645030
6980765
7641265
6933832
8873841
2856764
5874594
8692540
5928287
377115
302615
9449785
8189917
1080428
6792687
7599232
9491627
1763434
1341994
8182749
2011221
5379192
9762676
1930107
8301897
5823969
2902798
2175019
3336518
5085979
9844298
4811880
8579258
292147
6775215
281546
9603383
6236652
8005571
5729044
6525568
8211605
6725308
4948432
2486429
7922966
8722070
3353625
710825
8391256
2958505
5467278
2490784
3412838
927546
4233975
2153030
6944281
5440426
3389459
5916043
3979016
3300203
9908033
8687686
2792571
1858834
8809639
9434044
9202371
3914276
1009669
3544742
5352604
6623859
5179332
6603159
6278652
5423746
9975009
6914610
2914315
2440023
2413753
2626402
1713514
8897528
1409550
9949998
8155213
810426
6334817
876592
2608259
3116155
6183833
8817716
7676384
5711023
733530
209053
2750624
1405299
7570691
7305114
6469489
1354563
3606649
7247684
8788947
4157374
1584129
4525710
8939293
7099280
8405358
9451461
7777113
2995316
4534570
6733013
5892476
8757164
9859317
8059702
6523001
9241384
474739
9672034
6065778
221006
7826037
9068846
5201677
3213097
816533
3590388
905685
1945325
4697670
3427724
7265940
7189872
5027957
6144513
5352899
9313945
8773917
3448497
6161059
6109928
6125505
3250558
3359311
1586051
4538556
1607200
6037113
3014374
2710469
7359005
9891548
3782647
9301265
4199593
9725372
4005603
3768781
9213797
2094097
1700230
6879622
1340453
9366024
8162505
9818831
5281657
6389440
2363044
1131185
5408178
2359236
6706134
9361699
1848245
8517356
9382209
4351462
1216072
7140839
2815364
1120225
5409803
7282990
1998646
7646375
2464374
8949350
5624381
2223807
2344635
4982369
3310781
7471182
9772482
6592481
719021
7338551
2425297
3068318
8356188
3677637
9758028
6611693
4387914
8650947
1945927
1307850
7436934
7055698
3633122
1317051
9343480
5936991
7453494
1164339
8691823
2647893
4211207
8105305
5110491
8859554
1729556
3248543
6677679
8194935
6871046
155278
5664128
8791292
6328775
7894856
2264756
6647774
5515467
3514322
1623150
7993932
1809130
9665066
1865704
8634555
3110981
9403734
3094011
6718865
1791373
1581036
8389013
7759381
5949496
6561812
7825137
2142470
4779102
5210873
9100765
7759261
5025616
6190160
7749171
6080848
2312169
8591044
9117778
8734080
1862846
4427094
9442477
4652976
2889883
7243084
5471852
4448823
6263897
3449334
4580894
2615177
3858183
7604073
2028269
9159462
6476907
1417009
9827967
5363668
8075360
5815913
9095727
9858659
4043539
3077697
2394666
6245652
6094424
4192832
5488242
3056723
3541989
1517027
5902360
1781121
7851642
7699270
3497171
6237577
9564298
3208755
225782
3344422
1602842
122206
4069925
6423371
7492077
2505141
1623614
4963631
9452808
9388940
5979454
373611
6081672
4428771
8998573
2699185
8767418
2353864
4663519
1311733
7401541
254837
6305818
7354726
6497806
2405355
1323872
5834735
1511934
8206364
4308254
8311913
4744593
7531245
7471779
2431106
6325187
7237373
913517
709733
7080327
5122088
390783
768723
9147957
7359716
6646679
1056753
2377825
6315035
7660941
2603152
6596848
3794407
897843
8447678
4288152
4526413
5201693
8150839
7664756
2087502
400280
1218100
8534873
8719567
5454509
1564357
3986513
9694442
7805370
1320243
4146330
2701247
9809822
5786127
4062184
1366948
5045468
5016773
8438986
6994928
2146627
7939197
8175449
382757
1190032
1697934
2096676
591797
7910674
244835
1069121
3082326
8553324
7884996
3693260
2866900
8942858
2375724
9331909
5195144
2541224
817847
1817389
7088203
2447396
7262599
2042124
3284487
5657016
207116
4900380
6029353
867799
5193798
257832
857135
6354088
1835872
9629352
4525675
9847759
8282111
3534369
9580996
9735852
1551330
144514
4623742
3285171
872923
1989824
5140047
1708680
9692827
8385255
1360598
3444815
4587895
5414348
6178922
3468673
1129795
2748153
4455967
1280036
2482404
2008472
9943717
7925615
1351405
7854195
4346463
4572046
2469100
1867118
9910500
1656500
8293859
1788827
3905298
8606669
853640
3797371
7098311
9840309
2307230
5822084
5793637
1792855
5855936
7559080
8722487
857517
1504777
1833142
9416083
9095260
7504764
1308343
7128577
5287677
5279548
7948251
9782048
4545212
669071
1830284
8748755
3668271
9124530
325926
1375817
8422057
4076588
3391274
8843927
5221394
5637805
1503239
5708671
8469303
3570826
8076729
9253327
5756247
4955487
8972948
1359803
7181031
710316
6985662
9892529
2670510
3555207
8167655
8547945
3533480
5571821
5190395
4184287
1571186
2988445
9582069
6223197
4594345
8291784
1170934
5509585
2940080
8551345
1562338
5242875
9854749
845132
5198662
5248644
6622180
132539
2922285
6722858
3367999
3269335
1969218
8989712
1240547
5867317
5653406
7382797
3355815
6086101
408200
6883258
8198627
8972436
1928252
6483228
6478438
9849425
2905202
9419953
2649257
513634
5665200
3705867
2215419
8608277
1562876
1140890
2462368
4129855
1851233
8344440
7101884
3557286
2131627
7447074
6771908
4629029
6142635
4545123
6764015
4334277
9230650
5094494
1759029
6211384
2430254
6325510
415584
1555957
5214584
9389200
8273041
939931
7924420
4276646
3080253
5370975
2554155
1599530
4102867
5915854
5899024
7928254
3393524
3750041
442375
8815879
9253766
2551883
3319490
2494488
7950726
6759282
6847214
7107780
7648784
8762188
9953203
9669196
2200998
4283895
2256410
837625
5994070
3130506
8208198
2709228
787258
7260408
3184695
2002412
5232683
383812
9573385
2854931
8222193
6789843
401279
4776720
2933181
1163164
1983600
4694127
3872186
4298147
3249954
7023728
6819980
5208780
5594255
6547254
9090113
5529163
1596200
9300031
9954597
7460621
8596669
7062777
7199302
9304951
6096916
2886661
4710848
963943
5752963
182209
404812
4371112
4984463
2161080
3768377
1965155
1122215
2023315
5714965
2476873
1701100
1762517
7838110
880713
6868750
5383590
1028912
7951534
8125649
8651780
6756204
9772895
2173129
1258439
3859242
6810878
4657397
9451526
7079343
9674791
8491542
378696
4642165
2228601
5483999
9948324
3871561
3327929
7350863
2607884
9771460
7199356
7533041
9382408
8965022
1276265
9172860
9770641
3243979
2151300
871218
1356416
3530933
9210169
857832
6659517
3077981
2917535
5257632
2024931
507356
2964439
5843789
4962499
2167605
490586
7537473
6536472
6192193
4778417
2224117
2160558
3571056
1620611
8204913
3315923
1436663
1972203
3306622
6873324
7457949
1826605
3549214
3605141
4418442
659469
9008012
6552332
8747428
9843101
5895131
4787560
1358073
3891428
1314440
360527
5229159
3860642
8456965
4068458
5763844
4663712
282004
2181367
6295698
3689065
1754368
6981591
3233796
4034151
4168639
6700787
299968
8833093
171096
7360864
1876097
5603676
1099957
8608336
9826916
4068461
2426639
4891531
6622391
5972420
6449392
4584747
4318309
2856013
7886036
3680499
406368
3947168
7016442
3327660
5862166
6439153
3417722
6414931
479377
7923145
1080065
4578751
4161331
9167339
6459012
8634660
7886522
2004367
2363185
6322228
8869011
8982248
379154
6527560
2305559
2315647
4947159
8898848
6942451
622032
4598897
4552693
6614611
5394505
2413558
6411957
2839935
8809870
5900152
8598889
1525311
7491427
297850
7114739
8177110
5117324
5115369
6785018
8793151
162407
791529
4644568
5104381
2917286
9161310
3350582
6678276
1336426
4430136
3638678
5929234
2446259
6687896
3772056
2186449
3079148
8983978
1560929
7282502
6077233
4020829
3120704
5933306
2736491
552950
8563296
9122275
2925246
6179049
3220996
5586240
388914
7609467
8629691
1697012
6866603
5412256
7974197
1027778
4301361
9684741
6808197
5301890
6669402
3869483
449039
592255
7903343
5034623
5389799
2219081
169341
5984158
5282924
3057310
8699867
3816607
1301631
8468934
3482490
2836516
8315438
708067
7511928
9126809
9133323
3050062
2313075
4884269
4746782
8325538
1828818
1917878
6188481
8885562
5515251
9206199
8256755
1470801
2991988
995104
6214498
6138141
8893274
897956
4687268
287337
1713106
5777851
2639649
6325696
1606330
4484877
3457317
858378
9911095
8975568
7432443
5262816
4226802
7992679
7718914
7733233
9426555
1584820
2323630
1208655
3260228
1374201
9418240
3095790
2647767
5504415
3790720
802678
7736817
6651504
2149761
1042856
9264719
5300307
2924865
481743
7280009
1528966
4472674
4058718
7765198
1264946
4643327
3237542
5550313
1818855
4528930
5580678
6581888
4966843
572386
1197325
5156625
9483307
718254
7200400
8273445
9021562
1382737
4073963
6323228
9075001
4017266
4145500
8082302
256388
6391881
8468960
9521520
7769959
5407318
1689474
5863620
7932538
5150845
9974033
2292229
1706029
1324400
676894
1797947
1631605
4558443
5613542
1855989
3034784
9611570
6477289
2205945
2820121
6567529
1891537
6920935
9961388
6654741
8626618
4228911
2059218
3971833
1160556
6299284
4267873
9401852
1012349
8039114
8511650
4619076
9231780
4123938
2381800
2938107
5303860
8431966
5912626
9943069
3878934
8608872
8733207
2839476
5135381
7907494
5859762
9594880
3480668
7300796
1217711
2271316
6768418
7663687
7183501
5760005
8184184
2726041
1533744
6493506
2628451
9141772
1731382
5135118
9279669
3021869
336815
2570492
9931721
5620894
613149
3101548
7456324
9859152
9306724
4424802
840925
885095
7367941
9816124
2700398
4076768
8706937
9148206
2690622
2623309
1690809
7056275
3336552
3459823
8063074
8340924
2986299
3018114
2591694
6700255
3644415
3264450
192701
2541980
9701309
1930852
1003437
464537
3238861
2617338
8754601
6548767
2915138
6667618
3952664
5944376
7808105
1424695
6558527
8372509
775591
308622
2456140
8264562
916226
6292372
8545393
5442029
881829
4592985
5222623
1781049
560001
2942627
1471556
6082290
116762
7567052
9315534
4960981
3996457
5962153
5335511
9819155
2869867
8853212
6092432
3205376
243069
4168988
2453918
8587835
6214821
8747481
251240
1328122
7651481
3086002
6529022
2814303
8417165
7227752
7574592
706462
3018803
7637754
706305
7403965
8053645
5261377
9524088
8081182
1020954
2409294
7367563
4867048
6949676
157177
4052606
8809864
9848466
562464
2051321
2719453
1099603
7483962
9287335
7004351
1737377
8669261
442511
1265281
1732054
9290777
9560395
2947065
9464262
6909175
9554287
6737304
1749463
2699110
8403341
7588368
7787939
7335089
2230955
1691686
9824701
7281953
3882679
2091471
7165454
7910385
8013414
6830220
2025114
7301802
189057
183561
3903723
6821762
5312651
5535980
5319515
3385439
6640723
1796440
4589838
3607910
4884992
8036498
2492130
6634297
8621748
6770228
3027080
6439589
2284520
8865438
