11146
12319
9687
10926
9405
5080
6093
7575
7234
10469
7620
11896
10796
9863
4498
13899
6535
10692
4226
10277
10996
12760
2590
6632
12871
2502
12176
9842
7384
7160
10201
11882
9402
5235
9599
6106
3936
10702
7621
5833
5024
10482
11955
6590
11148
3525
10946
10708
4880
8350
8378
8982
9276
9370
12373
6940
5806
2366
5572
6461
8707
5000
2177
6457
9365
12040
4078
10327
12384
10007
5070
13439
14308
11375
9970
6411
8923
13193
5041
6395
6722
4453
11461
5631
13026
7699
8517
2519
10097
8558
6481
13898
6005
2701
3138
7400
11646
4746
12953
7053
12083
12540
5550
6475
7560
13756
11385
12349
4921
7518
9328
4280
11807
12003
9863
4324
11580
6129
13465
10323
4474
10544
4801
5970
12088
1823
10895
8292
11033
9925
10377
8550
4500
3146
9095
13932
7247
1805
5882
3928
14069
2291
8182
13640
5971
4468
4633
2377
3878
7337
10048
10946
10943
12741
8802
8859
2305
4977
4659
5877
9829
5742
11842
7887
9181
6645
2667
3991
4320
6651
9911
10026
12741
8600
6463
9007
13179
9795
9781
6804
12963
10166
9332
5823
3154
12183
8263
10880
8049
10202
11186
8216
6654
10943
4832
13846
11133
2719
8813
5895
2795
3931
5037
12951
11692
11698
11529
6853
6898
13559
10839
13412
11987
9592
9059
10629
9890
5357
5094
6167
13814
9866
5181
12670
2189
11058
2656
4215
8733
7918
9829
5554
5946
5980
6031
5707
9107
5269
6267
7330
3139
11010
11055
9581
12863
10202
10803
4519
14086
8242
8084
12595
7671
7071
10840
12489
12892
7791
11326
11942
7870
11202
13952
10207
4673
4851
6504
2779
13428
4558
6347
13534
10640
7260
13689
7943
12132
4223
7514
14033
3761
6074
5051
4920
9746
13074
9038
4856
6848
11407
8343
6495
4951
5523
9604
1705
4775
10555
7551
10791
4961
5402
1924
4198
13140
5241
2481
9001
12890
10744
4785
6970
10027
4078
5469
9079
11980
13529
2852
7437
2485
8403
4809
9803
10965
10596
12103
14109
5989
10848
1954
6232
7607
6623
6575
5635
7388
12874
14000
4629
13046
2097
11059
5979
6295
4567
8371
10639
8706
5821
7829
10415
2394
8494
6246
10550
6411
12637
6559
10352
3955
11191
4704
2859
9329
8943
4891
11396
9205
11703
7304
10640
12646
12760
13002
5220
8421
10042
7155
6475
2581
11430
10525
12808
5768
2452
7773
8304
5157
5552
9011
5446
5927
11505
11961
1913
6783
8827
7010
10475
4393
10210
5441
13939
6163
12180
10727
13824
12934
6123
7228
6461
7738
10934
10650
2870
7119
13844
8142
4277
7425
9194
9003
13199
4200
6663
7962
7455
9919
9334
12773
7334
5197
7554
10625
4550
9282
5430
7727
6217
12696
11628
5731
9744
5611
7447
7005
6866
9512
7975
13578
13874
10819
4337
4379
1926
6597
2930
11872
4169
8283
8829
4787
9179
10742
11664
6740
2531
4734
11144
6078
11759
13466
10439
5317
10615
5657
13443
8624
12995
8787
12346
5878
13541
3829
9337
13686
11382
6707
2686
8758
3687
13647
10720
5194
6683
8138
2194
7272
11480
6659
6839
11183
7542
6535
13343
9854
13286
12201
12453
7842
8387
11749
7009
8244
9142
11919
13949
10138
6426
2375
13379
7883
6020
8308
6888
6919
6979
9324
10268
4346
8902
4925
4966
8067
7922
10776
8602
6490
13603
2857
6336
10989
4128
4529
10394
13969
7185
9112
10936
11636
10019
4381
2058
12783
8626
6245
12559
8893
9955
5874
12814
11922
6061
8440
10195
10798
10646
9652
12322
14079
5799
7265
10749
9875
7058
7093
6778
10804
10371
10709
13411
10245
12835
6773
10797
5686
6621
5350
6399
5791
8401
10071
8236
10953
2300
13758
7198
8794
9940
10536
12657
5082
13295
5817
14141
5859
6743
6987
6347
13132
11613
6482
1692
6726
11266
9654
12611
4447
10132
8533
3758
4649
12205
2213
10987
2734
4304
12887
5793
7315
12738
2469
5461
12358
5767
6276
12070
2359
12628
5471
7528
10847
13586
12748
5170
13842
5682
12648
5484
8506
4483
5121
10152
6334
6210
13379
10738
2229
6703
9668
9601
12366
9874
4352
6594
2932
13155
8407
8809
8212
4946
12015
2184
11442
11614
11970
4988
2725
11094
5099
6881
11685
2446
1648
8217
13750
13054
4663
12451
5041
10695
2279
4110
6580
8969
10329
13869
8741
13427
5226
6397
1886
11714
11333
11381
2156
7475
9741
7702
6329
8471
2275
8464
2239
11601
4699
8481
2819
10297
13239
11713
2965
2354
4191
12643
13383
4162
5651
5212
8926
5096
5167
7663
8064
10781
8814
6943
12017
2324
2254
13669
14170
4664
7098
13624
6011
7540
5860
7002
4758
13362
6790
3933
5370
7689
6325
9166
10286
10219
8222
5499
13451
1875
9426
2164
6887
10413
9014
12754
9259
5168
9019
12361
10706
6698
5783
7593
2278
5629
12532
11358
5161
6416
2711
7734
6977
8212
4306
13727
9673
13244
3671
11567
11989
6978
12850
13162
7828
5835
7904
13104
8630
6574
7560
13482
6660
12813
7426
9243
8241
7942
3900
7330
10099
7120
11951
13026
13932
9166
1880
8588
2706
11756
9703
8084
11339
10586
4633
2303
2391
4631
8775
4883
8586
13570
8529
10147
11546
13260
11323
8415
9399
13126
13622
8841
5445
11325
9743
8359
6824
6896
11177
13341
13645
6692
5248
2649
6238
9819
1564
9759
12890
5137
6655
2587
4776
2630
9251
12069
11402
10002
14124
11597
8364
6869
7519
8130
12375
5110
13379
9156
4516
13279
10337
12345
10696
10854
7912
4076
12977
5972
6955
4739
13942
9086
9042
12889
7361
8434
3736
13843
4319
10098
6558
12455
5917
13711
7111
4931
11658
13203
9645
5773
12161
10949
6483
5431
9628
4691
8981
3871
13283
7252
13072
10277
8451
13283
8081
7464
8502
6698
4349
5364
6696
6872
2374
12323
8974
12356
10161
11835
12042
5294
12183
4950
9853
11316
10716
9640
6920
10617
7354
10821
7476
8385
6226
11790
4766
8758
4041
13577
13262
12401
11880
9288
5267
2265
8228
5705
12446
9278
8813
11675
9057
7910
6846
8364
12646
9170
9820
8358
4529
7218
8349
12476
5779
5322
13286
13393
13426
5903
8859
6317
13311
4433
4219
13273
9256
4511
13083
5089
5736
5437
11332
7893
6962
10773
6361
6975
14200
6946
6032
12702
7958
13212
5183
8774
12201
7575
11906
13416
11088
10585
11691
7738
9503
9533
10071
12683
7378
11835
9033
9513
8765
7181
12522
10661
5877
10613
5890
5427
5664
13672
11549
11338
8392
12213
2740
8290
6338
1863
13964
7052
6459
8628
7310
7760
6792
13214
13684
2420
5913
12450
13006
13582
11531
7831
7618
5299
5023
2725
9289
8698
12187
8832
7538
8555
5520
9827
11723
5486
8502
5037
5961
4883
8858
11135
2272
3076
4569
5738
2312
3026
11811
13688
10580
10689
11992
8606
5043
6649
11239
8815
3077
11561
12411
10102
5153
4792
8858
11739
1720
11656
8666
13180
8489
8443
10841
8846
8892
3909
10179
4754
13346
10437
6223
11014
9308
10313
12769
9359
10474
13029
9602
2476
4378
12330
11013
2428
4306
2713
13157
6564
7317
9318
7658
11017
6791
9891
5683
9494
5111
3001
11005
12445
11273
6661
5961
8745
11016
2254
3909
12994
3003
8148
3020
2329
8059
9688
13056
9364
11683
6374
8157
5290
9666
5316
2391
7441
9429
2637
14150
3897
12186
7231
9528
4664
8693
12184
7928
13073
12751
13441
12060
9946
4292
6681
11909
7651
9347
5371
8217
10332
6235
13177
11234
4134
10496
8222
13133
8826
10172
2434
11779
12653
4233
10697
5804
8047
7261
9956
13072
6200
2711
8263
6958
9667
9604
8256
11809
12229
11937
13708
12183
6362
9101
2473
4100
12668
12369
8184
2885
9983
5740
10727
5642
7850
5054
11605
6725
12181
13386
5014
10872
7291
10257
9516
7181
13769
5283
1769
9993
6953
4707
9195
11708
11838
7268
6011
4745
8536
5372
12772
6363
6858
8734
6147
5080
13075
4007
5338
6424
6735
8773
2116
13012
12504
5881
2206
6012
6569
12067
13393
13344
14045
4403
11437
7406
7069
9783
10342
2440
7579
12980
6669
11978
7509
12619
13349
8729
13537
13154
2385
9300
9375
8976
11780
6962
4736
6445
13504
5249
8313
5336
11274
5374
10956
6119
12728
6486
9012
8126
8046
4414
8834
13035
4945
4031
9181
2534
9943
8144
13474
7204
3306
8152
10805
4491
5145
8142
13916
6316
9484
13444
11986
7892
4049
2055
9502
7730
5870
13058
8865
4758
13293
11135
11232
12686
6301
7237
13300
4455
8154
10367
2799
8500
4254
11661
12735
2481
4470
8943
5849
6443
2631
7579
8948
5856
14154
1819
10929
7008
7210
7926
8526
6404
12506
13812
7370
13601
12240
8645
11145
4457
12853
10586
3505
8631
4703
11062
6819
13654
8425
11257
10978
4457
2748
6973
1926
2652
5281
8792
5127
12485
9281
5861
6952
8575
11050
4606
6623
11932
2237
12871
7860
12548
5566
9302
5783
10215
7109
7276
12395
13260
4499
11396
5510
13485
8995
5925
3005
6064
12258
8279
12258
5779
11597
4835
11381
5674
13708
6833
6682
9155
10421
7014
4855
7837
5247
1832
10382
4721
3733
3026
13518
12119
11162
11592
8568
2497
8566
7709
6628
11652
2116
11265
10263
6544
12626
7774
4605
5244
4307
8376
9491
10439
6429
10090
7545
11931
10321
13102
8639
12021
2861
11456
6323
11341
7025
9551
11869
12039
5846
8006
2026
12819
4760
10948
12497
7954
7811
1722
5614
10059
13363
8374
5922
7554
7890
12688
4298
3396
6916
1703
4936
10313
7176
14293
11839
10640
12500
10316
5950
6092
6650
13273
9036
11878
10030
10358
4797
2408
11096
9984
11328
6286
12934
11300
8512
2787
6877
4301
12940
5380
11393
12993
8463
10844
7804
7252
5899
13134
6581
2563
11251
9026
9214
11088
13271
6382
1694
13286
6682
8212
8875
7135
5538
13752
13393
3682
13282
8997
5809
3078
8291
11263
10874
8919
9329
7564
2104
2162
8467
7831
10913
5364
4550
12477
10192
3915
12476
12964
10136
12197
6264
10696
13286
8311
5015
6764
11374
4468
4352
7136
10298
2641
7389
5929
8973
13200
4654
10530
3233
12969
13394
11408
10724
5836
8429
11414
4830
9045
11718
5360
13503
13601
2419
1986
6875
8363
14069
12638
2738
8488
7184
11248
14270
10225
5097
13017
6768
10333
9011
2310
5520
10463
7077
4000
6642
8588
10691
9211
12534
11504
12732
9885
8841
9663
10718
4977
6415
2139
8059
11892
7697
3190
11567
2555
6712
12061
13446
9367
9826
9156
11295
2672
4729
9801
6225
6876
10461
7111
12526
7045
10239
9106
7297
12111
4286
8367
11824
10128
11664
7905
5128
2322
10629
5505
13608
6692
8783
3777
8592
2363
4271
12652
6853
12657
9310
9002
7226
11300
4303
12471
12619
4968
6179
10972
2097
11671
10575
7591
2507
3862
7608
5206
7003
8102
6899
9145
10805
9349
6545
2476
6252
13043
5214
14071
10798
13770
7740
6370
4795
8267
6586
9535
8066
3006
12353
5401
12432
7142
10005
8522
5174
11470
9402
3838
11620
5953
4666
5522
8742
10321
12570
13155
6061
4602
13645
11932
5336
5885
12857
5243
12675
5544
7587
6067
11934
7330
5749
6256
7003
13152
12375
7020
13293
9131
11026
13782
9274
4946
4268
11267
5473
12529
7789
7753
4115
8437
9748
7530
7887
12148
5626
5188
8868
13833
5507
2884
4679
5555
4594
1901
4996
10306
13176
10198
8481
2409
2119
12013
9748
3905
10907
10450
12060
5019
7006
5205
10217
10320
13801
7117
4797
10626
11652
6081
3766
8313
8508
2428
5867
4823
4678
6872
2437
12619
10935
8614
12658
8765
11719
6692
8306
11627
8371
12518
6682
2604
2861
10117
8625
2281
6733
9286
5909
2453
7374
6283
5355
1502
6554
5732
6531
2809
11144
9108
5110
10885
6283
9281
12779
13984
7235
6773
8834
1847
13037
7895
12128
8382
11394
1828
11788
5483
10240
12713
7920
10748
11414
8784
2505
12341
11556
2348
7447
7588
5437
7782
5425
4590
12771
11635
11167
13607
2364
6545
13387
12390
2165
5258
13060
13939
8244
11599
7793
11183
13364
2191
9337
5860
5141
4489
10992
8346
12706
8281
11115
13369
13507
6824
12660
12251
8861
4712
6082
8425
6215
6997
5808
9506
4017
6957
4041
8751
5274
2474
2378
7251
5483
6221
9770
13085
9707
4624
10846
14127
11408
9311
10241
6507
8098
5451
4439
10718
13370
8777
9561
