9907852
19221255
27531456
31604057
20037400
12805646
29614282
21108609
24603661
28440075
462871
25141348
16675733
24409987
25006681
22801707
25794789
28172656
19408862
20311563
23879479
20696509
22415739
23157835
27862905
23580148
20968746
18386247
24350197
11795039
29060515
25775580
24718417
20599560
24320081
2068859
1914706
25603299
12274065
22854461
22227709
24749672
28903721
26719199
31302308
29037264
26603574
26442280
26200718
27021825
24942236
22958429
26915633
23254286
31083253
26014119
29013404
26258775
23296330
21002093
21370957
25353004
26598654
30976048
30061674
15264217
28196104
8341783
25753936
19359431
28933642
18773513
30516263
22036304
32309888
25868133
29012017
26544964
27600187
26133663
25556771
10521263
26049508
19373744
18271365
21825654
7647941
6192118
30545570
30209146
26193551
29871879
24554303
20641955
24420391
11120186
24572109
24926092
24928657
29485923
22071475
28062871
24129147
23602631
24156834
29072759
20862209
25707202
12203370
16551324
21357136
27338670
8096062
32546874
4604937
26031982
26807760
17018571
21303302
16549704
26040221
22886789
28352695
28940233
30017480
21774624
17106036
21686836
28816632
20750591
17894114
8764159
28382309
20114300
24953219
30707838
30055974
20676047
22569231
22960311
21199891
23121691
21199568
28827379
23077450
29509614
25854777
26577889
15196833
22751613
10262049
22178994
7504271
27927720
28466538
23250890
16570051
20095025
22352104
22251157
25960089
26910236
25466204
17443070
20794283
19134953
27172893
25676144
19857031
22704985
23888938
30438244
20485928
25826589
18633894
18680288
23237455
27023116
24543931
12035626
19614989
23962348
12552084
24081470
23169323
11983544
28622941
22589184
20647084
8476189
24072797
20258497
28422472
24564876
21586342
28214962
22072735
24475820
11227235
25064798
28569197
26751507
33394802
17126396
7007984
18594511
31263412
22325519
21508507
26031571
24633087
31610191
16565370
7219384
28203920
23464673
23316495
31300009
21311472
26440420
20673895
31122312
19358494
25162522
22257910
12975818
26468177
25884879
23411984
5434594
29523810
25752861
24822158
16550197
22044074
20247180
23400471
24746973
23389465
23239130
12859261
29485452
26939608
22679845
24866281
28408048
20805566
26095208
10030806
19727981
27230597
11541918
9116480
28031931
21748233
18616039
17253958
22152301
24401230
17469527
7523133
24737662
24478391
24589813
18243321
17390812
13836333
10138974
9311073
12225931
24984359
31215506
21512530
30988694
23865320
23367566
28233365
27567167
18149846
18883858
9264963
20011880
24362916
20384769
19126192
28029873
19187164
6567762
27840474
21084027
4174886
17421368
26430448
24036942
4699352
23060236
27083035
24857579
21149655
21430153
10426701
18848628
30539810
24011654
24908504
18558666
28655254
8236960
4884485
27414128
8645650
8811371
20138322
20973962
21662627
24496594
24881806
33513947
27315338
22424700
24766367
19590874
25705588
27269717
22194625
2346226
23460224
27809812
23652250
24941675
9465510
14291205
26212332
33897833
20947540
24783842
18152177
26749036
25749398
28108511
26827076
21769868
20040741
24601015
22309816
28927798
12901220
25510513
26805594
27724674
16242524
2834083
21932707
22594731
29324595
21394756
24279880
29299460
26074520
22524316
26178607
13649389
19792214
22720792
23249927
23925235
28756255
17505923
27789012
31081915
23600316
5931272
25470140
28317634
27432190
24881781
27891299
22541385
4162391
23525631
23515710
18805028
10488792
17705779
33426347
32060539
26675346
21363681
27934900
22757614
23076950
31701272
23793787
17068355
22205130
28835785
25554755
23141137
26940335
22254527
13275905
25547686
22932614
25174030
23019082
19854791
24015742
22589827
22828384
20603076
27404083
28606775
32605845
21281797
18226700
29938541
31103006
26580678
23526660
27231546
26562120
23899472
25048704
26344881
20754834
25451507
18619233
23880492
22327243
31412962
31304181
19818363
11344274
23309316
23629966
32110917
7997723
15865246
30214803
31566801
25535262
27906313
30352965
6629254
28441728
26412840
15393639
24721926
23154751
8478287
25941152
2717822
17477389
8620768
9627451
26771316
19235419
16193439
22475776
20289486
20918426
21223451
20822277
27864264
30710009
26729857
2091659
20649097
26456505
20665412
11125552
21818397
21410035
23332919
26789900
22506400
25340854
12441825
26041579
24740598
27521038
26175746
23127716
26066294
20184923
25552663
24229632
7134064
27244956
31748104
23223558
28459958
25996835
28844626
26793438
28038387
16494564
30146187
31738843
22410158
29517163
24098626
24068068
27775559
27330368
29095266
30577415
13745713
21267688
19790596
9124977
26614752
5110202
22334044
10376684
28778270
17316789
6483434
7278166
19673827
21754467
24568074
22752658
31578959
20565152
26192331
17835632
28822810
24588718
29355821
10194822
28087815
24505916
6154140
6260375
25897986
25179181
15684108
19254092
26201276
28049239
7135139
21817256
24991489
24856072
31269648
27864685
22519651
26375420
23555335
19900545
31551634
21061142
29119455
24866472
2012927
16763811
18876218
26793695
30744448
28873542
21996617
24836929
24235804
5743859
30569161
19596754
24466650
17696738
24777944
24199677
24758316
24540546
26711452
24306869
21619893
32142081
9288869
33415790
27687332
21276520
26088457
27490263
23256381
20574645
24727223
15239379
18829499
29027400
21905639
21158256
14186815
7895096
27019306
25291069
10907916
25586700
28076691
23558382
23597283
20248115
24832501
23197687
28856332
28534427
29305832
23580071
26193763
27153043
23209753
17281171
25416933
30953823
28043078
24829986
23574172
31842794
27244734
25360471
17697222
18093663
20798943
23947579
25903778
12845660
22305174
25398034
19085046
23450568
30126709
23008378
27720660
21734257
15359503
25937289
27677250
27165324
21875014
26305488
23516297
28029858
17844310
23379113
32734556
21041321
22070947
25082252
9417544
26467045
23372652
17125763
25713452
34112948
22043511
28281441
26730418
22445386
23162025
29630930
25655629
29233693
27917217
19051085
19319185
28161917
24020931
8946786
23072031
25719865
22794227
27127752
27947587
32915089
20893493
17612261
20443961
21549596
8520585
21591893
22657365
29551686
21970113
25625526
18844711
27224647
17330422
18041165
19881156
30404862
15722093
21255245
28389293
28665162
15754557
13653461
25075505
18762181
20488818
15903337
24290196
17569728
22176168
7602272
27011517
16242882
32726700
19236248
23575568
26667070
26422348
28279809
28664981
10400070
22215579
2404112
21780647
24021942
26646053
16106919
12010992
27907111
18849297
5419451
22222107
17222377
23850275
27694846
28347754
22944793
3036841
20139842
24543002
17364963
26467100
22264063
32125867
32309598
23875224
7584658
22723638
26769109
29832903
23149076
27331342
18692749
16709311
28441518
24187549
19509506
23762223
8932078
27981871
31026761
21442024
18851752
18162909
24445343
22584137
23459044
27019127
17214253
29522313
28238974
23229009
24198489
34176182
24173825
21501438
23158725
7221588
31987841
24329404
17930228
16411281
30202873
27215777
31419695
29976151
15349163
3023122
28025894
21866341
31574414
24123100
15339766
20529429
25674769
16229635
27733798
31579190
24132598
25497763
27708207
27245945
26139337
20072344
29412948
18644667
25078047
6538728
26159529
26635760
24353728
22477543
19737377
29282495
9203795
26054027
19443710
26241440
20944390
2618493
23192570
25677679
24750040
25211079
25367520
21848050
7158827
27576502
24898894
29528397
30871412
18089826
24912528
4538525
29472385
25528778
25976528
28077551
23058880
6443237
24881350
27497166
23424214
5269386
22207205
20750462
27833271
22885119
33573290
28179806
21867761
16930652
30001056
26464946
29507117
19360629
25837710
20377799
30170926
26035635
27842908
11748045
21868873
31870847
26494418
12083147
24944105
4156323
27782790
27836733
16092242
28419738
24921213
25720039
17240945
30999338
31336366
21154534
33538690
32702020
32234646
21234753
31968368
24838220
24218915
25798899
28230537
24783559
16337970
20946477
25668691
27140407
30444956
32318993
10269524
17503204
23365307
20834305
26664201
30883623
30876056
16208903
27370809
24536824
24601778
18899018
31854387
27502493
25450741
13667731
23950195
26631400
15807860
29087242
11237547
25743490
18979474
25768257
16909734
26937240
21580124
22120232
24296149
18146243
22944209
23463248
23887480
24424016
26137037
6361478
24436525
17921624
27252725
19903088
16307000
33639457
19809551
19680019
27847080
25853491
28446241
12824717
25245823
10051000
21691932
18177665
22095850
22251138
17006131
5919740
13523961
25810882
26375272
18061608
26768136
3768967
25342381
23121137
26163469
21068067
28390245
4180531
6066778
22182964
27451914
10365557
18319325
28925406
28262474
32274977
28683123
22658957
24375910
24850781
22350934
23672966
26053845
21861629
22232566
23639781
27722781
26552979
25701398
25020332
30199444
28366465
25729718
28742199
27044239
24008343
21917146
22095454
28925546
24559929
21675262
33141898
28263161
28107265
26122079
20000986
27691586
24173599
30759700
26375696
28134036
26433827
29393408
23203386
22192158
31908826
5113474
26607423
22469022
31577134
28200231
22590043
21944203
22817916
27415924
26291664
26623131
20524437
27345011
30624554
23867369
23545837
6733190
17901156
21369966
23452107
25100882
22843310
20519364
24114594
32336421
20427513
23008318
27784634
16807387
8290466
15280294
29203145
25647534
25114982
30268251
22825046
23969512
29046581
19414004
2756395
22785135
23434082
18064866
19828260
17362758
22129838
16729334
19511985
18439069
30247430
20864283
20600594
18276421
30967725
24963234
24850795
18431236
25087513
23746469
30494507
27526647
26927150
27764869
12496284
10036320
16031434
11907717
28132085
18434964
27413720
21218386
22268443
27806322
34112700
28640926
29504872
22589693
31443263
31833667
27319645
25965840
23987453
25249409
26469247
25997162
28002194
17902098
23480144
31591489
28640052
23218310
30523343
24220100
24694006
22958416
23109205
6371298
29137979
17754134
20920692
24974079
15215205
20670860
21389283
23410397
31149856
22971189
21760906
17969405
18353152
30728301
32754125
23095976
22004514
32376542
26529075
27187993
29973410
12198967
22437884
25632008
4438130
25773208
3998623
7248940
19438953
31183806
25635852
23292325
10624784
14275503
22100446
26355578
25812138
8602607
27574363
24192201
28605313
23223740
23601407
26422191
21520259
8693369
5112341
26216818
19782613
20891762
19206035
24267168
22677169
21658735
21655813
5264865
28456485
17053044
27781884
24463850
25226381
7505413
25755303
21610942
23600351
21822794
25931975
29181731
8199607
24676830
26432664
20244542
21136345
25513462
17374324
16204279
4520858
30494179
10726273
25373470
32299630
17447629
24223110
21913831
17850024
24599152
7598180
16524099
19221829
20921027
24043396
26189467
22814291
25399905
31450475
30044368
25369038
27936599
24467220
23857429
19264193
25622292
28373723
22031655
26109147
21418674
20949951
27520606
20496763
25990671
20987488
29077524
25090125
25472988
22991278
18325295
18220578
21191951
24496089
29322805
22745850
25209675
13084726
29010547
18648279
31855784
9435857
26588039
18825406
29305918
25274060
33423371
32948253
29923184
24293574
21051907
28885335
27536440
22439518
30557978
24070319
26169380
18906396
26749174
20302437
26248332
5787939
25857243
18808348
20258536
23225930
19720646
22346863
27379458
25970735
32655671
20432558
31890441
23051587
19482355
18279806
26083009
29456805
21628716
21735458
32013013
23365400
30563237
26650598
16590629
20883748
11172087
22677391
18705221
6803498
25755682
18687389
23460968
18273225
27080740
32821572
28105063
2225368
24098128
26792526
16859164
31944782
33574598
17816163
21537516
22071085
20086491
24346367
22414522
20827479
5129715
21193150
22472665
27427564
25920943
19299590
24180781
25616448
20328214
28386842
23586125
23965084
19634512
22138905
20896220
25052948
27150148
17838115
5123019
17486024
32043985
28805530
21448690
22337780
26591652
25049405
18146490
25370747
24020107
22818972
26168104
9780298
22823644
18189025
19865248
24555777
24144427
11401081
26430812
6008331
16690553
24607603
25632562
30967989
17300010
19340667
21585679
24669415
11803303
12993358
19995655
21608459
25199238
9633625
13724606
26385796
18278891
28054378
10639645
22418485
27781414
27072626
20692968
25581844
27632166
24218169
25290273
21408264
23380010
20514088
27649299
24492243
27826528
5398749
26400312
17181384
28555760
25588482
17220462
21183217
29845992
19265042
24725650
30896860
26930544
25530241
32344997
13151507
23327721
21116888
27001028
30836293
13262603
28905151
26976463
22788231
24059284
19731969
25966349
20171182
25991993
27851494
27369919
24008942
17796136
5877765
17305052
5415578
29072132
30293510
32333279
27291637
32109410
24339309
20447450
18274170
22512274
32190164
22426625
17965397
26271315
24945924
23685700
25164066
19193983
25148802
18803428
30788085
32575791
12677574
10747235
23220010
24191269
25715808
29177469
15771341
27518241
13990928
18537856
25584789
11863807
30659436
15504597
15992183
28405706
10450772
25507633
31793151
22157951
17359506
25357532
19578646
24146632
23152956
27157269
22028093
26574509
21392609
13219234
22769861
25630306
20243589
27370377
25092980
30844971
24823275
19545389
31944745
29386204
18323655
10187442
17391640
31137588
27518966
26282201
26660283
12443561
27213439
28767404
24349039
29329106
21426509
6940796
30275183
26797273
28041737
32617659
19879032
22468454
2206498
9464374
30895852
18720415
26954707
31185779
33083144
23243810
20545156
3119653
21039639
21094823
23870572
30263908
8152596
22582153
21233891
7296692
31347539
25537105
19644455
24603549
25114799
20979642
5727799
25481413
25122492
18992164
27441078
24266376
20424093
22806049
25683787
20492013
21601513
20844849
20695196
26478440
31764536
9521829
19585822
10322365
24628530
23960216
20789291
23279790
882175
31222849
24338685
29751224
18478502
21636984
23307313
20403791
21618527
18963181
18906366
9831830
29143210
22767012
27536933
26911378
4550049
29215656
19701350
17643932
22964958
18451065
26178439
10472743
2403339
22317236
30392454
6629086
29314005
23067883
23097460
24516844
20569042
27775327
21872304
28166376
30068180
29932777
23932484
22330938
28385486
23402076
29097381
26388123
24328620
24528256
23893097
27169263
24149764
24795555
28685982
29350284
26498633
19993189
26679567
33008269
26472866
23301097
21772306
27384967
30366693
30942177
29063511
23690543
24132153
24244947
25665186
26814638
21477043
25296074
15260806
20305995
19368254
24172868
31373505
28152288
17960631
24765805
20854705
22733991
4789591
22137908
18930413
26172553
19634602
24048909
28011944
21953593
17920323
12604118
23030138
23065326
28603896
33472150
23728721
22086527
20391453
23503946
21707495
22248951
28121597
20504737
23695627
28538423
5825134
20307615
19727100
29686868
20384124
25469132
15218683
21376013
24917954
24438161
30123984
25622002
28078027
29846210
29707447
15926669
32373618
26992650
23907543
7023138
20354209
18599656
28303067
27987351
24119065
21910862
8311251
21296932
19891031
18072321
9777391
29882635
28447900
17308455
27698223
18747724
19956036
28195645
22005081
17522152
27837973
31344732
33177988
25315089
29800962
21314889
13682758
26188214
13371488
20282811
24080860
19610858
10015789
21084308
22104875
28941556
20380204
27824608
24511421
25414189
10734897
24671143
9077300
24807291
18700756
24780025
25562183
23501129
17430223
28942141
6400886
21686327
30074351
11906071
23094185
28829444
28683498
2448662
26386521
24550036
28472510
25874434
7066086
22723344
23495346
32008869
18258156
20190459
26869066
23760636
23066624
18913520
22733231
7757739
28081313
16667487
25484198
25685971
28762814
21957890
24095115
19062818
7791876
19460496
23053236
24697077
2342082
23314258
23404000
19090756
13782190
23084652
16972121
4501964
26991197
27107073
20311956
21102432
23415355
22726940
23722891
4826602
23562801
20959562
19609845
18259207
23072172
24615560
29665501
22703038
21984999
23913609
20483885
4472956
21981646
22501787
22705030
22641110
24633591
27683975
23995582
24140288
22647839
20818852
7608802
24496691
28167302
18380109
21095830
9045180
25256146
25149686
25154912
28582705
15589799
13202534
29770526
25620183
26922060
24787105
29586862
6151859
21941943
18905447
22997957
23970795
28116441
29235197
28139674
24580503
26595884
29287827
33249243
23635106
23751433
27888799
15931525
23783781
18473083
28233168
26850526
21643886
24753170
26217368
33430270
23350556
29918482
28141618
26369727
6584629
17700537
20118605
20761459
23445366
24998529
23086089
19838086
31072054
16258476
21341393
28762721
4539609
8309150
23711674
23651769
23984447
23207201
10518572
21607479
20961783
20280052
28053908
32008197
24779666
23536512
6236460
26430403
24732525
26378881
25385029
33914269
26849328
21926757
31063137
16278047
27070788
12478441
11602531
27345776
26054855
25473847
9611394
25377658
22412143
19018819
17928388
18776231
24915269
11034401
23568863
15489675
20390979
19088004
27044732
28509643
22876487
20562828
7620052
20638695
23058781
19788566
19742166
18107828
17838001
18497214
18861481
22258565
29080481
24687926
13289602
2005462
29022716
22287294
23861666
23649875
30244901
18238610
28770947
25576174
27101647
26812450
26633296
23210337
29198499
23553269
25503827
24777255
7770222
8785890
28495186
24439674
30528439
22832359
30451583
21300697
26981008
34014111
27539370
26362049
28788508
22923150
23034571
11095741
32048340
31683180
19534091
19431558
18709237
24506370
28572883
20907508
26915368
31936701
16616345
12206333
30297316
23672233
20577290
8425045
4227835
26350943
26338752
25182955
17305242
22546470
30525220
20796023
31963515
17848875
21795555
26751269
30110909
22346120
10707839
22883910
29519787
24991586
26339626
27512793
16830226
25249893
19022459
24314917
20444831
26873080
25671480
32422460
26001499
16939942
31740889
25272221
28502408
27656022
22367919
28402931
23096328
25594434
23169300
20026147
23760995
26626842
21125117
28846127
19932505
25060265
25676561
27359501
31626330
10943558
24917535
16942622
27002216
20257749
25779418
26316171
26521074
11831777
31110091
4620988
29280103
26961925
22444299
22905167
22559968
23757188
24156986
28315281
18359521
23082565
28323448
18004611
29483405
24111912
26429751
24009789
28620934
19904083
25955966
27470763
25797421
29640081
24041526
31347371
19522457
33225101
27183484
22796318
23516239
17659168
2126731
28179477
19120789
21569124
30039442
21444372
19144583
29884222
8675465
23310634
7964606
22269773
23224993
26633368
23866560
24407795
25673085
27067740
20518498
25185950
26657829
22359967
23066643
25863182
24445655
25628446
19954340
23037271
27928008
24405502
22345169
24854505
27072413
27848135
23669663
24055132
24776957
31706383
27809175
24428254
26462232
27747880
21852933
23852403
6770623
8129001
9184732
32181610
23507691
29832316
25097876
15481345
25458973
9728793
27708880
17938241
16904083
23163264
26351822
31119873
24326576
26651466
25887692
25537089
26283911
19832415
4632613
12603348
25727478
25530954
26586717
20860381
26186264
18081808
6164061
31118463
23530678
24829670
3297791
26950153
20415034
21574580
28546066
24979113
24755052
24020599
25166075
21468240
19895373
9491795
28357086
23061359
25106144
19145978
25751173
23161502
15585978
24511497
28933971
27270212
10983116
20460586
20581777
32478650
20050341
19391923
27912694
16384956
25208265
9422780
8880787
23546141
23045040
2040001
19998897
20422590
22999973
20819523
21797169
30725479
29211938
17690985
24949179
14913663
28237408
24985919
31143184
17153836
21861955
25074055
31011350
20712954
23492846
25372186
28228466
23599619
23075230
25144810
18577814
18175219
19637009
30640163
26790413
29950490
22501245
25768656
23154534
21802226
20154524
26549727
22603767
13120780
25086326
32352226
25368669
30951301
2255115
10209409
24479953
11930101
26601383
16897012
25109437
24238130
22057101
25063136
19806548
24840389
18534866
22359262
24176014
13045438
22842354
2008371
22004835
21180257
24168278
29251334
19978215
21713554
20260687
21840696
19405201
27805353
27767700
25886224
19096445
27704248
24648898
16730493
24211233
23799711
5324788
22518665
26541930
22067352
30278947
28520145
23999297
27515496
8959986
20137967
22799571
17224280
30068305
25329302
20930722
26597947
26102982
14642212
27196375
18085858
9043099
13567149
26203990
26269389
18650161
26236433
29632057
26035386
23708759
18227963
28396667
22606932
22044932
24112293
29265614
22651244
26318562
17559179
8163790
23981194
22395262
19988368
27482519
21354968
24893667
27009653
18970336
19564961
27333484
13825660
16579529
33594458
18848782
26325653
25030508
30827875
28294019
22518889
19757784
9937886
21941903
23614615
23566468
25719823
21088919
23839884
22389127
23156420
6924731
29955093
21685182
31421148
20832652
28012685
20056101
24196436
21337582
27795929
21103806
25491885
33737314
24737145
19648709
22602265
30237627
28950926
27498126
17039565
30889587
22647938
28896262
24224310
30142603
25958666
23056267
10776953
21560667
22019950
19095226
23396417
32737692
27752071
27537527
21712911
26463975
29288525
34266206
30415020
29401175
28248115
18474923
26324566
25612152
26289946
31925584
26218312
22072948
24389680
26868269
13847334
25665003
22244773
28499304
13478060
24440608
22479197
20844719
8485311
32825961
24324707
18476817
23751154
21645327
32408575
17121878
21112042
19573242
27764023
30629213
31943217
31294942
22221359
26772187
19268969
23226431
23924974
20637467
17034426
22227668
25947167
21177299
21445634
28329734
24802068
30712185
26102149
25078845
20671087
27331999
27146610
30459005
31933213
23588780
27575284
26755042
21635677
31492987
28650074
21132920
23154992
23463711
25107407
27368166
33188798
26092460
30401814
24288962
19304937
30532459
8305124
18108851
26458092
29920287
21086173
20964730
21673268
20804515
24674909
7319138
24854014
21576351
30683395
30402900
27867596
29362279
21437462
22010089
22808019
29430905
25754660
25593679
30693759
27984966
28995956
24149627
26338592
21395467
4693148
20394379
23681023
23207975
21624118
26389361
19441702
23082249
27609755
12503542
22468248
23297602
28007554
29354667
25888825
27526041
26446214
27809543
26841886
20824232
30237932
23903367
28492233
24970221
22219724
20231945
17837670
26617129
24894313
23636270
22718287
22623030
32911708
27721287
25278298
21336101
4897467
25268929
26108120
19556609
13780624
24186766
2823436
26235276
25786769
3914476
23812324
20226475
24842765
24707382
27607152
20337757
19717237
27778296
22314186
23493374
25887955
26253130
23250889
31279837
25416084
20452836
22341950
19856151
32943269
30162303
19312146
30025931
19015680
19492416
16531190
23038166
20084215
23950555
17462159
27235100
18404215
30708127
20466882
30930751
25225792
5373006
24952359
23879378
5339646
25321696
9462197
32497448
22590362
24576946
24587910
24819188
19025053
22386085
7323240
2315919
26133337
24051571
24704661
25101910
18953541
23258913
17244597
25088783
24507237
28974538
32148825
30968026
23501060
21770828
21138818
28112979
21853124
20296578
30435821
30847453
4697305
29517588
24622351
21399691
32764746
22998161
18825999
15876729
21288378
24998961
17202916
5682502
18660019
23677548
30585816
8157297
26545897
27728762
33457081
27106531
22478659
22041588
33173732
13039169
11609716
25978865
23274303
22964334
17141052
15397952
19791384
11564648
22888847
12224754
26795689
27408236
28227662
23078346
22713433
26935215
25512748
22804294
21525661
25573854
27357330
29937065
22969557
4246742
25695888
20640740
20532118
26168866
22651881
21978927
21293927
23325092
23724386
23782644
23472813
19994563
20917156
23560985
27934347
17678013
21229232
27543273
22666147
20345786
28130143
23167226
25962746
31039187
4074467
22944468
27434013
13927911
29446668
30368666
28155011
27899028
31560843
20295366
21557987
26406972
29079192
30863461
25971538
23083605
29586692
23237620
30845448
22590067
19928330
20871830
19686638
25333056
2731104
27402614
20239657
24317970
7416744
2638108
26899479
21971275
30834266
20767659
24382014
29309545
27789477
30828858
20230236
21347997
28172666
31518700
25667403
31928263
21039876
24254820
19859440
24868967
21269631
29662186
25043752
24501541
16870497
19682584
33294868
23499575
31348362
21395904
34219125
26469943
29113007
30456629
27509973
20257421
34060819
26979197
27923605
24693173
26353355
16011462
18050375
25022874
18974319
24092336
25429767
32044745
20266478
4780312
11163202
27175706
22678519
22241927
11702233
22681753
25053148
20424799
27586535
23999837
27952353
25725121
18676912
26667642
24381365
25740553
11085992
22675460
21849917
22516521
31143457
19710500
23608557
26234186
25356955
21061852
20881297
23418224
20459641
24934590
29186854
26686059
21335000
21287277
16223952
29707149
26984537
19167760
25496788
23679893
29069947
32738631
6781876
28214185
30541663
20013112
25312353
7617362
27281352
20183156
21496815
21829357
24315759
21921146
21116840
25196407
21078762
23821446
24557022
28972969
20775769
23864326
26743543
29757425
22446414
30048100
30736963
27151878
30903349
17983953
23459709
29115070
22644366
31177812
28915772
24456509
22945619
25677094
25890788
29346653
25908232
24785986
24926673
33277953
21655005
31793171
29790916
23875889
16583136
23460205
24277040
9084853
18686398
26321399
9893086
24240931
30616311
8437055
23299602
22360410
30557072
31208347
24318909
6944982
24291753
20056992
23062803
29290658
32606833
20788581
7009177
12843909
25819014
31117364
23001346
22650077
19240452
27576156
26987832
30315440
21508297
17589346
19799304
26114105
22940761
19876546
19038895
25426733
17264397
20101920
28926912
25358522
28540588
30677236
26471537
29669250
19251187
27958748
23512192
26085996
25606687
25080500
31502092
18842190
19627667
26555913
26534711
26270724
17459196
25462928
20366179
21390787
7362227
16592388
27821381
25280950
23627517
29157091
22662577
13542636
26282922
25263420
28090442
29940192
19394795
20304684
29864284
17885583
4134279
24561943
33866338
8061951
28629848
26049420
24995637
19776900
24771376
23552347
24609930
20058656
31149231
21038264
21781175
19612576
25613761
24578865
29736422
22757661
15358795
24443282
25001001
27314405
18338983
25269242
27259669
21148161
30184777
26728412
19692567
24577632
17736432
30754450
2656344
22729770
32118241
24057276
23028107
31218835
20158320
21985148
20605422
31338662
22058733
29098727
24647680
22753952
26978638
23735186
27131797
25977592
18777873
27292649
28023843
20860786
26382115
28388801
30118540
32608482
17369425
25334562
18657398
9621086
22885579
22066937
21660719
27060462
26783941
31868796
6190649
21935511
20551231
27233180
18841645
20169482
20256530
31017208
26226261
15983010
19247945
25022333
25811022
33387216
25292281
20611955
13204994
26478795
22175622
26491842
23859644
18924471
14576693
23691658
28684104
29300788
2692892
27180355
7268059
21673440
19909422
28212116
18170069
27543914
11992308
16729425
33715456
22521615
18212183
27325772
25169728
26175734
25608971
29703080
28128160
21306753
19421578
29207166
28290376
28627420
21063669
13008282
22445502
18916204
15682117
24004660
15687492
23683068
22441877
24241184
9271056
26542296
16108755
21828547
15318898
27686048
24286139
22048828
22935227
23602904
29704202
17362180
23011834
28244824
26092583
26398822
20536160
29683080
29668102
24596201
32753035
20168367
15587946
26472920
27269262
27379225
28291486
6598536
24437291
32858053
21557728
25558260
18711616
27704525
32322099
24319873
33019140
8989237
24703453
25359043
25898422
27660939
27948110
28753833
26738612
21911960
26571387
25115355
32066718
11174113
22998806
29024045
22377662
17577509
12502330
24190441
19510928
20855234
29949553
24787482
19931065
17622697
22358166
6007794
16779011
19176786
26448959
20466184
18409605
8889609
22238776
28591584
22721511
27996977
20963306
24860339
18390740
24430329
25655208
26384528
18113845
28738130
24166466
26751690
18292333
25039998
25614752
27613002
23324631
33043564
22922630
29857111
20538368
21611022
23291840
25114514
26620300
6126401
21280036
22808499
32784073
23163314
23222206
27136508
24196610
21389545
5203243
23557445
27784251
17557297
21904831
27364316
22389492
24269863
22985404
27055292
29462515
21569716
24517159
28956748
22878026
30227159
24868269
23409479
18591468
7983730
23036579
24907131
23668525
20468765
27502264
28833731
24388652
22902328
23524718
26364649
30685988
23931003
27496268
21210627
20265061
32158357
24064838
28581233
24689458
27671993
29232031
23278342
13087378
19649565
19759997
27006152
19840664
30350758
19462294
22591457
20532359
20426365
29653312
10335321
18700633
30741432
29497733
17248644
25723083
28922718
25618166
29764871
18723528
27197857
23904369
29565702
20423617
22710449
25549953
26920124
25080339
25928687
24932155
22242890
21313652
7535279
16888555
24777627
26717734
7669974
25609521
20814554
27586255
22588501
24628730
29348738
21793828
31588305
22684197
22366678
5854955
28208875
18421329
22970888
23068081
25250007
27244658
16640453
27256426
23551136
27760648
26749926
21722235
4964665
21399338
31338260
19004782
19176784
22558277
29224945
20517774
19593201
30890854
27115799
9158681
21284526
19957048
9156079
18932321
23811323
23118333
15880264
26431827
22428009
24633423
19873243
31759470
30309491
24164464
24729224
23221310
29650382
25284004
23184655
22522931
19535820
29223714
25642151
24183326
21509975
23292937
28387423
752115
22890073
24943125
31331292
18173650
17558345
26439677
24002038
18206178
22382356
26443937
25680388
27850817
28835528
29610031
24780231
25407876
18246846
24602179
25838756
21981657
29918847
28824461
13207527
29617176
21014503
30182798
29037119
27131311
27751963
33141259
19534841
17751552
19889736
22360890
25992022
31360758
21403023
30560746
21044457
24807167
22238725
25766483
19957233
21699817
8624557
20508538
27430214
18489971
25703945
29877594
27842937
30315726
23124218
30367086
4417508
25931920
22289027
30343436
18476170
25336566
7751062
28833260
27677538
32401816
31616408
11253588
19985913
31162051
24052980
20328000
18883281
20380874
24031029
20918327
22418510
25055659
27510146
26456784
24057853
24046497
24013881
28667817
31133321
24651549
22991355
17598191
21879949
26020560
21202577
22232292
26884487
21354095
22443497
21246104
29800372
30492273
15922129
17819832
9606896
31559646
20746381
20080572
27232151
20845626
20443032
27768915
29434932
21880351
29192012
29739827
19456506
27271154
17668770
31320117
22578063
28740750
20933503
25227222
21332193
23633202
27058504
29524064
28752343
18721067
17279651
11455837
22969034
29764770
22782808
21189498
21720305
30568922
16953714
25695308
18500385
22625662
17022617
22830589
19914365
22725586
6165408
9594150
23968234
17054689
20383366
25254737
26327690
18255119
30475968
5486283
13135139
26799690
29792711
25127050
26143224
21433520
30021752
19871427
18128373
4878243
31395101
23839347
5622518
21610659
21102815
21103704
25369192
23821614
5987242
24728174
26708284
25635428
23178737
22557841
9862636
22709937
19919203
18932024
19365089
24205179
23551575
18463672
26390568
31047036
27406428
4233503
24594144
25564498
22129200
26706328
29468289
9171991
30044140
17749554
21089080
21912751
30220258
31813320
28232580
26655084
28627683
24786050
18292479
23859406
22562959
21702248
20044857
27678059
9459507
27485730
18206521
12516627
9936748
15740727
27718878
25258726
11982331
23739355
26804349
24231176
29795420
21396341
23174010
7484299
28195687
29647895
20734714
13170589
23909263
27558635
21530125
27035170
25048940
6322629
25429527
28780744
18571621
26011195
25962487
24068147
23239643
18018138
24958783
9672366
18867439
18281935
25311487
16383846
18108640
19243036
6362486
29715052
5170679
20065630
27492988
28846860
24402296
19701904
9866368
28700805
28609127
10707432
11505000
17995430
16641322
27704843
18162388
32398982
22100004
20608822
24189790
28479164
24277404
25597342
20288801
32724680
24892384
25327643
395788
24363147
26934666
23092161
21045102
16767670
27141934
20236307
8356746
23713121
27649374
24996802
24787697
20283785
30320757
23573779
11642870
25888077
18284624
14108905
26203909
28190372
6251430
21224318
23253828
23869506
19734376
23339084
22328440
18830425
15468242
21712162
20200659
18411950
3833310
20521266
18242139
24723912
21280032
29172619
15918569
24526022
22262550
25298048
18751587
21530715
27791162
23275975
19660586
27661746
24562830
19520050
26086216
20688507
25606197
22050312
23401119
23507492
29511503
30165029
9323798
17214962
28451632
22841682
29594803
22508092
19310576
18682231
19219667
17479475
22397624
30102236
21522762
23806668
22525913
17593299
21639753
27241816
29740797
24421192
25555878
24421753
18379901
17016107
23847037
29926078
6584054
26064765
17535025
22004698
32860441
28327325
2782376
30207195
9402454
5537247
27945458
28560788
24622408
18767818
19945202
26760776
6772292
32041923
16838458
24246550
23229465
7847528
21975500
23827820
22665861
16057290
20866507
28077424
25294833
15547286
23565917
20060775
31667608
22791599
29851372
21962735
24564387
26419699
27770401
25238357
21100465
27046853
25363375
26211940
23433889
22294082
27404334
27124718
5386221
16943951
11045174
2101943
8674955
30823936
24869164
26380212
26620925
23452490
25933561
18485337
31219476
23934593
26557161
22075686
29057744
14725243
23048580
19656189
24174146
15807879
25947759
23181689
23018368
21363506
12465207
21516228
22866867
26229521
22813565
29446822
25725563
26638303
28075329
25405367
27768928
16672896
27684491
27529138
28820125
30774754
26963573
33300835
26740396
25947512
27930159
22641839
23010736
17720366
21426657
22675088
12467622
27263537
25169850
28626501
31650570
31181699
22355687
26934071
19622489
28819410
19906795
19856101
32821444
26900495
26515058
29302081
25886961
11605997
30616317
7027544
12443438
31804588
5947119
12183522
18997299
30261776
26605677
24573336
11209808
24129195
9454726
23017921
21569968
25897129
18192921
25482456
24006487
12511592
16728883
29021360
15176358
28938689
28582429
26313688
31041033
28755289
16329454
26464779
16780335
2578904
26901894
19885289
21076450
1809727
31064579
18897999
20073338
24631889
19677349
25259721
19303522
18364264
29381427
26751243
27704326
20292115
16970561
26473217
26526582
18983687
26746885
17280584
19714573
27145768
10424137
6354441
25217476
23638719
7347260
18748861
20357227
25809840
23502189
17614299
24512377
22426053
31612246
24248273
17246634
30709889
11769896
22490208
31999054
26918840
20232069
24738953
29900175
17385088
23623643
21380240
31074733
31146030
25699865
20738713
905821
28406180
25228176
17348318
17786174
21556870
33401901
25388877
28805081
20125006
27557313
24154646
26554436
26454104
25289341
24133343
21087321
26823476
27641887
15544306
26845607
23321999
24323721
31685210
21716537
18313552
18969358
29270934
28715405
24801361
12521429
34355229
30238274
21786519
7702049
20657240
18719239
30339463
24624058
17113560
24625563
26367904
18062430
32486340
31805401
23805179
30048026
5073476
24496368
29381238
30380382
32875526
32516776
20247496
20960526
17993654
19538622
20990949
30021188
20257113
23281455
24552365
22287529
24616012
20452981
12787691
18926089
10967526
26774095
23192175
28503661
24737800
24516324
22444340
27929851
26604301
16597877
19782339
17565662
26919855
20525592
21181412
32111104
25595751
22581476
18696212
27553392
30726602
28776352
21689331
22931640
24384047
8722357
32463624
17492614
24374928
22168102
28145733
26129008
24201566
21190502
24815426
25989977
11121548
30775721
5898602
2415256
29104498
26362829
24598633
26049524
26882861
9144350
28040051
28341822
6770700
23542701
19626508
19410386
26635335
20635687
26270790
17368049
17659500
2503217
21483918
27954487
24093385
24860034
26134091
7225447
19971859
30156767
29431769
18850556
24055356
19673885
28377304
25376277
23746887
25869922
21067336
27699839
28391946
17163534
29582757
26061274
10565825
22732442
18639039
8708467
23068571
26448657
10373570
18876268
9838285
26720197
23492037
22181257
1955832
9703138
26180000
25316220
26879525
22835305
28525072
5625816
27781298
27687722
19503265
6735639
19515899
27753051
16824384
20831494
26404724
21950828
26006846
26218343
19855840
25915075
32470478
25646309
19320526
31375425
30946423
8278343
27572615
3282107
23949630
23060768
24533849
11346733
32411883
8602334
16602687
33265370
25617990
16737347
33833766
27467162
22888111
21927571
25044974
22110052
29483837
23632875
24114972
23991013
22509353
29121503
20752462
20545990
19996216
20777059
26796205
29841394
25291655
25517836
24115404
23320981
20160372
28903542
23646533
22684327
22941396
23153220
31215533
21751224
27498693
12342345
22760404
29326871
24491730
20247480
7762209
15724143
24731292
23900444
23102858
22481607
26938344
26297353
12441657
23353666
25206628
20472349
25925226
19492260
23380558
29466746
13105699
21844935
18545122
19328724
25947780
30639088
19935585
2115995
23999614
22247408
23019356
23161727
27226710
24273615
29793764
18363691
23878519
23369104
26556552
24174008
25890594
17631088
21222971
25589972
27696681
23835790
25163169
22659828
22326278
22810432
24625027
19708010
31090740
6958321
26821865
29291442
25387239
21982661
28030423
15951216
19474390
11814397
28411087
25158270
24625287
22598912
33299628
22105579
30329348
20329515
23239156
29136035
32003021
19272026
19053213
32379915
24425140
22081457
19586112
29942217
16963644
27180468
28664866
30017618
23120594
25732020
26229460
22228884
16406972
25139999
31341459
20521329
25928144
28853954
30196928
21750267
4564478
23150402
25227653
26254368
32192477
24478113
30449187
21842957
19646082
25054754
13613001
28231465
25084062
27885661
23534284
23166504
20297508
29319634
24519462
21975582
19119939
32087000
22009731
27629896
26090328
17941086
20473640
20139121
24776813
31109211
29341381
25229158
22605721
23407092
24148521
12587766
23109697
13428433
24628358
17802304
7741109
24551283
25327402
24327878
10667339
17685758
22803875
19013744
30074800
5291136
24893016
19728591
16887963
2418205
15431500
18653244
33333263
29645417
28661585
24023138
1855145
27094542
25014156
4886984
22599264
28305092
18886701
20118369
21959820
20168925
23903814
26037955
24260087
29462626
21704845
13198501
26841899
27243890
27549228
19274261
30905091
25865039
20520662
25822948
27407256
21762032
24294011
26709740
24481717
25642795
23757312
20785141
33213025
25159483
21440328
30837149
18375442
3753183
21000420
23332168
27962082
31144359
25765952
25266365
18967460
26790708
12158604
23728157
31058400
19094019
23675841
18843825
24081772
10282540
25737228
24174025
25521432
19117726
21346660
31166931
16499863
17571373
20256661
11771309
19771001
24317389
23409518
18206612
21359932
18885080
28864758
7150252
21917851
22476941
22568916
30409390
12497884
11938529
25248093
28360165
33305978
26067298
8878236
23458645
31387627
28587877
26950262
21811717
21170947
17769958
19053240
27264447
13495299
27888138
23040076
29802435
20900790
21818279
24818487
17949554
25723989
21919257
17778225
27272964
22756590
20052937
19910886
23128079
19578110
22782451
23916927
20111880
21683889
31127618
26289935
28764981
23716237
26724025
19613887
22867136
3865148
10336930
20699242
25377600
26028144
24064682
26470941
18145098
20588350
26620440
18058905
19725402
21635185
22024039
27165890
1518707
21853344
22549908
2294824
25703843
5802478
26725759
20021506
2658837
21881516
26702666
25439032
33228799
29910990
12283385
13808646
18897780
28122028
27803791
30697042
32084959
26301454
25027102
25030172
24537080
20515143
24359510
27092578
22114477
16561790
32301044
21260144
25526077
30266258
21732954
25379103
3332528
17837332
24916055
21486718
26680730
18350106
15616271
33055017
27451468
6673324
22330599
30869306
13866140
25284716
19999278
28372664
27944885
20085689
20298079
13795339
22234966
22469818
21269980
21855399
19883091
20416211
24127747
25892085
23316814
24662070
26687670
23026962
32458321
21291458
13146618
17812283
28077595
23538859
27331564
23048059
10989555
19167781
21111390
25769078
25115618
22025099
17399609
21362573
9012599
28020155
8150512
24507831
20340172
20559768
25351196
17972167
21197158
23729180
17974472
12705172
24312407
25755721
19773958
21538673
25943671
17974591
29940646
24173246
28133137
21617027
14210064
22452686
21710794
19529198
22007872
2270059
25777514
21902563
30072537
24419447
18093390
26656128
6361033
19445863
28395517
16203267
21944980
29712933
33727666
27508765
18510636
25066384
23209269
2268954
26500095
26248282
27112533
21063233
28820988
21032625
26314570
27149074
18803797
24504941
22313524
23769203
24474616
29248478
27412623
22453158
18104199
29512425
25610962
23333459
24523432
25903710
20589332
25715661
24519403
25296891
23387952
25764104
30577035
26287567
27746553
22150700
29621961
28295837
30364740
20770487
29027006
24895825
17224005
13349042
19887544
20509908
19896827
23866804
30586967
26821512
26822898
22768469
23752791
25628301
25272948
29200343
17637435
21192826
21532778
26538711
25509502
21145669
8697018
11764189
23344341
1754402
19486498
22554426
23876826
32137670
14816102
15208112
17076783
22469861
28436234
24019793
25966579
28653556
20940803
27435423
28843599
12412422
25972550
20340888
15891817
22288436
27289301
30459549
27463385
8952802
20036515
19643527
28565874
26031010
24543835
24010061
22265832
24314194
18290331
23470021
29101367
25928883
17858181
19877736
20327445
19737193
27709198
27514654
30648617
22985899
23852599
8795579
33147236
19546127
29573695
22733562
26140379
20743704
26283536
21610604
19600777
29796457
16642095
19544579
26897305
15758203
32383040
19068315
31610859
8931949
11044305
26077555
10078327
30094513
21348533
24688548
8889750
28114181
12008088
18810703
29809386
19418042
26341765
8711268
4018976
18910418
19972468
32100765
23785269
31267631
22538792
24809186
16399784
25757268
23323015
22463947
29461542
15466184
21013024
30535253
29836236
24875123
25502980
22847514
31378625
30927925
2835494
21598843
22960725
25348489
23702641
19048482
20380478
28173967
21223047
25781001
23850929
20336741
7885002
19157946
23566186
28531646
3874320
26948329
23022163
24879740
24064875
26247299
15192582
24760184
21954614
24748640
28851648
26165589
30170871
13346196
28686073
25679248
23980986
28693644
23611562
22525774
29276602
18971882
22169474
25043887
28842171
20800080
22176057
22040899
22636083
5324052
24814559
24170718
26882664
22441107
20109394
23791125
28889894
28357185
19792509
23304045
32547844
13147710
24891389
23355915
20315532
28414949
24199087
21747029
24624421
30490416
28163214
21069789
21456045
24176325
18172496
20258446
20220688
22412479
24616342
21135837
28982077
26893822
25723648
30801093
24063450
23930790
19153531
21686131
28180052
24922913
29270469
24054996
20629019
29177309
32068195
27431392
18258192
25520377
28481786
28121263
10346042
26447245
28272481
22172109
21722743
28825022
21878312
32854709
24491656
25929993
21270596
25653969
22263131
32562766
21091916
22550381
24123005
20504645
1736467
19709080
22225730
31030674
22484630
18271162
16908650
23093677
26775289
26735843
12574366
23211889
20548990
26572672
17899675
30267007
29228839
29020560
32117355
15381095
23312502
27605470
21351810
16763052
28555703
28445632
27961159
28689825
17495112
24657176
24530064
25098483
18958332
27318281
17853077
27372588
9447501
28712501
1086077
19816038
29589460
27449244
24155379
20036294
28794956
23165273
27317782
18199885
25073458
29116174
20690448
25289556
22008273
25347338
32234709
26535704
2572881
27493469
9703683
23109860
22562311
8911297
24007497
25336342
29709529
24285985
20811289
17441982
26216688
27773623
25079610
27429517
28940883
20328038
30400742
22606116
18350045
20687112
22784512
31443803
20531487
21697667
20361174
24875346
19024588
18090287
19368456
23305642
20371218
25185441
23131710
18479227
31671964
25534248
25158759
31159333
23537265
23353068
22929210
26214986
18245427
24474033
24281862
21580355
24571357
12397528
19631466
26864987
18742842
22872572
24200846
23790615
31159777
25467997
4206559
29529102
18131473
22854638
27356495
26625170
26390500
29133292
22885643
24496909
25398309
12040089
24284465
27439263
20737407
21957621
22024071
2881742
31492161
9642792
13539157
28308553
31525313
23793018
30407276
26386619
32294672
19529410
24353639
24751844
23090702
23505019
23560183
31618110
23803242
23517659
20508187
25332604
20393122
23560650
13288244
24927670
21255134
23061309
22183295
23980405
27546923
26521126
6152852
24708663
19071222
28196351
18226738
24162015
26916123
21435457
25218837
24567493
24812479
31976987
21796176
24597515
26741539
24201605
27572105
25979756
33625070
19762327
28755698
20665489
5791349
24642616
21858747
4745422
30349193
24158683
26735798
19628937
24152414
7131075
16935305
32813144
26084955
26374424
24127743
17788049
21513274
22937318
31259733
12005070
25880576
26484190
26868056
29257849
21390199
25700447
19183984
17660487
24502040
23390467
21784471
17019481
23772706
23048016
19956568
22490832
28882284
24443457
26617464
10239550
21410404
24738308
19192358
29260479
18556055
19562979
30173585
28741733
28523970
25229434
22423045
26688038
27697368
25134952
26236387
21077371
24630011
25041885
25237801
24388196
29507515
24560614
5488987
22529893
23258100
19413868
21161321
24801519
21248684
2365172
21934267
17405693
27208435
25769421
26157278
32876974
18876085
29054723
20236999
27568164
23535161
13728445
22058390
30091472
22004275
31146644
22431429
26064443
16472664
26860722
1118275
22023895
12068769
22713391
25746221
17926968
21438804
5900065
21500823
24673833
28918402
26694791
26686695
19137831
24616140
20714483
21763346
26105731
29492389
19720546
19354285
26848237
13476667
24175892
24943958
25492375
7619900
24321344
26747910
13146776
22034709
30630200
10102412
20628466
26327090
27755406
21568498
28544226
23803824
21676515
22316114
29467380
21257809
18737260
33007317
19216713
25043730
11679206
27350607
22650704
30139968
21749210
28720458
24691090
27108656
24702872
3581292
27170103
28117954
20565052
22321413
22265283
28674647
9368596
27331062
29266157
29320579
25016070
24239635
8488317
19677595
29603809
22700718
25502191
19034028
26198334
17470126
9681065
27675265
24327537
24316301
24021815
22346103
18165251
22982491
22352736
31894898
9801289
23464454
28842590
28258417
27509348
31848113
27391675
2306880
30287269
23525691
22669758
28503463
24152940
18853597
19526762
20080481
23485080
27300892
24433530
24578689
7844523
28307217
17170858
21305222
29520335
25005190
25475059
21182014
30820672
26560589
23250084
27088467
18827915
25605681
31029004
31144619
27774819
27626504
28279565
27093984
24708738
21644868
18128207
24901717
20294861
26319551
27862935
33461548
29814555
24858590
30083913
19056274
23607473
22619574
26542265
18955501
23552452
27173226
21176758
25565834
9842812
28045571
28580310
25065288
23743439
26790202
33154588
9887271
26660638
24817353
21075827
25097228
25003861
25758506
27378780
30075475
30141142
22114242
26155797
24532250
5565454
25159460
30534701
4807046
25786637
7424651
23901701
28257439
22114436
25069282
31611815
28030492
17450239
25176703
19906473
16616243
21118979
25203180
9359190
26495203
28071969
24995148
24633280
29593151
29024633
28325335
32117384
21593101
23999665
28585678
30270354
24185829
28160533
5490592
25121349
10120118
5559128
28714948
18098754
23737222
27236884
26217471
29599005
22424281
22123264
26131794
29289089
4285987
22680510
9764401
28976655
26465972
22619072
19892680
28775125
23324874
25641582
27242553
27236731
23270164
27867515
24172107
24271973
26175786
18191130
16170659
23646208
9992729
24615090
27984170
25991214
22494320
19464027
22888995
25150006
11790470
23099189
23604148
26790900
26769379
24769653
20560605
32479067
9107298
30929099
31120657
21365164
23087775
28149198
17963313
15450351
19311286
15878727
27764316
19023087
25084176
22097561
23243596
32319000
18841822
19101485
22221744
24285030
30348514
23586479
22702502
25571067
6652317
19774314
19146599
28697081
24255257
15958734
24670209
25314895
13733477
19967959
26221737
20980821
23512351
21007449
21950780
16717251
2765279
25233853
19840891
15559382
22630818
27614992
33515175
26124905
18791909
11739454
22880587
25112424
22169733
7072479
17343528
30557146
25143851
2587086
23074107
29400855
30419343
27886374
20288948
22142700
17482902
5539143
20650342
25991401
13666868
28638826
13056685
21466842
29738574
25413595
21192564
22976268
23385899
28844668
23916560
28764480
27250712
25031205
27629701
29779687
18338705
24864710
21579394
2141634
9055302
28064039
11656721
23272247
26489952
26964995
26763329
29525076
31798176
7143391
16929261
29974633
22050748
30999863
22530526
22524444
8267576
17624133
12994965
23891907
23085182
19313366
20033958
26409521
17215805
21922634
24439371
26341912
22734097
20337086
18462868
23509914
25823611
24060582
5362169
27955447
19388025
22696304
29923811
21502403
16577658
25710129
15466582
26663650
21559465
20995144
32710330
24237568
26657839
10530846
31192551
21170045
26026003
20260167
19633616
24681375
25116303
22220903
15995826
13734573
21433948
26044918
29952966
30763386
26505155
29253790
28857302
12101680
21388466
29733653
33510205
4802541
31988324
26825284
26086177
25384418
22742077
19626887
24106074
25615053
20835128
23723829
29451258
24835716
30820123
29230332
20731213
22889536
14158614
25229788
23698913
24382976
26729873
13673391
10456899
26215002
23974255
24960395
18882275
26309651
24440944
28381632
27342434
22471543
28254602
30321831
26541443
20336137
22797547
12950601
29935608
25272427
23226912
20126431
19119104
21971463
20265654
19500939
16322861
29357482
6288795
11511492
23548584
17550423
23986985
25249190
24334847
24119565
25723315
24942251
9717465
25027135
21892747
32882146
22714877
9598872
17650471
23314915
20954994
21191808
22922312
25523622
22230996
22771913
28904259
21732643
29336482
23430357
25278568
25870001
23654807
22357196
5244697
25128310
2480693
24432560
24747063
21710083
28115726
28530208
23154935
24501638
29644869
13103597
21748564
21620921
21817597
32353051
23293455
23801986
21063595
21614830
27550350
24777756
21609564
19605983
12803447
22834117
28748210
25768015
16218021
28446966
29251710
20322504
22587255
24641056
27551709
28077458
21846344
28248069
23659125
17864002
2477907
27586027
23046709
19788692
24570557
23750490
23138043
26618618
30093681
29303106
25510188
21749002
21454862
23894126
18025084
22673047
32037061
23535532
19410389
27479657
29016122
23480030
23618825
20823207
22149928
24608024
24161423
23940846
25055923
32948573
30445758
19384812
29722600
25287602
22106952
29714891
25856041
11487548
28015133
24992749
1896235
20802478
27356117
24005032
28057152
26067535
25818098
27076351
26422787
28734203
22633138
23059213
25593874
23473546
29378817
21052299
21583931
22419972
26560564
10814291
30039513
28050790
26984804
22466668
21569994
28405998
21544775
18105546
22535183
28096105
12377413
30240577
22839174
27826855
31915759
30877896
20247095
26721119
27266060
24837114
5879411
23618175
17846094
21927614
31158538
20225570
18969676
28096303
6064883
27956542
22323852
22816803
26443676
28041623
21436444
26147869
29476691
25020937
21956521
24898067
29513617
27314075
18588365
16010860
21343520
25770454
24138519
29926461
28329198
25427350
6367347
24518523
7864800
29930210
8929989
26080894
33739462
20423171
32663479
20267097
25829055
25664872
20265835
27888685
23098774
23135189
32010456
24134053
19199465
31311470
30447267
25513922
24751808
30206256
24218894
30300272
31204587
19938615
25485316
22313562
18322971
32546827
24297460
19766860
17697799
23244333
24537476
19588355
24883974
30454294
16723861
18241334
4806666
24049888
19404801
23251659
25259140
30249402
25720172
25380867
19335880
19048293
18580682
25926822
30772302
26943709
34409279
22898199
21920797
23534089
2114366
17790971
27046190
24681596
19843800
1914770
22773171
28275515
21377917
9676685
20815161
27849252
21988368
23119807
25297461
18177677
23418037
23266309
24445240
22971552
19196396
16563166
26813749
5097752
30707108
27461817
2405656
21905910
21049401
23477074
19765150
24778163
22949790
33760074
17145591
22743496
31331346
22151241
22490033
22724000
28230318
30979623
22910422
24160298
29493482
18939627
21071347
21956738
32214649
27161343
6785426
21821714
20921873
25424163
33389201
19511638
33257862
22392009
11839186
24453185
23086301
22402109
18065164
24554714
4527028
24996584
18012068
18993596
26469119
22033157
17259529
17570032
25250787
26007980
28792542
30135686
29804373
25241469
23854129
24031589
28213657
22086475
14762860
34030823
31395039
26859454
26374188
25608393
21869261
33031160
32425109
4445743
24361236
17404233
25330877
25483655
29154140
22696988
25083224
12447706
31653585
25450967
25695171
25528153
30234238
7286638
26614352
31052714
22787641
29722776
29297187
15036391
16475870
14125412
26231652
28707585
24349833
30798618
21024570
19410403
20440514
28428443
29112083
32231465
25857020
6557239
29440858
30157104
7171630
22625764
20898263
21749127
28169939
24444091
30198607
26170036
22356044
22179769
23804024
12918471
18502839
26776457
28803621
26807195
24037376
25751116
23803297
31648403
30274561
28225367
25574388
26575845
23971138
25884650
22867970
30273047
19017504
27523747
27457160
16802979
25246264
25927255
24770844
22409171
28021999
26268129
30963373
27159684
23165911
21830860
24331675
28409870
27088563
26294912
14057419
31677134
32662719
23479291
22285336
21133511
24964962
25817115
19296263
25770140
23785410
29073115
29245656
19050001
27017745
25407890
21606339
23797568
28360905
24574143
26333261
21684859
6448070
25738435
27718061
2145082
19177015
24967084
21729585
14955551
17866411
28614918
23819806
26042883
18261072
20019024
7936792
29072606
29219272
27225121
30705863
23297730
29029250
29689327
21694316
26799635
23084274
23485090
32723407
18613975
19147175
21212159
22866760
33937263
16542961
16250298
25854994
7808530
4229441
19530219
13795439
24519051
24286227
28823051
29291745
23986371
18684587
18892239
29841440
25457157
29211440
19017048
26672215
19269217
20330142
19200467
25853830
22171595
27829863
27736457
21181221
21451574
24582561
26795390
23943092
26954534
20095378
27889775
29321329
21949314
26813232
26689910
21941911
30155214
31210329
31319019
28589649
21732508
1933569
26137516
20650328
24930640
17422867
23641590
7256127
1525770
26396380
25131771
28119470
10934811
21417877
18636883
24839988
21092792
25384604
24558439
19088863
25333283
24690082
28088012
22515828
22236862
28676443
28790415
24885173
19986961
25840950
20004630
19066367
3808377
32161575
20424870
30483783
16397962
25298702
19616054
23405355
25593523
23642739
29808332
18956784
20700439
19193244
24204110
32965248
12755254
19063917
27287943
4978903
31861448
30500547
7571628
25137410
24792020
25498829
23812741
24328676
19790062
16163094
22909392
27193994
20548370
23187080
24631816
5892055
16240572
20548462
26705730
30114584
26516955
22583522
21341296
27550075
18384203
24760886
20548603
30695709
24851412
12978044
18946651
4693864
31065894
25811908
27625453
25518286
19144303
25108831
28182193
22719101
25158941
19769510
25396111
20197415
27370201
23335345
21063976
16524149
25093091
4281529
19157657
25274701
11245575
21990880
6400910
28048558
32914684
28488753
25454067
29811545
25147498
29426985
24913828
22434081
31654580
30000357
19515449
21302859
23841749
20328965
24315543
27826304
25792268
21456789
18864323
849305
30454810
31392201
24554838
10216583
30616281
24467162
22616838
27339493
24629655
13209959
27392447
18675943
25137446
22396308
22180517
24250348
22809325
9263746
22089023
27241613
29972066
28724652
27370749
17884828
25548276
2480623
23674242
24773972
24426642
26888240
20266811
2944698
15241114
29308876
24543909
24257513
21924725
7626140
13617210
27378514
6483474
17361727
25956031
24368217
25059625
32511154
24151065
31167030
21843461
24554681
22099743
20505561
24052555
21147418
23686851
13976679
21789711
22854181
24030853
19369010
21558924
28198994
5605991
30966088
27252061
23018877
31645047
18774894
15474454
25954956
25360473
21485614
32663274
22990376
21821943
21977822
26981732
30595399
21983861
21969539
19895663
19659307
33092000
20853669
19454540
25319927
27551317
2658447
21719658
9781353
31908402
29906356
25154878
19942499
20424869
2246716
20771710
25013652
12576693
28290803
22937319
23804209
28329213
12260590
30424883
24281498
19975316
24996160
19928051
18924718
24529022
18766744
22638238
23419531
15705176
22898769
29918016
22159529
32707497
720322
1924781
20723695
29035462
17050057
17581206
26593533
25493139
23757171
9691718
26444994
12267960
28445306
23329448
24010724
9162942
27491708
24428763
20723078
5481628
26381665
21533866
21441797
24543288
22546346
32142067
21934796
24085904
21413797
17574522
16195438
26102447
24434482
32071609
28878074
32044441
27684331
21643756
18560925
28574848
24622545
28241721
29231524
26588097
24289776
29139811
25671995
25329716
27566761
17300992
17565048
25534977
31413153
4494461
27872330
21016301
27060417
24449646
2147041
22117598
24005406
21773761
30829161
16597937
32059620
20308866
22334460
26425664
24525523
26273216
17752467
21659199
30531806
6067156
21551689
19066526
26303837
20010978
26008926
25961006
25356487
28270838
30003359
26972096
26636706
24994249
26536301
29299520
5967310
21443116
21758655
30180060
25835202
20375631
25762330
26340610
12163089
20087453
27032567
13632296
30059943
24904758
27585489
22095741
26312781
26537444
21335419
24087474
4470168
28090433
22536949
22292892
25671024
17787029
22788135
5225226
30822321
22865619
22986016
22019028
23465653
29694571
23069754
28450456
19667149
22786316
25920836
26341369
23054742
33831197
21984777
28091101
10455782
31587617
20739971
22817105
11986410
6111439
11529444
19386789
7660272
28994495
20892300
21992134
18666141
23074860
22763051
24508123
21492317
27464341
29360550
22261397
20713964
24634259
23132658
21717985
25720771
11380049
26060384
26983924
26351809
22679257
21317389
23222588
26282568
25518207
24601163
27367555
25723738
6430795
6044078
22477301
18537517
23311188
25804135
25643099
23356380
22936159
30499459
26086046
21177421
236396
20167047
24781993
28016291
26283930
21755756
24052347
20202404
28005520
26475086
20993990
22195198
22950139
20822854
1877455
23973069
25892107
19904914
25395898
29169928
28496035
31190434
20923533
30488192
31399882
18718435
18601005
20896671
29693481
19258119
6436317
25954262
18881274
28240050
28295671
22462909
18417592
8974125
26109865
19024199
25270297
25209872
8428572
22239932
19234950
23483036
16071171
14407939
28013243
22308268
31609461
27787807
25748762
18719998
26198607
16696083
15162096
28166162
12407973
11335177
15859482
21456809
21026681
9249687
4785546
24731411
18416408
22337162
23362244
12880056
25506443
30861401
21593809
30224122
30316203
27543793
20621647
20611793
23659985
32748861
16693071
19495887
25102182
23800840
23258769
24984488
25202498
25159450
17946645
29106029
30810724
20888770
17029280
10136153
20389327
27333196
23222621
7996085
31411902
17111042
19456292
30083618
24178909
2585788
10099538
27559652
31447934
25366450
28654783
18327466
33178084
23923771
27305033
17785678
20360178
22374501
28539070
19711375
17771896
21661309
13047877
22677305
31431634
24330314
13415404
22113550
23149986
25200273
28899224
29985301
29149491
26617197
33517833
22371821
21741403
26398384
7538945
28735981
27112186
32144892
19037546
26526204
19429150
23700724
19457273
24642212
30894755
24957344
16779769
20222877
19865555
15206720
24732914
30218915
2528311
22690481
16248986
24214821
19791464
18673235
23265834
19004561
33374744
27072508
30314964
26867766
17653656
23440628
24258499
19024758
21701383
29769902
20341396
19120031
33577349
21113020
27086602
23102193
25883626
30410673
24453716
25160575
20602206
21609333
29286396
30601199
17799062
25131833
16010831
24261949
29491932
23141924
24813974
11210133
17383897
26881377
21153816
6430958
31257765
27744956
12231403
22085009
28801248
23887981
22357121
17557202
26488429
22636712
27067731
12966406
19908420
20659130
25470430
23495556
27417298
22143606
25278888
2602910
17927206
18981157
17150088
5265051
22361480
23179588
28971468
25208708
31950049
25333049
25090936
21904568
22564987
28904775
22134447
28475869
17363727
21739085
26795988
23767888
28055096
27709843
11662647
29564171
30811704
22290020
30863065
26440070
22141782
24894861
16680308
26985302
27960445
24230773
27362994
24557066
24970409
24794352
19820207
12812274
19113725
21026013
32507921
27682267
18386875
30332392
17981388
24273593
25881570
9390472
28895748
25619822
24988290
16362919
22812586
22945925
25248752
31134612
22219253
23990634
22457851
28868174
19306918
28282208
20193649
22217881
19889199
29234461
28506566
11966868
27501665
30291102
24967825
31393798
17445630
25064130
19863777
27166031
19367047
25233657
23299939
31565506
24554924
21771721
31990353
26912494
24024820
30417752
31787068
18329671
8928564
26527500
22670650
26169817
18917034
30423366
17353500
27311264
17562232
26262218
31142307
4199537
8459362
29308497
4303491
24967148
26809860
21211470
19893464
18889194
25916113
18703007
28251231
20600161
27312991
24879375
27424383
24434750
21738115
30376086
23042967
21112628
7262550
25613338
22396401
20332119
25708169
25563896
28442901
24670430
29090091
6476631
4554055
23398975
25643506
22906093
30001911
10784496
20181897
9071701
30832962
22120613
30936076
31249151
28826662
26902209
26183268
16493080
19586349
24684963
23199679
27602327
8244731
22475145
25771081
21953801
28569678
20891399
21962461
31907468
19948167
25305250
21923146
22375890
23944757
30642765
24421447
21311679
21514544
24274983
19275457
26418267
23903964
18146178
5827603
21782261
23824407
26219954
28458544
27812229
22107023
8462477
25069116
29669419
20678377
28196608
31008958
25142523
23851457
4779598
21757908
18817983
28327468
16411673
18411119
25624998
25371301
26054995
28734667
29206715
22672731
24087002
15258406
25436495
26111675
21995761
21936968
23999792
24586485
23961890
16961423
21659030
24960518
27813602
23909088
20916764
26073011
26176903
23364062
30548851
25081964
22616645
6161732
18494320
23700452
19919637
25893024
5990095
25798390
29308886
25312358
22964777
23833112
26246839
26546784
22847423
27225472
20348421
18306412
13324024
7746233
23702153
28655848
22762626
27015745
26208249
20508409
21623777
24240026
22098522
18348613
32680755
22093032
29091489
26405399
22770202
19739265
16451525
28194651
21220303
33898703
28031156
30033046
25877531
17467024
23266144
12233418
22775643
22404877
27367260
6417932
22288176
31303202
21843830
16018842
26983955
26480860
22866935
23185828
22451797
21148034
28859049
21245069
21749871
20635585
14311843
18362025
31298258
18734320
32420492
22994415
25520357
31421713
22942710
19948420
25237463
25156265
27613811
21859899
27133374
26603713
18070835
12244569
28920057
21109896
17134522
6355728
11878590
21562124
21116794
28725897
17038013
2440028
19798676
13118197
22191866
24270507
30176816
24406015
20092410
22369640
24310515
17663689
16091240
23636382
25988159
22345440
7710721
28682073
10210191
22613599
26123474
16326578
31495982
26494396
9641228
24874536
29401425
20117064
16655127
11023917
28551832
31882136
32620750
28415171
31877669
21164704
20887841
17483856
24870215
27506984
26882553
20725998
7441973
23169278
23000611
25679995
28988931
16365875
11294633
19791081
24858585
19718201
24312529
18706907
