23929127
12652043
21513966
23117335
28675241
20821598
28674997
28922135
25363128
26916594
24551025
32217119
26234216
24165514
29353901
26052615
23450919
31834266
13620075
16507871
19945904
5427447
21590414
29814585
7642384
7124801
25680687
28161085
30368899
24733569
21868845
23962607
29288488
27984374
16916557
24079530
32826975
25962152
23981785
29762504
22763830
7013180
9312136
26272813
21839907
19859966
27028629
17807611
22882964
7760926
16513637
20936472
18435621
22634193
20520110
24247810
22477810
20152062
29334135
24305647
24288284
22712782
26080327
29906916
29593424
28326257
28715492
26167145
30116878
25190304
29258440
20648354
20514291
24858721
22653083
18306652
10374342
19647182
23838488
23893410
27903690
25114864
25637887
17338365
20560073
24168491
22158750
22256437
26962413
26209186
10701210
28175833
24771313
21082660
26627005
23079326
28589079
29238785
25223741
21638442
29476452
20131802
8465546
25821945
17970136
23826898
30988443
30268890
25113847
27568830
25114754
25562444
22704412
31248135
4492630
21092333
18362253
30302536
18704096
31576745
26277251
28920292
22447954
27118749
23923792
23512701
19578424
7339830
19349493
24523605
26369765
27999877
28413001
25333807
29203637
21278834
30618584
19399183
15790960
25092755
22875607
24273750
29778398
27807270
24793482
24709022
23001523
25171191
25180148
16125664
22934983
20929898
24903479
27520616
17552310
19732382
24206712
16688973
25305300
32447611
27676116
27659685
18057146
22477118
12460550
18632655
32894928
10450800
23428095
22346668
22264691
25775764
26755667
24730990
17547359
20258571
28171288
21922811
24648260
21386965
26278271
22313120
24609879
30567677
19588665
25198784
20042173
30712011
23093249
29477346
25845535
20189874
8836965
32069904
31739450
24001374
22317573
21124847
25038684
22446035
28043158
24900983
17078748
26832633
27900001
27086616
29256035
32307630
18523462
26367091
32381162
22514387
28963776
19130047
16330974
20049730
22021641
6536427
16904081
6160006
22254807
5913795
26081291
24970408
23389936
26331897
10416970
27757190
22095148
11014069
17922104
22974618
18560678
25696987
21849218
23930954
24574778
27204200
21144475
29472036
24522747
23629750
24433900
22107891
25770358
30012985
21179610
17543065
16152108
25564129
25705341
30693002
25428216
25335312
27693848
15061095
2739603
23272255
22223220
19443811
26857852
18407917
19167784
5359875
23419577
16891586
14161736
10488375
16971614
18826741
5982494
27076254
18048362
8140225
22623134
23962709
20927840
19907268
25287892
24341647
19723897
24788031
28942939
21130310
28547232
31037577
12919721
21096160
26304867
26412995
22898404
22807201
24109947
20473667
25686206
21153561
31651591
15468875
4466124
30273063
26627133
5779181
29930559
31845984
19926548
27960160
27690023
24191820
22675521
25803745
26532338
23592550
24355977
22665965
22947019
26144102
23565002
23297958
22857960
15531389
25189876
23331646
15710988
25263428
19338981
21700502
16795974
26749488
29805111
9294719
21307366
21611217
26740547
21024895
26781275
18061626
17582001
18614718
23482919
28309722
28362566
23847656
18805525
24179531
28748236
29852537
24134941
26735824
22741896
19472820
32178336
28937411
27368246
20016068
22857278
21895166
2461568
28673593
23017330
25886103
19753731
23941165
21164920
23786145
22551301
10504611
27916332
25616847
28372468
27595634
24756802
32910300
25794322
23918233
23185669
25486463
26549055
20940855
24071672
21463677
23522184
22578564
28685274
23616673
22394680
18146173
22022657
29140834
23688015
26929012
25704000
22176453
5936995
15875450
23015086
21412730
28344649
17634367
26145870
19421593
2587725
23593507
29084433
23770144
19892082
19856706
30955150
19430580
21106371
25824210
24680378
30681690
24226520
7831734
19883894
25203252
27983246
20892210
26061592
32320987
20345421
22979669
27625443
26065816
25404333
25227687
31566745
30313980
21308752
20148252
21172716
5998666
20049732
3937583
25846563
20108505
30066532
12207163
26204370
21435568
26489964
21405912
30405147
20591658
27204881
23194387
27244342
26781799
27834964
20523081
32198894
30539313
8910858
26747786
21710307
6544356
17750747
26621405
26144614
15398697
25073627
24700892
27974400
25287277
29162699
27465011
20583183
25910348
22120119
20677920
23759032
22550445
21691181
29065758
30901026
27717824
27159772
8053907
10793384
17363487
11947527
30382330
29140672
11258700
24082871
27385404
23040884
9766217
31068709
22474425
25057678
20864290
22413289
23269673
24252632
25754799
24963691
27121449
28449744
22208941
22675767
28514616
18474460
23736300
21897709
23487574
24554134
29171501
24057164
25580450
20137480
22534447
24875509
4853450
29395749
22777430
25152767
24531478
32731275
15586332
24192250
17952126
23118922
24091725
21715394
18994597
19622183
16162748
23060391
21697740
22190841
24356014
22546522
32293966
31463856
25138133
25282588
28510737
18125776
24958718
25347627
12811071
26918787
18283521
8026499
28256455
29929619
27892435
11900337
18847557
28698309
27962801
22648969
29838961
30791018
29114649
12407375
7369831
22228291
27014099
19213025
22021382
26620980
26379924
23236067
20142505
27467736
25023074
30456628
28218500
31287149
19086931
25270569
7286506
25428651
24159173
33986470
30427783
26024821
29526935
27897311
20359275
28753654
19966472
20791324
25752670
8196741
17953066
26787740
25497497
21032041
27546368
20953873
2735178
29419334
22071662
21238227
21955524
20985285
28203506
20407724
22799135
27139847
6945202
17288546
25099435
16790415
1736016
17703880
17655187
26736011
23073714
25725004
32132129
8681360
21480167
25625265
31735188
28729723
7029708
19696942
21822248
20438509
22381244
21870161
31121299
28304761
27437536
28110509
24510078
27766862
32495992
18665504
27052642
31836454
23553275
31458271
29562144
26471066
25600079
21581131
13328013
23318332
28413167
21514102
29800498
30728034
21340314
28387994
23759389
24450904
27127164
18526405
18470909
21345891
25385161
20448564
22099938
29325551
20431671
11117008
26266964
18487834
24192284
9538851
23490766
20701917
18592686
26334223
23312644
26510737
25345925
24122817
26458021
24447587
10828058
18181201
29439559
33452367
7652359
15217125
24421561
26524249
25690649
17667697
25266074
6357430
22753956
12131356
21919784
26127570
24605435
22758668
29990040
23951598
19193081
27253138
21598744
18150277
23838229
33920288
23288498
17066965
30307044
4940160
31743096
23429916
20699220
32646167
28403864
22248152
28098595
24437509
25393254
17361142
23944347
23864435
26554727
24529533
28539052
10069307
12017477
25354128
19521872
24153323
21593531
19874514
23524797
20129723
17652463
25756057
34091894
31152304
6455313
21594006
19419124
26528677
25371557
26068315
27236566
10341367
29955819
24363943
24735662
28943012
12826465
28789189
23023602
16973573
25780078
15943061
30698565
8201286
23830663
30707528
27348231
24892118
19694361
26978323
24671445
29728343
26174836
20973833
21508698
28757456
26654413
5246178
24681971
26421918
29433941
21814983
24895169
21484357
26422959
25270943
23141719
31450508
25211646
25983542
33296776
28713062
25724454
32574542
26907248
27385802
25496504
20722940
26623946
23263159
26521745
30385261
5193941
32289956
21028068
23106313
15653698
29753534
25203716
32793303
30753318
19424734
24341519
28218185
31186107
31660514
33006818
24723830
23922151
20121677
18973421
32093571
19939844
15787780
21974417
28235173
19386399
19194183
22056153
28845771
18668451
22010415
15777872
21797442
22131456
23661867
33891122
22634760
24616959
22176241
25132727
20216522
27226474
25971542
31892818
26898408
25267912
27557001
21003464
24109493
20547766
22973411
22830072
5291564
23078497
22937729
21969112
24710054
24725309
30199472
22919423
6867413
18957387
20184314
30285042
26569581
12434441
16219044
22068484
24771753
30096720
6655675
23938892
12273256
21732632
10400517
25739823
29243480
27975368
19442544
27561280
21045588
25413605
30798237
22736000
23607304
3011627
29851908
27033139
28118637
25599921
18189734
23745959
19762331
27332898
22907374
21856935
23736596
28491645
32307322
5594990
19539381
26066539
17784148
22946118
23973054
24836555
26409875
26183295
25039812
12521780
29395573
19419255
25534040
23871847
25986703
29210960
29062429
22974219
17630395
26841474
23998392
23660334
20967850
18074461
24816140
25311873
19593994
11923387
31452871
30346329
27219371
33260118
22188722
32062011
26155962
5719684
20754210
29281507
29384005
13986204
21420521
26558858
22382479
6702688
17991518
24153181
33603322
25199541
21646617
25560649
29849538
4591042
23314081
18449848
23329183
26749327
29088799
29210730
24852001
27786298
25152101
26037009
20439156
25041130
20794701
25214507
31202276
28340827
18227819
23249761
17544369
25582542
28084589
24486365
18690454
20154097
10653752
21116953
19582883
13340082
23135295
19069819
22233561
28412967
28692925
27951332
24483912
26673696
25155367
24911265
32603941
26274012
6989510
31711916
18503352
18942622
886063
31899689
7314407
27398422
28404004
21411309
12071078
22744948
23818351
25061989
26488803
12679126
26586024
26917267
25743569
27289351
22875352
33173561
20733674
19375482
28091086
31459024
26207672
2726864
27150431
18853909
22540280
22685380
30808603
24975456
22808878
20853655
17573979
30488752
18740413
25526133
25882691
27200066
22366158
13764349
23704015
17327894
27595447
26969223
24143252
1963056
30128745
27473046
26616413
30508891
18611791
27837706
31110430
30715965
12617462
25916735
22520048
25596569
26380487
10886647
23178981
4836694
20819768
27263053
27303529
29175996
19351007
22837483
28395684
24040091
2257312
19294494
23245186
23592042
21449691
32302521
24884260
27636295
11237927
23355344
18576740
29788180
24470029
19405353
5795421
19629160
19784526
10993810
11447111
24823160
28101649
25498958
4360143
7043961
23166659
23607026
23485897
23080747
23962038
26493349
18596661
25177515
24201777
32359898
25057280
23006427
24302834
24985595
29691149
24787620
28425334
19143325
22910033
24560510
18260814
20596121
18175932
26198138
23770293
33672730
16701340
29434340
27277125
25189969
20567615
14924408
30187615
28286410
30050982
30376203
17315177
22567036
33171073
21260731
19233280
20280548
20373059
28935902
21993288
29227536
23807025
28819311
30227046
24317135
11362553
19349162
8941261
26888424
12724783
29012044
25671628
23590486
26620057
26222105
16825575
24176879
20452673
23144265
29610332
21148537
24430829
24897412
30036164
22312619
24229657
24644260
20865957
27718515
34101514
27159225
30120482
21532068
20003193
24947290
22966581
28271373
26136639
28342971
30498916
19307516
23313015
22392088
24528788
23071677
18682176
30897764
27388618
23006665
28008810
31821239
32391885
17385781
17667481
22092019
25237009
30538958
27973512
28867760
12381384
30087796
18919791
21909198
32190199
24378854
18951370
26528559
9157686
24245375
27978393
30612596
6693269
25466668
29098258
27611305
21906533
27252851
28550381
17079548
4660640
5649350
26323866
34197014
26316132
26093922
25313718
24267776
27214136
29852968
24498177
15861050
30079717
30095205
11712695
29794620
25482810
32643691
19605170
32857719
23082822
25723367
30780172
17597709
23350706
23880874
17277698
19713947
25966923
23012254
29271933
20360593
20854162
21638883
29090848
22378375
24394892
27748927
20472765
5386171
19461039
30875257
23828676
12671146
19151746
24204219
23744552
21279115
23283176
29653936
16574501
29653862
24940254
26540405
23579988
25540693
25158692
19107676
23564297
22890103
18030459
25573870
30756745
30840913
24674835
27214560
21684079
23857295
23794136
28913190
22243707
21896448
5514894
24402873
18994844
31257079
25481875
30142691
18882882
29529060
27031562
20681646
20795803
22697255
27682159
2578206
25405005
22019793
23591118
31709096
28259858
21035467
22799092
20468638
22504270
26522500
20846378
24068174
19376400
26287175
26777194
21196919
16807656
25626664
20219055
16087593
27115629
24372193
24933377
27620226
15604761
29451713
23967622
32287568
25313796
11192778
29917570
33119488
24725790
22635913
19978083
31009880
24421607
24198140
8248251
25661353
16505422
25909325
966605
24154664
24940348
25277836
21414891
21362897
18101968
20995134
25656392
25415760
18867794
19589382
25340266
19526693
19943775
23909446
29124587
26193862
24351275
17612943
31393361
11005888
20552019
27335906
27874389
26391739
25415508
22374776
27361140
22489634
4286296
20385700
22641723
26490803
31499986
21787664
21192900
20165498
17942226
26256319
33837105
24180585
24802357
19571130
24635611
22940709
22277290
26903339
19144845
27919551
19293195
24284107
18999734
30396994
22375203
32297085
29071902
16810270
17581132
27370344
6455294
22943544
27444471
7633050
19314811
27802460
8081477
21249888
22650236
24978118
19334883
20271883
9852054
27911794
29432181
10956486
19376022
19608717
29256019
25058064
21767353
25542755
23972671
26981707
33720628
25164184
24451425
21150271
25801210
15961914
20037427
24261937
25248399
15543789
28850959
23413710
24757599
16409386
27538220
20008162
24558301
21895721
10687725
24301811
25710615
31576656
7880360
23821616
25898435
23621463
23415305
24882174
25518450
31848742
22082943
30778208
27301680
22699954
26835382
23662147
5550940
27883944
23159518
17907128
22259471
6399932
21548953
2078548
22189371
20679160
17825513
32874679
19995865
17860198
18529094
26271066
25341318
8553001
16140109
22293993
26199555
30235366
29084907
27225612
12045323
24292435
31218578
22090576
8266215
27021900
28894592
18048113
30188001
29575315
19446406
23076008
29165370
10741890
21577558
20509134
5144466
19842439
23135771
21997046
4072605
30531417
27007158
26193661
16684146
22506344
29139656
19764884
24619063
8604920
28007489
30849409
30354081
20957492
24821795
27093228
31847169
23593771
25647522
20139879
24232800
28651851
32597479
7942119
4913414
21464782
4353665
23725983
22564645
24038310
24646254
25865398
24278496
27308492
5923944
21313902
18216867
23965612
19609520
23655796
18463885
24925760
28015612
30592786
22940766
28330568
21313402
31869070
25494895
27349757
20280763
31584932
27222064
30225086
19736278
27401435
28545984
20085078
6470614
11872816
21575781
30742629
31074105
21431259
6023726
26852817
29691210
24892491
25975375
24557200
25834997
18357493
26318664
27005756
24251797
21870996
22692804
27248575
10599366
18565879
23807248
22034628
32597180
20867136
20573365
28478421
24915958
19620032
25741399
27284537
25802913
30252895
31477834
10578222
23862094
30475172
26995987
24142458
21362696
16095174
7536422
16035916
16950918
30794741
23114953
21395584
16982883
26321990
27512105
25068914
27138614
26348853
7934224
26183988
19045030
23195633
31066596
21586180
28116417
19619652
32680686
22639194
32970682
16973517
31799662
27510119
26236283
22068317
22878898
23700305
26767031
9640994
23756003
17652162
25280626
29309611
31198207
19608308
5514164
13302372
18805126
23169152
23639175
23969802
20695042
18826690
19260777
23703374
22247647
25944800
27951699
18595793
26543409
28861550
30651365
23009231
32106264
4704216
17096981
21717788
26139620
13570600
26862514
17331949
28039988
22898889
17184528
31639187
31937828
25707360
27342763
17258627
17442307
19307008
25247853
22770712
27653074
27726053
24379404
18867187
26759878
31321603
10264410
25250526
21338179
19165287
26652552
11965831
11497781
26128116
25031660
18204238
29301958
25691054
19990176
7479723
7585310
24411373
20889828
21870014
25936602
28280154
4549026
25578115
20301511
33556667
12509288
25124703
19988523
20877222
24918980
21507747
15364244
19936155
22736277
31752693
30537297
4357668
7977860
21942906
22794858
20163827
28300891
21419915
27965069
27665723
17273831
18081007
20855383
25210825
26936750
23077995
29194269
26709449
32864058
21275271
22644868
15589460
22129632
20816207
25194489
22939098
23905472
24781812
28624000
23173752
20668951
17733658
23611395
30044085
6843024
28444553
30041741
23252432
25074116
27128516
10124302
22643524
24840028
21552197
31209018
22407602
12999401
1857600
30307916
22727817
23702370
19728714
30405293
6712868
27605910
21419903
13926496
11896524
16890199
21180112
26336813
29824181
22952598
21726320
21600825
18632150
16464046
20248914
24987959
23909050
24924262
30539596
20549811
16893519
9693673
17599933
7745091
22847507
26398292
10500104
24698472
21336147
27533669
20559391
6808640
28892425
28910590
28034471
15532937
24336632
25113891
25989934
24789673
9950028
23285891
24957303
20613482
25985021
28319923
28204990
20906045
28827954
9964870
22386561
9650060
33599939
22675988
2373132
28568167
24787637
23204836
25442333
27173695
7094503
25255112
29759871
18807608
30254958
23707567
24506784
21940577
21470955
24735563
22664594
22673601
11224473
21868968
25332828
22277870
17065377
19100799
25505433
7195187
19015559
24382313
22642930
20800842
24734156
6102954
5011768
21773815
30503041
10713498
28630807
22659661
23576579
23485081
32823124
20796146
27701985
29670579
6788149
11475626
25191403
21854445
18015995
21544628
25205919
24365473
7282780
28767897
26616203
19327564
24903881
19338242
23424467
19137222
21146289
11476371
4711490
27461457
28203929
24753447
23286788
27834418
22467717
22231253
23156172
32171060
24502496
24049273
29759306
24379106
30727332
24254401
28799741
24837530
3205927
24947366
17880869
20706604
18592251
24184871
7797334
28129195
18827678
24544432
28308594
17579180
23745016
13159284
28766813
28529436
19747522
19106248
26642317
22767276
20915856
25423548
20995506
2325594
25065913
25090304
30268797
26413653
28166954
28275650
23258378
22197325
27963666
7116692
27834313
31455542
21544048
27438782
21985591
6141253
20803894
21382908
21092186
24760749
24302944
22036071
26780348
24543325
30361381
19594727
25068132
16443443
25664999
21158638
18430230
23664525
25544001
29946406
31580494
21831347
24238200
24269601
24271932
22240027
17462385
12830848
28204799
27465453
24441310
11423602
18789766
20612130
27010557
27068311
22626844
20911230
24400562
21849912
18751424
26646595
26978341
22964029
23631630
29982043
30828912
25891838
31606576
20463857
25294729
30739740
30611546
26200250
23196076
18477364
21706338
22948549
23425100
25142235
24170952
30943452
24963090
21406164
22474804
32197366
17387886
23144904
20707003
8316620
9692027
26089026
30933429
20463721
23837131
19460950
7169916
23066211
27031694
27910558
17403443
3867663
10305262
9767460
17537398
15542601
30183281
29324138
24513261
30000549
25542062
21424933
21770738
20667617
20545260
27605709
28232458
25252739
23017607
26579644
25899705
18099869
31908464
20619550
28205070
18805387
29655035
26794447
28622988
13083720
13303652
25799012
4530834
25705916
19279811
28845257
27932931
5942098
29925967
6040947
25224165
25395531
29974917
11979675
28050228
26971146
25761596
25194596
27658807
26540939
30453379
25106916
30521513
24965278
25128260
24299601
28164741
16970127
27896754
30017872
21728443
2167100
21525529
23565614
32416614
18136578
29093076
17394184
21364640
24834144
23013744
23524486
30822610
2171567
26579252
20664962
19700487
25452064
15982395
20706574
32932868
12565653
8838907
28993014
28519328
22899649
7804785
28024282
24405386
15952137
19339983
5342332
28134540
27102214
24889645
17490037
18192743
23689694
24808161
22126276
25017536
13870624
23298908
25629289
19870106
27007773
4284765
19666241
20375068
27148932
22531794
21048183
18053050
27500690
27890236
11234191
31172646
26628138
29298247
18294309
27235553
18404032
25692559
21410400
23047056
23888524
26170105
29186893
22310224
19922872
24448856
21344485
23737925
24386589
5542677
25429827
6388739
22347748
17873643
27680898
26836378
21071639
24090333
17728551
23316608
25911967
18794708
22848337
25312887
18524030
25331017
26010329
29204173
11956723
25438307
25587871
25578236
23202898
29838649
24321834
23086177
31288158
26867978
22049032
22299529
23964488
27025305
5056508
16778503
5980938
25324399
18483663
24488248
23467591
21911083
18188903
17977961
25661375
21079097
28415583
23657214
12185805
26057812
26518345
25186378
20747763
16635166
25834455
33659260
1982532
25980810
19237528
23233546
25332804
29891558
22868337
22981481
23281322
29107690
21319034
29865494
25521121
10571892
21472428
19926877
27418717
20803205
23897005
20372704
27429611
24258685
25419485
31805835
19803292
17779129
22703067
26397970
29127203
28801088
30277602
27316128
22689919
28662324
32253920
2268996
21567698
21717851
25766803
29884620
22416851
30881397
28361188
28355430
27413735
28450326
23308165
21720093
18008879
31140904
22649516
24641422
23439760
24156962
12482976
18626457
27308618
29404977
21480015
24496924
25577175
16158264
24553181
21364722
24237019
21235520
27953662
6610151
30094157
9537388
13226092
31636493
23270803
6026884
26549505
7842363
27470780
23000645
16418247
30560644
21852265
28650992
29185073
30290264
18498959
19041153
16022841
24420176
31967293
21768860
25333462
23410352
24708548
31479505
29545950
27387782
28316383
25273158
25748258
24816495
24009061
24855774
24804690
25685013
24488261
21639984
22170468
27369171
29946327
20052070
24109042
18767593
27816543
19933206
24682309
28448628
29600094
20559537
29209921
23541124
22255850
24708272
22701543
6571846
9476602
25459615
12941416
20478719
22111556
18434159
23467020
24763228
23114371
25325728
18688654
12655240
20972729
24960610
22034197
30025058
30204635
21357187
13104144
17792858
28390904
19468304
26301130
6002431
11892839
15845929
25927210
30903765
30100120
22659422
26987363
24476383
27485383
24814951
25490963
31110710
23633158
31113389
28295286
21694772
20964710
27256227
27940011
26098428
22196768
20375192
22162918
24158982
29808780
19956629
21334548
27465756
22781559
6817207
33427274
23447784
23357112
24137153
18865628
33084322
20964876
24190860
26134031
23571662
24467927
26490759
25341429
26717289
26377348
27804679
18771174
32635485
28479454
5261518
31742548
17718931
25582042
29163950
32725509
24109516
24894320
22461296
9167287
21268212
12454903
6856908
28339572
18147712
26994765
28121844
23671265
30119074
25356971
5397758
7344917
20185034
26412394
23966907
27243906
27559592
19066772
31390555
18067053
30552482
30077211
22982551
27912464
24609239
18155319
25431608
23582949
28608059
30419830
20252626
19895130
25641134
29956009
20738860
19205488
25445295
28664740
24586500
9653637
19962113
26271724
26954477
30134194
24963940
15783814
28422349
27339052
24291279
24440438
20856870
10826256
27963172
2271089
19171337
20320468
21529904
26834440
15885466
25000119
30384245
21577267
30454708
29024169
8888065
28831754
19062592
30646234
22759878
20074393
8479122
23571096
18232370
24488547
23184787
28351678
27036389
24767252
24243026
31093419
32338304
23826367
8639526
31100131
26186874
25924097
24154824
22689006
22928716
32812542
25608319
19839875
6636076
24030730
26607658
19335778
24146616
22154922
22522871
25378750
31451392
24997541
22692387
25609451
24969369
27302786
15424897
25558570
22515282
30345052
25073622
31679770
27176822
20899259
27585334
28580685
28447733
18996884
21355116
26084553
20507681
33794081
25622111
20935978
21562870
21772623
28691342
28365137
29526992
30249033
28236755
24775677
28078717
25139582
22467418
2082584
22925453
20155760
27065958
29433787
27727317
9826004
25586779
16127374
7028486
20334386
32436911
22071291
17277263
29782354
22268405
28307086
9457197
29782634
27262924
24880068
17392580
22475741
21574352
23176498
29406222
31143951
31486593
25153008
29455821
28411350
32408342
26943683
28476660
26953547
30647815
24338710
28360970
16406013
27607994
31124450
25367146
27880451
25330479
23959875
25842753
21057657
19205015
27463209
20222688
28522877
19031053
23575081
19144638
27807670
26838402
23740691
25153980
21668530
24085772
15726156
31753170
9166233
1620276
2474163
24048221
23820947
23896484
26813874
26358201
18355146
16061019
11098883
20955815
23961584
28408569
27052260
18207281
23064429
22483910
10189018
16309741
20647136
16038390
24502843
33159609
23868770
28029576
29553541
25543073
25868802
27653804
30912761
20614189
24218203
26152295
25599171
9298676
21337870
22766246
32947371
18475315
27674280
23635315
25952829
19903364
20019754
10819047
26775529
20691744
18578690
28836075
20533161
22114963
21606211
32266348
19690595
20621891
21612395
26780250
17817102
19826496
24058046
20790680
19570476
28655039
17251659
20367986
26022728
19356141
23332623
23430172
22262755
17058331
25347618
23086003
18168052
21562331
28448805
6146484
25877333
30380732
6955366
18571939
16010939
4495108
23894370
13290311
19212886
30243557
22480757
24307988
27570613
24889539
26281887
19192992
21459273
29390364
32560161
27847873
24429329
31417270
24323044
17150375
3823836
21273085
17821535
25240099
21710891
31485415
27020026
28033535
33102861
22059784
29853303
13043977
28025346
27176827
26070940
11404476
25239339
28277872
26911045
25913116
19728917
22271523
28010957
4995118
24878930
19136506
20949418
21225837
19883434
29042687
24808328
31284264
26982942
29814451
28786178
19521929
22941064
27286664
20994744
24467011
26600314
23392320
24529739
20867448
20901476
28553834
17072615
4014250
27054691
25605097
24273346
29645984
10399183
25897746
17933259
6603944
18226796
17399792
18030550
22730851
27195283
31640747
24194349
33061893
30119555
12826333
21996053
22857284
23678670
30428170
26504531
28258652
30661052
21792621
29670926
32910304
23550888
24326201
26067041
32930520
22914898
23339237
22430538
28514589
24353922
20877556
12813773
10975860
8519360
32217265
22794151
29890549
31048888
31719168
24998627
24243685
28042091
26582862
29614039
22735642
25274917
3861739
25107542
24950067
27645755
22861210
6052517
23025158
20105184
27776492
19150318
20120293
22649021
21875829
25767168
19550346
23935447
22575053
26341219
2304289
29003407
16867711
22559702
27305749
28715609
33138039
21841857
23662046
18659079
25893590
10103699
30178429
6967695
10007278
26210259
24521432
28256979
29985047
20685868
24715081
24740903
4364699
23420458
21205791
28293901
27323305
30576791
11027741
22640115
28375066
33388812
4382448
25776553
26758652
19943232
24418953
30819675
10284464
30541355
20080354
14899421
22064634
30332014
26387880
26283152
25449509
27122417
32023798
13254672
21295271
25012163
17514154
33252441
33405129
28940409
24420276
29573622
17769498
25634254
26131157
19039417
22971712
26110369
26870801
16987032
4879562
17508645
30399928
30072483
23142920
24312485
24419972
31724664
21683116
24924937
27392706
22302210
23252657
26618687
28891100
6395325
31034252
22597174
11740892
30047267
23287968
31097878
17047872
20882689
5755806
29129716
23064961
19616854
22369308
25761390
22390193
24158837
24029105
29195427
26528682
23644242
22100024
28053244
18182484
31679407
10294852
25110697
23698013
25411226
7641623
24072993
32227383
18708338
26274627
24752511
18619362
17914505
29155071
4356607
19711790
19185972
21815273
27279086
32934429
29717346
20917830
21905612
29278380
30616926
25614060
20859775
18224270
5805081
8018021
32063351
24156892
17648433
21527769
24144172
2404800
17783995
33071041
23289284
7569453
19492872
30087098
20727327
26391858
22920272
25010655
20921985
24550027
28552412
23353264
30764239
22911479
19256121
13732531
26630399
4813661
28081879
25654128
17413295
27253407
23585970
22868902
18275736
20503835
27635360
21934995
21383395
21125876
23498622
32223420
21523586
23847715
21709933
21024155
23894827
25866331
26897532
29525348
21466798
32985679
19265382
24617952
23726099
19966798
27209786
28069420
22303246
27583551
27550878
7572019
29589511
22880698
17117394
20433619
21951343
29119153
23882533
27976715
29265502
14090226
24169566
23946673
29441260
20507928
20674173
25091594
26277665
22331259
22549967
21875747
21777707
12204173
12365520
28847300
22686368
9815871
24134447
29715146
20705576
21149801
21027765
31443178
26833336
6930896
28855869
24063126
30299924
26218175
20492542
29203379
23663977
22961761
28655883
16398979
19142471
29557912
2750491
24745608
28484541
20601195
26279795
21263308
20475885
13445560
27546812
19091755
24402689
21413273
2763488
24704409
31882522
25324243
24899016
28356384
17467886
23341632
30588071
8455012
24911612
29205576
23692915
29442675
29045536
30159551
17576455
21249970
28780559
28328074
24685062
25147111
1802166
21738975
23351630
33190062
26157008
25822485
29249873
23386702
26833853
26891275
30274026
19084535
17803027
20252576
23569218
20842020
22552790
21472305
28192314
21502243
24091488
19616296
20259757
25003862
6028651
13480835
18388800
25301732
26598879
23262082
25310525
23409430
20170101
28324014
25723174
23403210
20208618
16422877
22312945
30418161
22665066
22828025
26487744
24408629
27845459
27723768
26959675
26236594
2194691
29625359
24078622
19672931
15608403
28526274
21689319
28239702
22088451
24598282
24748610
26651564
28152901
22569143
23358434
20160231
24454197
21864110
20065436
24540621
27650169
23136299
14978444
25235240
27621068
20484266
16773465
21777858
28075213
21379050
24225982
20437402
26141671
26629930
23124101
10306780
26121116
24497203
15938617
24635576
21598921
29164422
24021448
21680999
29400920
22708532
20384744
26905142
29217113
20283021
24514285
27705894
28444437
31028829
23258254
29340004
22879497
23536657
15880092
20155158
28019688
22806249
24560894
21252346
22158312
23548281
25821636
18533040
27699676
21622101
29887841
30016895
19131519
9158422
26830204
21297559
23728785
26912426
21348324
27502891
24003877
22447202
31276825
26676980
30178473
28649380
21519550
20368135
28600603
6836246
21964804
5341986
24867588
20114986
23202947
26855332
24148639
17161973
27552043
25701863
32088643
27023784
18822285
18583267
30481613
23717074
30382585
22185480
19014398
29810329
19417627
23943538
5833612
22980019
24518774
23116703
28316970
22635788
27786748
28525898
30158793
22053624
8726014
27094635
18155646
18651770
23155122
26554872
23168738
19612866
28780103
21933687
25736451
17339083
27170999
27455143
20994678
22687745
22895711
11998108
18846734
29303215
29182151
25738701
25265216
27595232
24679425
25065358
20069134
22457197
33774178
19120782
23593565
26383586
19244835
20197851
17063176
11059199
26430883
20656379
30177550
24693918
21468732
25402150
26151246
13778596
15903746
27967601
9730038
31889379
24734630
24691014
19650835
18548994
28852650
17635635
23425251
8564196
20087493
20941755
23135270
28830534
30961500
25340206
23956060
29584349
18130964
22493726
23934826
23326095
26463021
3057997
24936365
22635707
28750319
22667066
20759816
18423909
28052054
23440069
25265341
7722457
16826603
21334014
24871904
24934763
25023632
28047576
23037091
26824581
15130701
18494080
24622947
18535519
21932698
23488968
28108402
26771708
20723385
29213049
28724756
9185665
11982002
24304058
28788549
17222974
29012475
20998709
22018010
23622598
18296669
17251401
23932275
25751539
24118797
26294292
8523019
23196904
2682904
21264744
27054302
14870297
23051312
29745399
33852461
23437013
24229849
22374110
15920369
30199619
23160829
19518616
27695676
25730220
25367836
24036990
25954072
17517901
20466839
18320961
15128935
28803414
24006600
32404200
23493529
18437672
21968420
21272363
21829076
22411028
20585072
27399274
21019059
11881290
24473014
18114490
25033055
15762597
23454361
24999196
31103718
25755074
28451119
10384149
27703604
26806430
23982703
16937223
20702318
24827760
25987478
22996695
24797950
23970094
27753100
19487583
25001989
25494400
22409930
19235695
25877220
25578801
28977937
26202205
19074022
24079144
25073632
13274068
26282469
23984627
17079648
27206233
31817620
24396153
16083442
29497433
30533643
20696158
27702500
27714823
20934359
6521484
19432403
24578387
6149585
30341749
26298644
28376892
22970533
28731436
25481428
27182533
9534700
27734095
24704210
23424260
17819226
13165498
28373026
32261593
26937147
14263939
21047767
23922923
5264634
24726097
18801525
22338619
28019867
25092586
24055515
22137613
31548861
3312934
28815506
22400414
29535921
25321063
31844355
12969450
32283871
24116428
21873507
23352655
20734898
26549326
27974644
7882954
20297674
24147121
12740946
25220698
23039898
29156321
25359352
24893686
18804447
20642112
31536962
24540290
21070310
21088074
28989561
27641112
31871563
24162288
17816496
18676896
30844795
28936142
31284014
31351426
33526974
17748989
6350096
25349412
21412935
20646739
12060370
21726460
28221568
19843732
20422495
16826838
19040089
25208679
28266962
25774297
2762282
17864278
32256039
25404678
25601531
23070421
22413574
22028232
7973849
24732164
21322801
31004844
27249707
27170126
27482056
26819453
10330031
18182836
29319463
24597699
32213223
17443892
21147433
21016490
27350678
27896775
9477430
29419733
29469381
23441251
23693745
30763809
22182651
19379276
19463621
21786047
17523745
28719317
24669045
30803376
28774084
21373198
31760786
18291554
11507098
4610307
24351082
22924942
15649908
31870295
27170964
12408044
25821512
13889371
16205247
22748285
24563842
30843862
20417278
27626748
28381333
26928252
26562033
25023938
26315157
20398940
31820343
18089143
23103913
17214272
15498505
27427214
26505374
29633815
26187533
32380266
22975100
23951632
31905119
20033096
23289600
32572013
24162906
15547594
29417428
17914068
20511237
18518249
27638387
23429757
27188628
30651331
23775110
21998345
1783663
25714771
27179956
20504252
11632543
22487588
21295436
29529012
24911466
31739847
32875125
25811778
19975136
17285429
18028107
28720917
29713566
28294943
26211521
23309271
24566341
26093031
23088785
27803470
24652038
20685081
23077131
29278042
22204790
22043451
24373217
33314336
26065959
27051217
27135251
4541128
21083559
10136502
30724179
25621245
22594652
17701606
24789906
24861125
29931975
22537334
24702719
28271014
32966298
26266859
19737260
25992849
26671491
18159405
23204256
25454486
17571105
10208000
24912253
24778637
25256958
20791201
27813473
18514408
23001821
21213387
17504805
23301567
26027294
26194126
31480079
22397485
26661342
26642414
24364886
21538132
10637079
29507154
24728891
19417825
27389435
25106641
24495713
22624761
24359196
25787123
28080078
16377176
24028307
19486931
23158484
22364290
23243162
21962751
25550556
27967772
27169134
21888032
23962562
9731883
28571355
13428890
21730736
10872639
21653158
17746203
26287404
28602085
20375703
23570675
21350795
21964041
24217564
29306472
11112997
32436827
27144385
28018750
14700968
20690266
18836120
17902903
20705632
25009788
23683564
21966442
28254978
29716301
24251180
24435011
24870937
23254949
2083633
25632040
27899902
25729145
19941170
19456686
24353633
11580804
24447241
4598892
24006619
22221193
21522719
27581999
3257222
19747381
25747283
29645115
22201300
30839154
19017214
21918964
26124474
26735738
5748433
25195097
17053297
24218432
27862256
32582130
20835555
26078040
20565203
18293375
28261322
20864727
24246560
25601106
24908193
18693917
27407027
25698289
23677767
29143040
5343101
21798654
24082570
26260560
20370906
20897445
25417173
20057466
29735367
29904764
26952646
26192711
23239803
27838582
16915724
28823188
27714706
33260196
17285784
20034748
22584242
26230882
28137620
20015797
23417042
25673798
28607735
16637384
16992714
11269934
25435818
26125870
32073138
30129477
30764366
28686297
19551286
13672921
26140077
25223356
25950038
4974934
29234170
30713975
23066513
24978214
17258194
22646731
23340935
29173151
20440458
7876404
23487431
21706057
24087311
28605003
29626053
22917973
22796197
20172114
31317295
22780976
23863781
19947696
19854525
2942678
16172009
31713750
24553492
28539648
19499738
24481336
24900109
32586077
32680129
20849128
25606915
32208743
19083088
27559409
20946733
20097351
19009699
3821546
28541685
23660511
29078345
22868019
29933023
20667445
27982259
24815823
28282723
24060793
25296104
28705117
23361427
20686139
25395357
12004858
24347962
27911168
25448719
26382133
24303095
20663452
19898311
20060144
18056349
30800974
28750120
16700598
19946289
28530435
8077929
5285069
21715975
26435350
17576104
20901375
23870114
30381953
27687921
20682187
22553746
26466443
26008031
24373444
7934681
7347366
22714150
32137474
20112489
27447656
22430738
22513724
30055224
21718827
21293807
16354318
26494019
24810321
28856146
21394735
7245610
22312860
15955925
32610229
25840766
28056685
24434741
28622425
29183051
23274020
24409840
22565850
29814581
22067593
26488004
21338682
19699406
10892098
26490497
24471409
21268726
5312383
24493665
22672659
17121046
24313386
24037353
20180775
29733738
22725406
28095712
26550264
23519118
25180237
26508529
6661149
24806087
9530188
17041570
24911223
22081612
23622123
32755455
15372942
9455822
27818155
28895820
27682022
2674047
28672594
22203746
29741090
26895161
33824235
23131218
2764806
30201505
28265328
28622626
27276417
24659387
4598809
29942941
4644399
7632078
29333848
23999547
2607194
21494137
26144320
24835079
27130321
26263737
24333840
24879858
23447147
25678146
21693824
5869073
24526019
19003640
22569772
21416492
21268507
21546945
27648619
26870091
21608627
24300470
8065547
23440255
22703456
19530839
27648911
22312127
24434871
29507949
21379211
22214851
22784888
16054760
8705256
16503100
29658821
17303885
18302720
25393658
26633765
28842533
29152388
29328580
16351607
23875973
21184596
11839906
18412322
26335918
30773964
23856216
21092543
23480907
19541438
24660695
23067485
20661948
28871679
20400724
9333517
22421581
26533211
10849691
24109593
28581145
21177224
25937432
30503338
3857358
23476236
19621540
8105087
33161995
23499596
20714142
20952760
23108215
23823117
20674043
24622343
22580643
24177069
18070375
27564242
28210354
18041250
30999950
21127049
26240099
21835136
24852139
8972490
32779694
22825673
18818085
23505350
27662432
24199279
25982500
20485892
28988891
18418742
19755424
25134433
24275281
25102871
29295003
23614153
4912132
16835099
21615841
27809881
33189127
28147194
30101679
26183361
19694874
17077074
25478840
21858825
26676113
18712542
29018724
19456929
25771406
17043655
26684308
25873708
13824055
29635167
30550169
26328223
19807149
27313685
24362768
21597087
20647368
24446132
28590909
31648694
20846420
31125739
22567316
24205881
31799074
19708350
26852052
22371987
24561757
24237583
27211685
25623603
5533811
21471874
25180877
25439027
16896368
19783027
29294652
26190122
11494511
22445304
27326187
31824714
21286840
16750572
25659555
26129238
17080104
16876180
27549509
17196706
24353316
19579653
24438096
25813332
23174911
19530184
28257230
21968363
27035792
19289790
24544450
21416030
27493407
29146324
25424314
22135662
21919307
20721750
21893447
28368078
24671302
5552059
25009045
27281476
9332177
22091171
24888287
21906482
20666274
27206960
21129580
28135423
25154110
24199947
4880171
30336769
25263890
19776037
28194568
24687851
22449556
25414306
27565703
18953097
21053718
11992655
24717956
6650264
19056355
23736355
29232123
29295462
31706993
28956939
23463832
23992550
19828590
5491126
24473002
30254804
19661504
18083534
7149021
29371412
24934114
28353210
25367188
25998832
11098745
24796425
19863196
11803277
25345584
24009990
23995770
7749748
3157770
30923092
24161764
25253125
30866455
26425683
30719433
23301084
26463059
24742596
32110689
20036230
29622845
27348529
16140434
31570254
22895075
27261028
11293824
26583045
23760218
19322764
23584875
31156597
33140372
29178837
28084988
30068464
19487485
21253368
21937733
24120432
33197756
19218926
28230410
26238306
23025301
26673492
19215167
16881004
22858529
26836747
24903053
27872188
28302417
24001981
23329217
13858224
5186699
19037854
12360393
19117238
23003918
27060732
21557319
26482157
22086139
19934423
21054856
25621915
21945650
30793558
22436393
18872371
26034727
25136222
6212951
27332281
20459537
32386597
29603659
21168951
20502125
22676936
24669919
27960679
21571260
16127534
20484921
25879113
24333014
32616555
18435672
17794384
3765249
19415513
9635934
30304399
24284297
27893144
24654216
28686078
25239608
20047626
18501550
9708804
25100606
31624245
22146370
24904016
30994306
27957285
25957979
25240768
28570906
16937206
13429930
20545217
4926373
26287489
16383774
20390154
21436017
9822720
15839403
26324839
25550578
27400670
25239879
20171459
26565861
30227894
24161833
24964098
27431312
20904246
17430837
24259848
23732572
29616778
23991474
13632449
26957315
6687234
21284005
23227167
17411056
23845574
25291971
24035967
24348917
21934184
20339569
26350536
19871881
26385455
18797490
19174823
29718812
27466734
13561821
25315877
29574207
32868154
27614728
18878456
25248632
21092388
23677957
33889961
28176037
30169000
28339513
30680784
19844252
26994880
22138190
26542997
23536712
24234038
26694173
25285189
6360067
4890418
25984660
18636275
18882559
26184529
23202379
29260153
18822538
16943575
24857221
24664009
23907727
23152436
25702052
28298985
18491002
2430772
6278008
1934439
28370805
18222518
26967159
20944306
28536590
23838593
25890774
28457824
23749443
22697277
32437707
10144556
23353268
22835229
22240470
31277148
25954937
28588120
26791323
24599396
4828220
26383692
20479096
24394032
24500171
24262713
19740402
23397463
18273126
29091861
25849441
24891576
29066549
26472322
17461855
23383688
24366889
22867665
26509779
24247938
12630072
6839325
24344075
20913237
17017501
16286118
23865479
22322222
30269865
13437993
28389763
24474429
29956634
4364656
20113093
21629279
24538755
23156413
29789245
23395440
27469927
24299125
23621528
25792724
31217978
26610095
20302781
25020986
23447445
29436683
14576936
23044399
19529114
26491314
25159701
25062681
20497445
22998625
23307185
25140488
17453764
25902489
31854789
22372987
27879412
13110107
23069313
25875224
20379568
15711572
24239161
14257841
28993695
33588591
33594790
21739916
32961915
24492230
17895189
23223175
26605934
28476545
21616642
22906484
25829683
25185121
5791540
9678963
19402463
23757660
28760110
20373369
24817431
25502949
20099384
29443207
33457583
19074740
22932434
11480892
19638067
32144899
25179281
25372431
18174923
6315942
28603705
21320599
26554108
26653496
6332152
31759476
28639447
27246567
30795864
26860278
22177122
21164779
20861185
30128067
21053370
27210408
32702948
23679535
29651977
23591170
26490717
26836583
25397429
21553934
21323909
27255577
25801550
29559762
22912645
21482339
14983139
20209167
22910470
24905384
25364350
28797979
25572468
17516773
14933694
19969147
22731279
23809066
29300612
22427168
23971111
20883142
24409851
24702629
27680638
25758541
20520331
27266562
23042451
18412536
30945031
24749105
27828147
18111274
19765486
28977311
16784151
16203711
17824822
22756085
21853182
20839732
24891215
21555175
21512998
24866005
19453292
28304157
21858467
31043259
17241831
24978397
23162896
22056313
31282766
15527379
23555415
26338944
28339192
22631375
30259766
22726737
25860866
7551560
15143099
20086749
24495677
11570889
30068304
26615040
24503157
19923281
22849471
21446315
5491005
31025203
27985062
19476731
26050251
17366215
33468384
8456553
27212112
30583410
27567597
23076158
18297256
24221128
17645349
21938630
23641277
21755063
20752662
23800984
25432988
26424847
26251394
29254562
18603554
24137395
12639351
19878966
23146945
28178473
23559207
8627483
30337735
28465934
23777887
28675684
25821341
17829190
31652687
24321147
20119909
10064930
27351497
20213163
32746095
24479679
26370000
22498024
23990118
24495647
23911174
27193919
28256757
21942309
24899525
30640545
20751691
25891319
25173078
24697538
29950298
21054636
25692125
3787875
26792852
20254839
23206578
32014613
24335715
19068287
25022281
25144500
21554814
26119054
26169951
21885746
14306482
24712651
20988885
20688531
27752839
23849776
23264714
19459754
31665637
19617317
26491623
18128564
21638782
22315814
26188537
26291262
9395710
29074062
27658492
22638284
27836501
17282399
26256530
17896339
27467031
24522616
23627370
20000998
24181236
29533735
22038109
19049924
24620440
26295414
8812469
25777821
19505590
24414143
24987199
25722053
26785852
32372915
31565175
1881334
25010082
19254767
26183157
21065392
26089006
25105741
24055174
18507480
27370668
25693814
27887940
22500372
29468231
11892534
20568914
31497079
6379080
16628035
19317773
27161508
21240551
30798922
20445362
21170998
13519855
16447234
19176551
30252456
26408500
29157464
28344209
22693345
22253827
22747774
7848758
28420083
19336640
23586473
1709026
25417772
7693515
19069441
24345699
23125834
27386176
18212493
21454542
21895318
16606844
21035174
20999923
27426967
32899624
29218658
26632343
15380469
21143700
30902830
7391025
6479040
25155601
18653819
23404467
11192364
19450397
23551467
22374690
18728180
22855287
19020934
28835963
22499224
28301521
24646041
22670636
17195630
12271955
31811982
19008312
29220585
26033861
23423422
21885034
21050552
21163363
27493435
26696118
5756461
22594705
18153717
30469108
31027614
22419456
27915866
26308890
24207654
1205368
28992502
18774996
26892777
25706731
16666570
18337185
21285477
26748575
22974957
25803550
28161702
33005749
30060573
25402327
23085609
17926849
10470272
26542680
18636149
26591726
27524625
20998989
24801476
18135431
13534588
9866125
18003368
18837285
19395253
25524659
20164251
21128875
15919170
18820720
25864363
26774905
24077516
27875617
24923870
24818843
19893269
21815274
23955558
30694623
29856672
23602778
24325938
28863406
23224448
28414671
25449935
4330366
28189149
25317597
24389718
26861079
25726130
13013916
27041617
19204098
25368835
24219405
26735272
20135683
6939321
25781832
17951846
24461827
27809264
26702198
24646677
21389717
26968191
5132534
20965945
24920506
27296846
23478943
27749210
28161119
7523778
28146154
27762862
16748379
30144406
28275967
23189072
31673623
22219560
24505868
22168775
23810692
28213138
27353470
26256048
30183780
23025963
28815266
26936673
25538580
22701329
26509181
12561064
24975251
28157233
32567425
17391969
16936054
19701994
30910822
29640237
23552576
16605395
25749477
25445306
23018788
24495484
4695144
24279315
21075115
22879926
26842460
18069647
22943375
33243573
22889530
30733567
27153925
12057896
20352865
24636439
23107529
18805149
27771252
26421076
22356654
29392274
29712937
30290112
23055178
11687547
28397592
24738436
20210530
29948653
27914577
20510668
29491105
29487205
27635675
16323301
17132828
27833418
22706130
20458210
22030023
20660003
29158727
10805554
30608915
21897960
22460643
28711750
24835315
29029801
24973859
15927435
26074033
20731549
28150348
24780434
28735150
6676566
24955584
27861394
24674005
31033510
28645732
22607739
29670024
15258690
8111346
26814889
18217407
23783178
21945841
15666188
31343817
26241194
19741800
19295640
24444804
25935425
25867187
27408490
23237387
16955682
33020774
24421422
16025368
17209673
28015412
11700989
21477558
13564293
26841029
24489761
12387957
20369673
27551832
19921718
25810637
26199291
22207886
24494613
5835756
33395826
24738510
6136814
16988124
25715544
29844242
30951434
29718313
24358172
17706085
26088347
28045827
24556070
17369170
12029060
23599969
25592618
23314766
10010402
24374281
16817844
30690414
26416384
29311439
22939231
19238028
23284317
23114974
32799288
8297120
23754232
32328146
24648247
19055555
23009322
20033859
24107080
23476173
18869139
17353100
21974519
22397888
23919831
30921906
25018459
9862891
12225771
17949446
20090229
24591038
22488895
32572063
23910313
7059548
26582664
26560669
28611409
27442990
22428329
12463267
26127130
30756736
16159868
29105604
24872717
27157941
20747601
24237300
24948726
18294718
31972856
21292187
24531262
15629813
32420147
31009661
12915342
23893474
26375714
9679018
20170689
19843080
22725622
19800200
21803627
21943985
23430801
24601219
8621343
23309015
7406781
31554898
28317954
29863323
28228909
31145860
27319617
24225984
21203382
32376868
21472936
23513061
23881869
23922561
22191735
30880041
21891305
17494581
22655419
31500331
23202361
25102383
27877296
18692869
24781464
18055228
30911906
28285456
22529866
20089494
23400745
16306592
3011788
15637030
11366366
32638428
26983331
23563439
19079791
21073487
23535338
27971461
30438773
9923920
17745823
21327872
30253451
17080469
8752365
21965992
21909898
21111678
27932528
31494406
23403764
27933732
20234571
24841078
19786492
28318984
24436573
31447830
29713091
27335159
20063432
27530438
10032260
25091484
22606728
22413829
30805183
28411185
21902985
27477402
20332401
25761756
19934730
11901092
18630553
31598914
22959333
18832823
28292821
25030427
22885063
22674035
2447265
16060809
31278755
22925462
4620082
25840363
22161148
21188248
31222980
25977832
27266909
8204515
23455749
18035873
23738193
32782828
18316832
11025739
16106357
29692741
17897733
31852404
26298887
27546219
2525205
21458350
22535386
25305322
18959223
2181469
18970032
26075276
20634126
17371684
23201573
29014303
23430589
23140727
29735120
22919416
26013755
20413492
22865991
26115700
27260882
21678238
22196452
19440200
25094432
18080749
23027490
4941015
28832079
16604154
26832815
24679412
23981604
23985915
24515650
22672118
20027257
22790573
19637213
23622971
9707815
22062126
11813587
22817653
4461224
27928109
24584555
17769977
12972769
29387429
31897814
25852562
25796885
32560432
29467839
32377635
30677355
31952642
4802939
25642682
23884682
26083534
9958788
19851527
18786901
21943241
25470712
33046863
21004429
26072410
27221357
31671778
25772637
6769832
22109008
21108988
23628148
19729046
17920108
19930327
23661793
30245548
19416446
19197625
25267461
26441530
30287334
30615821
25209305
29096708
23807464
12735321
29008498
22582583
23525856
17097536
29994159
23389922
25404483
32219993
20646738
25426044
26315535
19301353
17982331
11540272
9555677
21888887
22852447
25041942
27821637
31850509
21725552
22835620
30154989
27084482
31322512
22863285
24673084
27211456
21206294
32056259
22792665
10226812
26596826
25863383
24283599
19213818
30890567
12551689
25624699
32235319
20831234
18335724
26077800
30643450
29712803
26534119
20628412
30594154
13605566
7344298
16117480
23241087
8144580
28140170
12615950
25484860
26404039
26488791
19341901
25098911
23811216
25285528
23505646
18853466
23634292
29092389
8768198
24016871
22347841
25422910
4974082
20281834
29674812
32448546
22195672
30115508
32069292
28595854
24561218
21693959
28876127
26887158
18203820
22011103
23147429
23008539
21549542
28023642
15120063
33403089
28790689
22207535
7612711
23746922
27128749
4591208
30382442
22311892
19547637
24308510
22805600
24989269
24600608
25240779
26023126
29512613
6833147
8485123
30577568
16051712
24704509
30731007
23098134
22986091
24515354
25639436
26384791
17729112
26706947
16663918
12123508
31930883
25521764
23895837
28057669
9299351
27385039
19984091
23460445
27991301
23794888
23155675
25483229
6784665
22041522
30544704
17857366
10992167
25805431
20326896
33665899
31013244
23264626
22440465
24577272
24436395
28283580
24381831
27158165
24401043
18740323
26423183
19057369
23606438
18259281
22121550
23929515
26872241
24926171
23545267
20692778
17299716
24038449
18659816
25401397
18465512
9896555
29672083
23862766
23504270
21770831
23203111
27342446
22712170
25863357
21540387
31784357
18789654
25188385
10986528
19596678
6952545
11859159
21625411
26105723
21392225
23671213
23227782
25256205
30794954
22220022
16168556
28377055
18011849
6516985
25351546
30622776
31144787
22005951
26144969
1978504
10830374
31167608
25953762
24713127
24797231
29992524
30495963
25785991
17596579
27895138
20988003
25324377
12552015
22027251
33219964
20410555
25995517
11796063
27876697
27103151
24060056
19300831
18496831
19882018
19129330
23422592
28941528
23828394
28409302
24873651
19025606
25541305
24097006
18625791
19047702
27315942
20961842
25274506
27043259
18513028
25928092
21089793
15739727
21198064
22020692
19199764
24307652
24860518
25856202
32908216
30521453
28473575
24029059
21981595
21086262
22510201
20260130
7550456
26688245
21928005
25585115
33401862
26594115
16243967
21266710
21263363
31104475
22701554
23179667
7390995
18767562
25853519
22316875
33725716
25897516
23824630
26145329
26600495
13514143
21948698
26081720
27150306
18616241
26040470
25410973
2688876
28180439
24531038
17375844
29294761
23417875
21393560
9934473
17730580
23296897
18310010
20665841
30685296
23340935
27201083
25051375
28474986
27115191
5304769
28784555
23559330
18705027
29332907
24199918
21886939
17135549
29930076
21966187
31339219
12804727
21177866
20637684
26038218
25836267
21329784
25206725
17007087
24439187
28921167
26572131
19855930
19452327
21841703
24275875
25794731
21721138
26159587
24995555
24309755
26621252
28482727
23444217
24016647
24668584
31162401
24748515
24165867
16896609
17743832
26432631
29420247
20887700
18338491
18580407
25134170
27580524
29829456
23878525
27617960
23096535
26339685
26540100
29294442
5162583
2410137
22992506
21629366
21791390
28541801
18529249
13452626
30453484
22666918
7161228
31762903
26218396
16752105
23168229
30041719
26483589
11224362
23957930
32841160
16199357
28889189
29476484
30741582
29416169
31168378
18032095
28128072
23491077
11966427
27582463
24993450
20795598
2284392
17404052
23469437
20281959
30586716
25339382
17180836
27004717
16521530
23328044
21599498
19059390
22282557
22623408
27937537
27910854
23679607
24667195
23563029
22134129
26391572
18008327
24710313
16441319
18608878
22956265
16395460
22311975
27051296
19460548
27008875
23559990
9099407
30046431
24808348
24678565
32052936
23094688
20956041
21235473
23391684
24742959
27715316
24093218
27427507
17979902
18730370
27491281
29225153
22658671
26248329
13369496
26861952
24714665
22887430
29051932
28580528
24678319
21467804
12797293
26452178
15723656
26008342
7053067
24734647
25138970
23687771
28406656
21666497
27171357
23147108
24192156
7224557
23688400
29145975
23202156
13347543
22375192
26641150
18019091
28205980
20933049
30129170
17967856
28332300
26436537
25295682
21133371
30794024
31224453
28274700
20378353
25547098
21259981
21349397
25977110
27408575
28412996
26001983
31695255
27987575
32711088
23165767
23326596
6659241
30507348
25096894
15337689
27287691
30788748
33555860
22774760
9246719
19183268
19284652
29772721
7639852
21403120
24764009
25417064
30696869
24526283
27622089
28311636
30193273
26803913
7984058
23147715
25117507
30161128
24896512
21455653
11172208
21248639
20940374
27305390
25753425
26462232
25115029
23185136
27169954
15402283
18732978
31985225
21406139
5768407
22406414
25347032
27871689
23019802
16610817
9808077
22691309
18237764
29947327
29789158
24871273
25170843
26775759
19307205
27867243
26602390
25266443
20148357
24441166
17239665
17315081
23324791
22245641
12501923
15176771
27165657
23261437
25976550
18354328
25559074
28608058
20835893
25565887
25470558
5478531
18442714
29883656
15722640
30301299
22489675
18038590
25412309
28598681
19116351
22327884
23782336
13090255
18869478
24552398
26014723
11705128
27654924
17502335
17752067
27924864
24988605
32745708
23246116
23358195
27296276
24929997
19332443
28760865
23669335
20675249
13731180
31872722
25366362
21068584
23351604
26518554
21792350
23758249
17335582
23319400
19120729
23340472
26144799
29636052
28316141
28450870
26856029
28668975
23753343
16899700
22246550
8767884
22424149
8093547
22996846
26441283
18395549
20238993
25065654
16884301
28115753
29553246
22365950
23091850
21701563
26456555
6060354
26891676
26261413
17427886
18643045
24573010
25711732
34220344
23362588
25708834
26466428
26742561
22657459
12456960
1898607
31039408
21038870
24197260
26008123
19395049
17331581
23519810
28324454
27430047
31102855
21243496
20560461
20111942
30192904
33152394
28800340
22375333
22402850
26184287
26577547
26730560
28482227
13166062
21796877
28814231
25652441
29653947
29641619
16494498
24939508
23597216
26235747
21160261
14010604
21500343
13435092
22606150
23828593
11391260
23468944
21603993
28843363
17232381
21815524
22472216
23294887
25328055
23812546
21212783
20481340
23447719
23770120
17590791
17708941
16695334
24848265
32583113
6217414
21290527
22121224
25702381
20750320
20099020
20795926
23639976
29562912
26748806
6916442
24930720
23811702
21181437
2176052
31460700
20267606
27857841
26738661
26719956
30521551
20331674
27169650
20238372
22251844
21018806
18344872
6871096
23656668
30090581
29656653
19087072
21460211
19295465
28971978
24739359
28694818
19960323
26824220
19637328
24986551
13901855
24310392
21638042
5955821
24826829
5161676
26952257
8027218
24707402
27839329
14058638
32049705
19873624
21268382
28297354
6695972
18049942
27733647
24657282
28074002
31349309
23654887
25786167
26977823
8714447
18916152
25187572
11141674
5925852
26803162
16868842
26111248
3921065
24076016
28343612
22456091
7874716
28051653
28672597
20921659
23176704
19847088
23095348
20098097
27621395
25174606
32195546
27281722
17607119
27898638
28219604
8575841
25805577
24980625
22985431
23059194
27724969
31848891
24560603
25554511
4809853
28124480
32081018
25337699
25479985
24002384
6549555
30457700
30002820
24384301
22249883
33661315
24839939
24806440
24740328
21263084
25042484
6033336
26978315
25635193
19193893
21597172
25375927
32692078
28143818
18056793
22682079
23989013
24634673
22108667
20456564
12801752
26933932
24366183
10214337
20448161
28225620
26870376
26438176
19357885
17612428
29737835
21334773
10353050
24975827
15792449
16565421
26700955
21144467
19222473
21198543
20946350
25293233
7114478
24940525
19845287
26595743
20440461
25988825
21662871
8938527
27135920
24678655
25451923
24610808
18378195
5492398
23959773
24407650
25414662
29008145
25468030
23598697
24382898
13538482
18969704
30667560
28568935
25701109
2274951
33443829
28387751
19331520
26729034
24748812
22896120
24028435
16366905
21742257
27222295
24347097
30227027
25428368
6607681
27265532
26550983
22744700
22987707
20621619
19330396
26036719
25053972
18432853
27618826
26144946
18253087
25764718
29396439
26439735
18254970
27467400
23575425
10690837
4884560
25410391
21007466
16285693
27045105
17343215
27956297
25909680
29910136
30445270
23104006
25705725
28291211
20845509
21546531
21837893
21206675
30421707
25723094
25537187
20174648
21027040
21483269
26064878
29698307
20328279
7334417
22755107
24480763
28708599
30970385
20667325
24777497
20771414
30770329
24839619
25667361
30190025
22907463
9933903
26209299
17920061
20520692
21171524
27731618
27527789
26880609
16942382
21997683
27695988
22852580
31722844
22325702
17939727
28798923
8663460
16292191
23214621
2784007
20059165
20958415
23715919
18082469
26880382
26130793
30369669
27963300
23131226
5857248
22071164
26844439
24700325
21839852
26331715
29222572
21192165
26792872
29526710
23507596
21081396
23187018
24305104
21031444
28457460
18664383
23607672
25476923
24775810
20665480
27544460
23659375
23760058
23999207
23363564
18644654
22521457
22131168
24565269
26283419
21849310
2048912
22709723
21552153
25241581
24643279
24180303
28465123
17250695
29234396
19811884
22025172
26530068
7159445
18767759
20707061
23135184
27793779
21838865
24843214
25187973
18719235
22278474
23967861
22133443
6399163
20258679
25673264
6778160
25707343
23416690
30530394
12175434
29163693
12939189
25797091
19025343
22092130
16083165
29010660
28431675
26100242
18618394
30602869
25020440
32110190
26956656
20442652
30109897
18948684
25100399
30169659
12398044
27977290
21442388
17511036
27463110
18037705
23497796
17197055
23744954
24275935
31242798
23071492
21603546
29109215
19112277
26160737
24823335
22818204
31505446
28104212
23918527
22208437
24115196
17360052
30865385
4278615
2820196
24270574
25595957
20966440
24802646
23910654
31058199
25217687
23580923
22294601
30256527
29671755
24928175
25187744
25782800
18771639
19716861
26628646
32416643
31959633
18933841
17804038
27527294
21656024
25927272
23286756
30450351
27514494
28762676
23750942
26285330
17082137
20417400
27803515
21834432
2298265
13727168
17411889
29601401
25600802
20918388
28596867
28595404
23437370
21957378
10951517
25358871
11654972
27602636
9992041
24469065
27041701
28135911
30316762
28427594
15755244
4593730
26776594
27506300
23391365
26690527
26736798
9721412
29267318
22563987
25212425
31403418
16031969
24328081
29099427
27408713
26438988
20332702
27595118
23048161
22890917
27396589
27035008
26049190
24322803
25550493
4393287
19742418
19211677
22911867
24301674
21700742
28401848
26992164
23293319
23895843
25162461
9774940
21758362
24849530
24300093
22703325
21318800
24242121
27109927
22198364
27179473
26244430
32483207
28107017
21663651
22921718
27104942
30303670
23996869
17824306
18292902
25339173
27209280
9889144
21361592
16790431
21937155
18822740
30053869
9296264
26012372
25750184
20073267
21725062
22805513
25987231
8200212
16268566
26456030
28514128
26983231
26975992
28404676
23748681
21222428
24576280
26972390
20077928
17386595
3807037
16774075
30633331
29725820
25007801
26782079
25108869
23353649
25088858
23469383
30112801
23579521
24023579
22610100
25353977
22406904
18754300
5568074
23166978
26239781
31423055
31985825
23244375
2241670
24644806
13544807
23561807
25379544
24172921
21349159
19282063
24738143
20091855
7702646
23581203
19254410
1781644
30348638
25410321
9992542
23910753
23700487
31887416
24984160
23009014
27950412
27052687
32011668
30344234
23850461
28057313
8693653
28417053
19043329
18850939
20028217
17848802
19833687
25842522
27008334
18889781
21649600
27403829
26526310
20792631
20210992
2933269
23078129
24905066
14800839
7250759
2614112
4247985
26578013
20314580
22935063
28094231
24314131
28189502
16174057
25147894
27337599
29510189
18734425
21752539
20320682
27492366
6564947
20568224
25434827
26127148
25726008
13895900
23558758
23472377
20611063
28595028
20860890
30451623
21182961
29967437
6107268
25855293
21811907
27329127
11049774
22641172
6251964
20987176
28333215
29271902
16321687
29902978
26248277
17728184
28481575
27407828
23904565
21646788
21943601
22379414
28509959
20689249
29945374
22180958
22361315
17672878
29331971
26204186
15808437
26661472
22056006
13049410
23537935
24696867
23629666
16655052
24646723
22009378
25100011
29226845
29873125
23116670
23898079
3980049
20591730
29137960
20652904
28358016
19646910
25110672
26350941
21460135
28941769
30897581
29636758
26063354
28240089
1911929
20076655
21713597
26407571
17246951
5070848
27852300
22200757
15554105
25788980
27223436
21387464
11766431
31291716
25163699
31686003
10183846
18748296
24575713
24116551
25183318
22686386
19128825
21394999
22743029
30665821
19654949
18189638
28060100
10531920
23240164
20166565
26710066
31856395
31502350
29010940
25239614
24674981
24137581
23427886
23156727
19293312
24085553
22859041
20996036
25090919
9216588
24531172
26460724
21887363
16097532
18321602
30247102
26919267
20762212
23205600
25501745
32348799
14349347
17427638
23190122
15697222
6472618
24434584
32831759
20492968
27961132
25203433
24208411
22737651
23137184
26892388
26074846
23430388
16695540
26285513
24559774
27981044
9906362
20086343
23382963
26749222
33270138
4339070
23535026
28116440
27328530
6351571
29562740
28301884
5908694
25136448
22800377
26167504
12694249
26318189
26751928
28140424
26785903
22821393
23906384
28703683
21713209
18527817
25192152
4669647
31876219
29783586
27810511
29678781
29504591
15489941
23567338
22306464
25031244
6292391
23792236
22827133
19077472
20344443
30506632
19925791
19773970
25817534
23847076
25015220
28449224
22745372
21146218
18101871
30692914
20805228
30753756
11216699
18940944
28993583
29108542
18388419
26416186
30497307
17941367
15966056
23747509
22352024
23440560
24770207
21446014
17810636
25779105
21747915
25773739
21509193
17727559
22650829
11833239
18520996
27897893
22091214
24560780
18641265
24770064
22060937
25705423
26432996
26148330
32064229
23438315
17612375
16351032
1149283
23463023
18550949
9366432
18706835
24564714
5500866
21045557
20787803
18398272
22545297
18716038
26660375
26557917
28896382
33554233
26873465
25473356
22584208
15815222
29496179
16699302
25143425
31636223
25217220
24610195
20129518
22732493
23370874
25599564
16300865
7558417
23342005
5415669
24142081
25304655
2581327
20365997
15776106
9940813
20030026
21310369
25788371
21572211
24914626
19008865
23579609
22820459
26001284
20884572
19970198
19645286
18507949
3019716
8843174
19920075
28588866
22213083
22687718
2767421
25777088
30273752
17510714
25505641
31796251
25286136
11763210
28982657
21140719
23623233
23731079
27205710
27586997
26801965
22002483
24175839
31930197
19417419
24185531
18027655
24905387
27961703
25582951
30354973
27465044
28056712
28959860
28039087
25065198
22776758
26234089
23034104
30787726
29058257
22455128
33477810
25283005
22540607
21097330
24924002
28700890
25134681
17515044
23178637
19395238
17706960
21487198
8026072
16257402
21119064
7409212
20305321
30238394
22913044
33120862
24013612
23323606
6612797
2822059
23198894
23849475
29958508
21379362
24459634
21277763
26147848
27305645
27617181
27129927
26893575
18858044
21455114
22854743
21724208
25972469
20576188
28255579
7094731
24203139
26589114
22889802
21188702
26034361
21108047
29508367
22703897
22436490
19068209
26799506
19601641
21674276
4487883
25801374
10579997
24506923
32217314
20732160
23855387
1782992
29709431
18581210
21144506
23098277
31394110
30394201
16415837
11536257
24224250
21130059
25375639
28042335
24571966
24313037
26729507
29550999
1956269
28516873
18211748
28461437
18733702
18452063
22863606
20542145
24127717
4022948
27510158
23893347
25064505
23615829
33221316
31702800
26385054
30518586
25239065
17208863
27340542
29943456
26061414
20187160
20261785
19608965
16231188
23507655
21177365
22763747
25455017
7880754
30774941
31264381
24210952
26687047
18002045
29449433
20859104
25554783
23735737
28553899
20946168
22354916
23684170
4400607
17985056
30306411
27343907
7275417
20899437
27160413
25864644
30687326
29948082
4737607
25251155
23662390
22920130
12381674
28018972
32010080
18667552
25204336
24441516
10555992
23507724
20040358
19110811
17224886
24158195
20679485
19481145
18529041
10952090
7445451
22954418
30580970
22823126
27040797
10675946
20408556
4522478
31227186
26737359
26225612
23236549
24111540
5892318
30118307
13081956
19729389
19685267
29885411
26857502
24090076
32427361
16897364
9338132
24958514
26549985
27608007
26681563
26657743
19948523
21614445
27312985
22478094
21486730
23948724
24525094
29000164
21469718
21423048
25280609
20925889
27025581
18120454
26753099
30116009
27360547
22879859
9917639
24365795
26053902
28134067
27177992
5502955
21040887
10359045
24627832
30441084
22828982
25709863
29052911
6856103
22725603
26770709
30159057
24741719
26143591
22399295
31855711
18804648
28637166
27227099
11993098
20523514
23783749
8161469
29475016
26565649
22892595
21053973
33521115
28661321
26872738
23003222
21026668
26149965
22255834
9776414
27448011
19338527
23991310
27369889
27596084
10586827
24734492
30989557
23873751
26662748
2317051
29456500
16037476
22461034
19112899
24685061
32765368
5690043
19892680
27453572
26096848
27524662
30808593
30616132
23658797
23012173
25509434
21717803
21609012
31558389
25917807
21854395
8381943
24323683
33844390
20561618
28599052
27430003
20924483
26205266
16384178
16363029
31887387
21773172
20363946
20382529
25379530
33316010
6274948
26658858
24454365
27729218
27820574
21239842
21114597
27267510
12644679
29067681
25006957
24946536
18364678
26244780
19402107
21859919
2258896
29122567
23852470
7676206
25807395
30120274
25969190
21032744
22065871
20830614
24855105
12393217
21154142
7101402
5877813
24037628
20743979
27308088
33137315
19936137
7620180
23259222
15320299
23969465
22945669
23614563
20847449
24160678
13964852
25693129
20776926
18088484
22667583
10982447
26158945
24359250
20322477
30501137
27872948
24442948
4150085
30401188
26533412
10547804
7721122
16105473
19126032
26455367
25029226
25882996
23030801
7294955
8193662
19198617
24703987
25419261
24417139
27980649
21610238
22367184
28468946
27930086
25657768
25478972
26443622
31909271
28021744
19339191
32324784
20030885
19019806
19420951
22367070
30835359
16248238
33182672
31082993
24362218
27934779
9605228
22987792
22372706
18556714
26150150
28768094
24288852
15589571
26189008
25693801
24332345
25303113
25228764
25133101
31670206
24088747
20935538
25475136
25372361
24122601
27661311
16200083
32121379
13162235
30551784
30440096
31643921
23992114
31555163
24466087
21455216
28306994
28528714
16962701
20036006
18752551
27081183
18768419
23491670
24249550
19845212
16800680
25985330
28183207
21918451
17090164
26162836
1332585
29052746
25867677
17114725
21714589
26604451
24465456
25167365
24202735
21319691
29103848
31621371
19176166
23769662
26248509
25947578
18780424
22789040
13566135
21937797
24732292
12211297
24856880
29697238
25713362
24258966
23291885
23498633
32066488
15361941
25567807
11688169
20689497
17309783
19967631
29185977
25182980
13438001
25307725
10867853
25240813
20779991
23055640
19035878
30788501
25711798
25211911
27210476
21861024
12539745
25362988
25327741
21088933
22201741
25281577
26672178
21247551
30559731
23199451
17256588
30162890
8408802
30085979
23391659
19243741
30423635
24699194
23815069
5709601
27336260
16757052
26625960
26026264
27817244
32470578
21890007
21898691
6517026
32978797
24937755
9122985
28683318
23219447
22750511
31173128
24512568
24689994
21996592
29398606
22522047
24787107
23475236
25388967
13483701
28519813
22931985
33012473
4573632
20320126
27754839
28608959
24908389
16908848
24813960
28336696
24196476
30289556
21375306
27409977
26744935
10212897
24903712
25243174
26587819
15387911
27621518
23694432
19322164
26172180
26151806
27823980
25399741
24992466
24936078
21047000
20743420
23328651
29850086
31588599
16086504
27636338
16905774
29468062
23929518
20040874
21913099
30682497
18965896
20150292
21406350
25928041
29032773
21331129
19256043
25823407
23166522
21643256
24070187
29056138
10096481
3284907
17849448
25635991
22991156
25048940
24007273
28073577
5011398
6202619
20032126
22896753
23680652
28027600
26448901
22725040
26755948
31794735
30913598
22754972
29604706
22289194
24602985
28810115
33970438
24726914
20187599
24783502
24188352
34172847
21821729
22578716
20301097
19730441
12625580
24737888
31638433
21618353
22666427
29556200
23016057
31806755
28241204
5442660
23689945
17605766
18632533
31036259
20957818
18967374
20475144
26593447
24188991
27893235
30919804
20251798
21565712
23121497
23853759
23086942
27475096
26882962
24213609
22464275
8189384
25039645
24659302
12501875
26214582
6533853
28903815
21999280
17238442
28421475
27278919
20553294
20781072
21734343
27695204
19842837
22911714
27006269
29825185
23606987
22018933
26646761
19138055
25668421
20652375
4138547
19445260
9767724
32128763
21608379
31971981
21642416
30982767
4367990
18406334
25632316
15196139
6303584
18211571
19488630
8949443
22598717
24017325
30065403
23403814
24792760
24102124
27976181
18070036
24137561
18256324
23523099
20179081
24970516
21744300
26331552
26314514
21382027
23926789
23388298
25808205
30485806
6949398
29315574
29464112
23945052
22864881
11644148
29772769
17298999
26842578
18419145
22727638
24739382
21490040
19016587
22288543
22233648
33477743
7964139
29800741
21877601
6177383
4963707
26271333
30442543
26662950
23995783
22381276
18064518
28625052
30439457
31780482
16601747
29301031
27902278
24835958
29437400
26504378
22976357
19451224
26951512
28679741
25212686
25861307
27475331
30857516
25093148
24479368
20468476
24565980
26983308
30029759
16767344
22674628
25966580
27992621
23991735
17789690
30372403
29412496
23707437
28238870
23498815
19722953
30959853
22136889
30960161
16064775
20631163
28648061
23144198
25902672
21958443
13242386
22717431
23930420
26003796
4626685
33747494
26104386
27236102
22223663
25663663
26433869
21173876
23736125
24980088
27847499
25068577
26608476
24059346
22057813
24154004
24080939
27189937
24615709
29734347
32492123
17870929
30156611
23800220
25492446
22911704
22107574
24455599
6429341
29516198
30551367
28338701
20938598
25844374
7204395
25601049
26785201
25730286
27014028
30360039
24557382
17263502
17788871
17683094
23654462
21268859
20536527
25183189
18973868
33329622
30084957
19210695
7627483
25219226
6608111
24032503
29163701
30009329
23119931
30365704
26735347
8342586
20243164
9053487
8112701
23828813
23503574
13343552
21095873
24807350
12959362
24666695
23095466
11580503
8312238
19936241
9001136
20482352
20238419
24447674
22018900
22775494
23909043
19707072
24950161
24634051
23673722
11314280
22377765
24748950
24127332
13836583
6062389
26575538
20414243
30678041
24264080
25321569
16873977
17842918
25788277
31286100
33444734
23306928
18140691
30652879
16879175
20575243
21431780
24897747
7220368
12476826
22618881
20510111
23819399
26366822
29281013
18912760
22155595
31042419
