263502822
248690716
272435626
218579949
208446612
73146969
238711723
250434357
119200231
119493228
224188982
243331863
221332393
289483890
289670715
215380583
187120548
252589313
225249538
232541397
176204666
77510872
221035935
220402283
214355733
242611358
193658057
270292497
302278655
268804804
227869350
270369767
253014514
328039731
288220695
247937970
255232673
52040218
224273113
211381457
245616976
111233330
219956293
243747403
252606753
215086331
56353254
256735607
259318969
129756543
211300588
299328519
262591712
272156707
233551757
249864764
238017399
293648071
243782561
253242428
195109770
220144591
249886771
321840374
191817047
266839836
245799057
330494459
245398916
226843532
232677785
249944970
200488664
262918245
296813158
289861842
320334458
323519525
50075863
229399869
183023206
245029586
229224942
257014215
261420918
305926058
224287656
47065691
258337656
282767447
266027136
233265218
197968994
339248815
269498970
276918300
106416117
275851426
276878242
60429945
240137775
261486907
244302146
237219575
293131653
193112332
293711301
207229790
305109245
271318812
283698876
302308034
299854621
220560301
219240973
232392338
98852425
226546265
249714860
301175434
247166317
259678073
308550549
226361859
271458060
330811871
295492310
203841646
270558985
53609921
244897227
206308598
262130536
315552332
282769828
208026867
274070681
193548810
259067155
150407476
291762337
271160154
258716824
322264520
177187351
238471423
224817203
260242436
254718767
238769940
172668862
64552680
264370564
252143527
228858428
303593202
252224536
229840670
174386152
212031490
280448595
207543268
220388220
213717997
209497211
242119515
271870238
74996858
280900133
297066709
212057552
244899811
251713361
208699938
220592944
247293417
234888485
259227487
230815749
295142839
309034692
256411062
214742070
273401352
171536766
94785889
70056530
228570690
202694213
256483469
290732599
224560571
258178278
290324820
233445376
209496081
243878750
253188098
204956753
305852213
218506605
266970190
91536281
216805014
302141113
298509732
314440946
240147238
193561806
279598818
203816641
274495088
256430642
251813455
309219605
257598639
263651178
242822296
187363530
218517477
317075901
282385742
253580182
216033685
130428170
285216151
313134078
269468351
226752705
236453953
259510143
259505294
245047145
250037100
158211459
208969364
68536814
208885009
192182463
237102759
202564279
286839566
323806051
223874069
268456130
197600892
252063447
242731334
287503867
119823369
242155754
200330878
237139286
41170991
288613509
259661989
291924114
248366124
247114614
300536492
273068412
39472509
38228737
228855622
222765733
270858880
309872794
196071591
302386018
182594983
171446885
243489560
234760367
191209584
127857861
310759796
221663680
211595564
198860078
194291381
212529320
261423198
120860517
219314199
240076603
117033597
235683573
256882350
246313935
290289703
237381656
212807158
226137236
303256408
261676843
114487602
224280539
286762632
241575519
185631475
215922668
330341020
233833442
80947693
186931898
212285513
221540563
196169576
226759076
167458219
270481180
269253018
269471886
46043330
251523585
276390828
153489407
217275184
317858392
238921535
282804486
248442988
104975324
74557757
50100417
316050915
236536372
237866386
237410407
239213366
294301402
244701154
154995509
75529333
290488282
180806886
207146133
299404441
303495213
256665681
274297283
290464439
45470924
187828345
229641265
178413446
287379885
283643456
241251962
214772152
252936202
231360992
182415572
184195217
234900322
266938550
58295059
272675860
51934699
219743843
221941482
289710397
238802838
238854921
311261677
270726841
239214227
282660708
238895124
213716937
236384642
283768876
182976233
273927921
252222680
216172254
115858232
122368726
302917424
77393536
253536520
272418715
278325864
238636988
231065113
239737270
251129041
240578785
219342741
46160228
279015753
206862555
313837069
300934561
210239898
180254512
232401365
204688183
205964247
198344162
213625523
210854105
189653076
218614477
313573734
226985834
315724312
201806238
120918609
136259077
267718420
279169016
212579351
231222458
272829606
211689411
279828363
216282160
168088202
231676462
193830757
172103814
96573527
274101444
235416624
270913124
241095573
215809618
256144451
216584368
298849962
61729716
315502811
201225444
241899907
104963118
295500099
182636971
226704962
237475932
328315248
275270197
311438540
197294707
232697868
278350052
187764239
190380733
224612296
299813179
236729420
210716384
234701060
329978170
224377395
284744812
247799990
184833312
273761863
232947071
182193834
213289949
215878359
81403581
286930920
181105003
324837437
221368731
197323691
186891940
257486423
200016827
196776549
261098023
206665867
177725519
106489782
221565177
161959933
237694333
232180479
289138661
210958499
200075679
248546667
286231265
249056804
291019564
80886983
241071945
182016009
117738238
286489936
215797536
303783057
217821562
241613545
230147319
298283870
253491385
271411837
204878168
212008928
213771692
176984054
273253411
271943508
182942663
106774325
235161828
284303252
329487232
301971165
40584036
164228498
295787112
175939514
265931511
251674781
175998800
256006603
306827088
215068979
180903855
210481078
219579783
194372442
321871024
183482639
184499324
254080311
270945001
97617492
282788011
206188837
240377632
239904556
119396461
253857115
161116610
246558568
232164537
281057732
223018897
228289544
103563596
126167885
190804007
185041691
196386124
233726199
188628107
278073220
209755748
228681861
163718426
238605354
123596416
217720532
320511328
257777448
150985975
243129081
230091431
190802431
237098302
331498427
207688888
286159913
248114657
321805779
280161628
275992714
309649668
279413301
234479018
264230998
297233933
269889369
241308535
189276155
272035086
226951661
249631248
289381686
118815619
37656273
208000621
250323735
198734668
223388530
269607852
267557854
228638928
229504294
60337428
252923247
231743936
258299807
215731079
188746961
306701990
37512538
236953746
252635554
272688253
179938528
290398468
237619644
277656604
295516038
184164260
251518231
252215299
222551761
252848074
177410510
311867420
311302369
248632558
257696665
73298209
43208447
226804812
175493192
78826668
249482486
197492204
191695955
172533641
260370620
327308546
247130059
258041802
54983260
308271959
237564800
265247723
168183177
295330893
249782236
289814767
158556244
247799429
179617203
256684011
225628637
61182591
222024705
320076684
183106492
288692720
189926378
182377538
232466653
298126031
242417646
256817647
221432048
266484838
209173028
266975019
264824949
187641949
54244017
212439540
284956259
268236394
222915000
196928295
101552079
283432145
256010758
196595751
229266883
198803483
116762118
303144509
283437165
193006783
78098973
256694465
235122167
197518739
241865668
249235392
244666413
304416515
204289715
200436714
233670300
235793995
268246603
98774189
170847125
245518731
302210364
243241299
219308641
193248727
316029972
256207957
251474016
52249454
241813132
211629432
266914527
285747168
270079262
219838032
270634872
274554411
118226369
128585279
237551391
210138497
231428658
230373698
281328702
250719975
256922170
239609280
263328070
242145465
295832063
217118615
216220481
214277576
196986246
284368312
297951967
74057169
213530479
215258954
295975884
247326379
157939854
213599049
131965340
231572345
271545480
239161373
291233531
233392411
274943447
252158696
261226727
255863157
201501303
194391850
249802061
284106658
244077747
211582691
268597917
170189360
218729888
212974749
262681871
223344645
113285650
242200106
301948371
227600082
267260995
217436808
195694207
192938877
273261582
69785604
286959796
269120391
314904284
331008961
277951680
335627188
237704497
160645572
181890695
267232702
244229041
246090517
255359192
62891350
209957476
240589306
282075435
325340616
65488298
136534212
193470463
222054546
62559087
257064996
305576366
207763157
204621439
284453839
176819776
251693143
216825407
306388501
249146720
232622277
196295687
238115881
265583217
268986616
293946510
288217509
304351059
212442819
225718602
201803575
303000859
190105484
232416944
254057413
197507563
299585712
333154743
241408466
284240026
73200200
160673569
269745544
233704070
255775423
271231143
241711621
235076012
230063357
273947580
227126606
254953722
182321011
267768379
228517043
59299126
234714749
236048178
225137927
262993825
304948617
308325370
287879546
295625006
253640663
225656249
263329602
247825829
198266206
127193672
99797319
335536531
231036163
203821488
224806762
228506167
216803849
235095952
117908645
238973476
280233602
232167352
176876422
232490463
201019171
248334469
324406673
222381640
96117449
261104340
189430350
270154062
313338545
237411154
290330965
243428475
232518935
99441455
335986580
276528703
254441836
208641540
284540396
230438760
243891212
286226972
237449795
115643769
283020799
224851078
90943818
252822373
314149761
214381457
214252273
217810351
290003129
298451616
252161299
288805553
307722127
310853324
250506128
275301273
214098165
309116372
233764359
166986089
242847673
173912436
198574516
183214197
217090376
221538253
221350643
210792467
171605447
118020759
286805892
278991199
293719475
192392902
234637002
268901725
265695707
224150646
307234173
109809373
319501741
262887631
252305624
304517178
270716124
263977660
256258383
297019276
286453815
230646245
177207317
271688558
265729730
297598757
251516684
249259638
185088457
237382608
265533861
250708175
296133717
236940476
209384895
224606831
181426338
278081125
320832981
228580028
240647045
198347904
254021580
57771900
323928362
242528176
223111927
312161902
252283117
203643189
192913471
269463739
250843324
255419270
245741254
304904404
210838620
238658161
193058264
134404479
256058146
248863978
251425054
243943720
199246323
302881672
159046817
258667042
182771532
105048580
274150013
287571456
308682690
300993547
169354098
257474156
292351326
219690563
105754156
262469969
249310549
288471888
253144992
232274726
241332191
217829135
168066515
234247233
269008078
220941738
221676635
213292423
192007420
184881661
206827075
242680609
327753334
225082471
233097900
198245693
235529683
177539509
267449795
227528293
248131916
253968952
289141189
239511499
268110067
236876042
111308183
272463324
280033488
287109420
230926773
62126431
276132002
308305525
201983103
275326316
332407747
204406016
300545245
277205002
221194236
195572865
319979227
194559351
264442612
219896762
294486620
125911156
270937453
261300700
227092040
259001282
290081315
178388879
251867203
224804952
211003775
259883072
50332171
224918770
332903884
194730772
290441680
230145321
273746022
273106989
60372137
288289360
217336251
315506532
179756129
134627969
235657704
268582985
234897054
93558745
237899409
211807003
221258372
206718461
209891173
237689009
235217539
312957164
165174757
280891777
61270716
264563857
223239713
175107992
192072377
219265376
324386382
263269911
235962670
256980336
152926997
138317536
250774333
239822994
305056536
276108967
244699870
284347969
210637868
199817817
121427638
176290857
249342534
258684783
252969960
208455999
48808370
236922122
233697193
288215524
181888408
223465751
111503449
159817456
170052997
41514701
252331285
218486724
237720513
209203450
248474664
203017652
261073018
212118062
181226077
296176491
194761509
240480919
281334942
241880104
270316074
276684865
122715692
218794567
242077238
297233961
111734677
196089992
255053033
169219067
198907351
206830565
75916886
210744594
286581354
259237747
255963700
319658852
251299681
133808238
202648867
271282577
70576864
198440528
287480054
283255783
191435375
233457042
99312722
214616126
277282434
207801979
295658270
202073291
246614241
236545905
254547356
254488848
213935055
175836261
268946823
81633316
245590024
234815107
181701895
246122391
227591112
276953611
88960043
243264487
234151517
290517374
238761069
217480076
244974800
328508374
72980183
232774478
255611177
265146328
228068976
227664427
207493153
326958963
252513997
221225375
231940479
206696275
252384400
260317729
202702653
318492684
260378724
290303572
174071591
261512290
262145596
245520602
234610023
181191398
180029452
262353621
236295394
271705598
192858180
248176270
162532467
264963729
281933558
193593089
245166976
192977573
282630152
288199266
152855497
246808843
313206800
289825982
269218002
252433509
221916232
171081434
306682301
145822980
70994738
81569819
251749216
278899612
187498579
199375726
272559796
266966239
275771709
285053081
276939755
183186897
266228603
125661356
259119901
238885955
197457595
255103050
233709737
182316200
229691559
224217626
302626249
237035772
263270370
207248071
283460992
280716725
209248804
281197600
293766019
252945619
249048247
244105608
209323102
243610768
217310155
184228976
231917917
185286120
254677132
239474902
128648975
218039906
164357474
115820980
325391613
301237040
285521024
106354302
311503872
201669894
301146638
115352116
203448102
263183248
197865237
174597464
166640032
247667351
312755753
215942169
247998657
312135001
270292578
252384156
233533884
313481925
240542666
279233469
240554410
112835622
197074948
243844843
278916902
240717846
240750253
248171335
192139460
235571818
171805730
85997950
247599495
53900303
294375755
278097867
187581466
290236085
130749794
194985761
116652109
260915325
280742463
204605111
251053699
212076714
260661742
291140591
241346036
252529011
283927300
258613351
229131141
247934501
244513021
252843862
297820529
190611070
214130917
255214011
303207249
211731272
228973277
236486011
185043425
236357110
226016583
212714944
253996067
181079998
219830707
215321597
278988266
292740031
73237591
257730492
238591338
327287458
281412533
73749045
315896377
217668056
259754621
44824234
238337532
208420130
163812346
230830032
135508605
275277631
274039153
259879404
205122306
226117692
180630508
263312426
299229679
288296535
332135293
238248109
230450265
214972970
323182847
236828238
242022092
242779960
297225794
250331643
180562478
231082641
237085385
231931588
264883662
241903710
259078300
256344162
227659957
284312864
335983913
101557085
248559027
226634019
233407699
261667880
206058556
162708773
271054691
250530460
88201479
296420273
238334196
241299688
243982246
305391047
213727315
224837484
215876279
265268580
271507450
264087680
291228774
107765832
239082389
256767211
272272698
188712726
241725049
239358332
316647821
216760309
65330011
228556369
273648189
220901742
267605841
182586455
201741177
276119253
181984773
252634717
225172943
252263872
261731333
242298826
267390149
285054382
253597008
286705950
211004057
235371188
289471689
265431841
202187030
266921023
250484039
51180969
244030758
240525258
189342767
304686480
263833822
181798796
283332219
279492891
281482040
235136495
188033630
280544987
298342140
201493582
229903586
212788358
198288210
246700317
242132222
251379568
93197836
289473065
240613495
213288873
249892572
197727708
236336137
153902312
275037276
248722256
224744314
162424911
251710960
289929934
324411958
284724934
263701166
174075710
241758590
227887698
205687663
111684211
244291187
193371711
302458094
267400562
230616906
64787403
259992402
265849930
258942972
264636500
280158811
295211761
257223740
293956385
183291342
217124116
181911984
301592140
236817013
252320534
321274769
252238441
260038703
231297530
218491952
262953064
223961378
219277871
189367230
208945324
229402383
269069735
168959587
260325824
292137951
245991636
219167840
219247550
176146954
262469992
248482178
241111189
280348964
131808414
261455255
259987997
266585357
211338949
316565100
254763352
75762435
292260062
196200943
274448179
227746575
118919257
312088600
238019121
247873637
128386574
232652758
293936006
153666259
237766921
130426444
272263573
201548863
226486849
244624850
167261094
224647061
275651052
224549999
259661964
278235934
250564841
258190516
93793927
103653521
237071512
288981484
308496458
237155987
242405589
314150534
209379342
244377641
275816164
219530558
272538812
76340445
141617383
282132966
237209718
240087488
233272247
240094457
309101016
233535344
255333100
259852754
93738626
249216282
315285948
293150250
237815619
199194487
316109112
293905571
258530617
101033910
189445437
295719883
276590088
300686467
89924354
243642307
323611979
299426345
270273755
246974429
319124155
211383985
181897454
253776145
200866109
124878582
179609459
234753195
222822147
244935830
133722426
246318007
286398103
292414036
251923425
190528058
188479711
250329545
194336360
92569225
220657788
292937967
240937245
90690012
211579866
270592759
274139739
261196270
282389611
96867914
235787457
254798230
175457200
250786832
236589459
239930768
272765273
212383022
264406775
205417064
270908292
314598072
171596716
241388651
255985964
319434471
200510624
311838039
200029899
137074217
214062730
206210295
318769170
238464293
245002918
272706055
250808337
203479537
259171722
246544306
303569119
175954647
261998200
244745304
260128016
96458213
289953983
258460890
253583459
292167444
89148722
214877426
279416486
285758348
298820233
214723117
50366402
291717963
185804812
232984561
152806169
322500028
236400848
101905393
244900619
229547796
253366211
272415047
199607448
215251376
295985310
81324068
269710614
220696927
232073312
252625233
260465021
232571997
195649269
294479145
50692064
255699833
249102578
209331740
237950546
291608596
247988820
208295223
199251395
212895877
280991203
271296221
231051493
183165699
44188678
221259413
274111131
51513948
202593575
241629824
270747086
68116215
252250594
312391059
237301918
202246446
89818867
281800744
213687975
231457793
270305618
266219708
237814548
206080672
221687093
182413418
201605938
278117182
212756404
136028693
245513204
213023557
284440470
181375760
250980896
41922807
211530446
251511268
207449830
216000651
226874740
223204375
269750656
206493446
74001262
309528211
195324930
203475651
236429529
312391880
206202530
224126994
75123905
186557971
314491477
262500667
238542890
210906309
201791954
263362359
206530601
268125036
206471848
158277629
247421370
134874434
266699535
237479729
137866567
218914863
301720261
261121413
180784783
247907800
232443690
188591767
262916695
318126794
212300466
212881200
282482502
276825574
226732824
266912673
226949892
184129602
126991390
249057894
197838794
240945322
221007037
47017199
214305823
209776623
229443071
229162808
242475585
99704576
63922279
205553626
222835638
230823787
247103322
278730745
247052756
247943832
189911002
297650420
231143375
230040416
256937721
271191420
303618777
216421453
255559197
292649666
290358934
184364783
93223774
202545090
196829605
256437612
274555507
172498473
202496742
231330796
226732949
304839303
220171452
229667588
298030238
194656582
150823647
214794055
214811693
310145775
235669464
99111896
261622325
237541564
202233648
184904149
236587115
239031122
225137923
147760458
71723754
227010662
271961445
261774891
193850962
275504634
269463243
256150735
320166990
327626459
233013291
120925221
286717490
237210994
246774929
237957196
271721164
278170141
339254027
242434382
202996884
60671753
231316281
37848881
263286250
333303669
230923980
289352945
245092497
310577381
238000617
217288367
257510250
329460874
225243941
211926249
270235078
241125209
271684953
266387593
81912706
218525369
196952641
236937225
260573071
266466262
258566277
303267818
218057861
204353882
295665489
212622896
230259148
210976738
211288834
276355491
222804153
256977632
60576599
254095463
259793565
276695478
170477137
186925735
200284909
284488122
267651186
244528719
231598753
246035661
260033497
273946150
247307111
243329266
271159247
246543497
278542353
267632158
101230668
254378655
213454735
283270100
218121636
260167110
267417221
234419141
259679121
265017056
243843477
238012083
248881028
231181022
269754976
294586219
219496216
72546881
315279145
253016923
192473077
255288176
161272846
267570729
234387153
235642767
325341465
125372185
244404534
265839973
323989369
249266593
255248089
206692933
222293128
158338890
239852258
211831253
234322803
260897881
196388663
245740292
247944435
217538783
160381446
253221562
196663352
106656510
247009784
174827073
294772129
275982467
156618935
277065185
303304936
305856597
48182886
275859437
277082553
151261293
289969142
263931217
274791771
185809538
104226878
207675405
217114380
232292681
216652154
245066802
68825968
262790959
256989581
233060227
68733698
217403344
269865882
330613240
209809607
287547577
245733040
249818114
192064678
274083072
169380254
253588644
200717770
224199769
249122711
260739770
216890468
256182560
169054127
251589380
159719237
221309118
230970549
274659059
219201627
306643763
213645970
91282920
208576353
201932644
159146630
227274046
257570192
215752692
221609682
216715433
232401385
317713164
200703332
287933840
241001737
219829848
262611776
210528671
211125637
249421667
254111163
335568550
232293654
261606618
230143079
275298424
233067647
223240502
266990821
122481352
211522795
243729752
277604452
220908345
243937642
180685398
175190207
182571822
266233158
226237785
297204074
179828786
263129227
332848007
310026501
217979162
180715911
286237378
208986209
192580863
300047647
249214168
312645461
281230166
257615120
216221045
259823268
248503272
127729072
279780476
236411953
308300472
279253599
190808210
319513089
283528650
281988559
243516696
206095439
243281122
168086773
278050849
49454850
222133469
207224336
283352621
167352334
245187653
213775446
259660931
221674795
291868414
238478502
298861173
237007205
303886664
184808911
225389306
288319803
250729558
328052990
277639717
331141802
275196688
249815302
210331793
246594165
238380877
297770325
269631193
215808480
231065252
319129810
126001122
207732057
293782869
229795732
254542854
281031488
154627919
64206513
262412925
268411947
279063495
252086402
274707606
203643364
97356425
237826675
224857794
258408714
218713645
332558449
265845898
136862067
55059667
250864723
45085239
233645628
305298970
171721762
284942151
219964072
280011243
300080102
254635279
266278157
180374063
233216451
313374286
246828946
274745365
63765658
218175644
243707856
197570919
259677489
314001582
305729048
320104501
314453719
47550539
262713709
309004982
246712661
115107159
227631682
239645588
71196180
289629135
158195226
265553292
190077498
196131434
247061063
267351866
256243569
310608278
165847238
273728457
40602809
282293841
313826488
269539574
241504416
239510713
293725352
220408870
257111678
324730968
320618000
217056025
307624818
287177979
89414622
256886546
62374794
226748725
301735006
192587896
237240321
254751142
214976562
205765599
227627040
228618956
282876156
154328507
233601429
265431577
200874047
251121286
262043921
264069479
217464670
244933263
293037192
232924972
189202836
297818629
298336352
208568552
263620460
270448831
177266433
221380422
249408190
238355999
290636430
285467726
279298723
313210484
80742411
239416447
287494891
217191235
269906735
77108162
264506027
269159958
247972345
153372755
250265387
310048581
201139540
96841371
295878463
281254142
98632291
235633143
287800303
232624418
135893768
277282120
123971561
278197040
224120791
305355830
289396363
302682742
261999365
299639296
186025124
247666183
176953559
266700765
264920278
230219457
258026752
162128634
213596473
227095969
255406798
276780867
211758143
211682305
234067652
219302381
185716791
199577528
240673915
93552179
320110116
209830426
240211015
264091704
264116392
240394001
208505525
218333885
267185306
276648334
172696932
333093852
298094201
208723959
234608341
209435220
319246172
248090586
154178124
204898809
205382009
293657088
269341510
227660213
231160227
307523833
297383116
285170680
265134274
310687610
261980654
245103642
227177004
189563463
89034069
185921323
176597572
273507126
325139218
294523120
279105223
247468497
242869171
172525722
252881501
226667784
249754800
207154947
238196002
232053267
255120734
210549474
232267951
251256069
249954081
182957557
313002028
224213950
176555537
82740337
312672208
48784233
217387978
244246722
197655392
216388092
224764176
276272455
97404804
247067106
75744940
215211378
225980214
214869504
302689138
78787502
208450962
227652168
133810087
309605222
291475485
103981890
215045155
256193102
251623179
196840176
313769084
261833914
234050396
293208993
237951143
315914970
213341418
285587874
249691716
224317178
206683722
274550259
69855836
232786643
211533924
294813879
303650379
155033852
227896988
98155602
307126761
253867524
87709688
255432011
216113709
207951318
274942334
204765989
216004329
187450878
168724678
202154530
238858722
262632306
267890305
287485070
136361638
288160857
313511168
287870917
293493130
239301929
268590129
213623425
213360846
204160858
288230189
215662811
332366862
222638513
230308622
226128986
234976165
89313087
335538256
211350780
187549220
196854454
305280931
250923607
248472678
292549785
243765237
265170467
58581956
299074177
267321633
243980799
190782330
201786200
197288742
179929048
292354354
266560098
242320205
212370147
201283512
175615658
267525502
228470261
156418898
182967205
329027114
232831938
283845971
71516521
301394878
270081685
225431220
226142958
204483481
211835776
232838986
238680477
247612137
218493294
172327395
301572368
296315253
205414162
234982174
108109526
292790163
241905860
256488046
265923067
239491721
286273738
307675960
265967865
223888732
252143794
194275385
210521154
319326840
253245154
260840402
227323156
227898971
210742891
273535913
266530628
311151456
279001542
182464069
322983584
270312290
103838241
282906225
253058241
332412509
185722036
205271967
301408010
237812576
201057412
304441823
197089459
209391850
63398476
238807944
244705863
104054723
191414837
200419435
204099048
287310851
191913350
221046364
242763352
290707261
263359153
225548642
244447030
224045586
230102036
222755974
316286060
259169911
232651122
298455853
98807460
281858648
165259526
137593519
216453231
208185238
101742032
231879014
79522015
261560155
85611782
252955979
243928698
265402555
268422587
199942740
222603676
102278756
241784145
192963330
199403343
270184424
214631949
250903076
320942942
68170970
277283292
290260429
242746184
282614475
125355680
242424999
198774941
260688609
103651684
223882376
84416008
150280260
313362534
222930396
130271611
166170766
101031529
193994807
162151724
202903776
159113726
257758789
273926434
258261148
188126761
287225735
243434292
170010303
219367438
177640547
132674987
230336535
265910063
245556134
200655584
281643287
279821669
257888475
229513995
303214432
319675315
231564656
114278618
267326781
197779574
293984060
261004871
78919141
244186220
208494578
119777684
222283532
246999173
307071578
212275196
219996028
251202744
216207746
54669070
273237536
224306595
270398004
231148736
277080502
150824923
238313342
253790534
192012144
281626182
269682914
213825287
226570930
202390328
204670809
285707764
188928669
183730036
179937360
319623674
185897621
233077695
248877767
290950275
236992014
297041144
272342311
275844668
230735277
215562737
126549050
322199311
168349682
184507723
284974958
250465271
84885120
61676840
225796990
199475928
295148338
323469353
278282695
136063490
266009586
202635784
212203959
287862051
243568199
74213837
228793756
65725014
254934966
256719092
197153503
268522248
268252414
247894212
255350878
306032972
245966003
317042861
186233099
258012135
79036571
305368496
240904043
280502603
160665465
45059390
288275679
218653073
252243766
203692178
292677657
253917886
207581434
213734241
223247439
163258902
311820059
125351560
283613618
224410037
234672849
278586608
214695996
299328562
319436857
230578513
267890819
189993809
260008954
254868878
310091983
253751257
295082576
194418855
215255970
239042145
261386733
235453907
243503708
247042355
80250312
285778073
239509662
216966265
198273718
304844531
274417761
112316701
196062452
199537796
187712117
277867072
244945594
303284919
310844438
237730838
212962365
263743165
196207869
255700553
245149128
243432306
245645555
267081176
193388131
311005498
285474264
282660506
266360261
186281039
198969760
226343226
132649382
232032028
234085577
225718188
251483248
293893231
228734964
298175648
256829127
250307917
227866856
175655086
170583084
215600512
160374221
173914908
277382436
338751653
237955466
238982041
259695468
219681426
220451686
67355278
193442220
243636482
284811129
306810697
264387416
328739370
245760550
250709041
275316299
236472026
214459686
202754816
261989098
257744853
274465831
198684881
268595258
243246432
241170553
208309447
276577610
246116048
240825977
71285059
304832855
256409681
178043647
220493311
330826009
304646931
242138948
232047646
276832770
278448794
308098418
253925955
167458687
275800086
147953078
278328392
222496445
263159442
82598353
253290796
308797713
219516509
267453798
173129482
269906370
283501915
214123747
173551619
317273237
308711684
178943217
293920660
271168030
292853082
242164273
270779435
44818261
290188667
220574279
289793660
87237276
277104257
230919129
255922730
164996225
59972096
269318168
305504826
223621566
238947693
138087779
219303543
126795192
263145368
228565266
168896338
316474784
270755739
190420480
226711190
300541285
227903596
251400863
163755508
201877546
321679534
161034800
272111626
255415460
223212025
191945652
252469420
272479007
255141332
228902846
247928474
78245501
302935061
254214897
211515138
206531581
232918494
178271215
155559656
182444746
258451639
234663442
232364054
258694082
238471152
278464237
75582841
116576360
334133684
231019721
255805432
280458189
283994459
270640632
276246861
308181486
256572721
139773352
88292346
238106461
193119437
222102293
187795501
187329065
196240998
337602802
234966194
235744447
310733946
271508104
253827206
243008869
204827861
295327027
216380944
115395659
40849434
269035317
241813468
249740558
215460192
45535329
281512744
284873322
268835857
240194297
291163641
276821762
201459683
70355956
229920257
246000830
270725087
167099802
206648938
217144079
271369705
215151682
237899801
193806162
228090242
241157073
236097697
204646405
239209786
241631570
89190024
245510693
209043921
257654796
172520461
272740654
270177701
228456215
233027945
161550427
302583855
222460000
211860078
287230506
273888690
69310514
165450527
317114233
227683562
214748833
171707126
299897581
236199671
244831256
172801053
284278593
212921050
321064689
186484223
195809696
85822043
252767405
244571281
97020151
320157937
246920751
313177194
243794021
193533507
103155981
248625788
67736589
266018155
284278989
253985318
190437916
118329771
264383456
205772721
181167524
240114043
258484350
133251782
267233030
172443336
279835986
185529503
178928123
244365782
230477996
47039892
176445554
300664166
295672359
236109895
282389646
200309534
248419539
198972504
287285384
182184067
112917391
260155228
226696087
198143114
185233983
234402246
64600471
206266238
238790933
285981940
319063046
239323497
247173117
276918376
275968409
113440492
193829436
230309244
209294233
306715871
228338731
192561927
308739676
73925373
236703503
260713740
219308617
240013264
262071685
225184782
291247275
108699093
252788239
265680085
257889827
269714527
223663260
326854346
271162089
324597830
261573599
205859288
226339102
240202515
253646649
233330616
196271718
202870342
156537138
211864106
115475994
248626903
183193807
204385963
245044258
213269262
232516456
192453544
183378253
254866727
201644802
212316891
279405510
292629145
252341039
49271469
248762640
234614702
328287339
298949318
332136361
84538366
209515225
203071541
187055062
216313894
283864598
302419324
237683620
203690578
289410425
248728749
306203330
195113101
289204650
235675849
257993664
272663294
244019542
197914922
260246472
278431092
57764824
261491988
210442026
247030595
242814063
258382017
294164627
288963655
234895322
317793854
206338429
247326297
222991407
231923697
168573571
164278403
166135264
304920259
282827973
282530083
294670721
285083727
266302090
239470268
318912172
232265170
228516450
212212652
110910632
246691722
280113580
183963035
266783306
194806440
228519890
152858526
166045340
255014180
274824421
290151281
278793839
255962721
225223286
205980628
274512813
242122913
259975323
227435563
263327410
269654014
236685447
209493543
186137465
267921988
280016453
219117368
277138958
290093225
228919024
248793191
265023821
98420622
227254117
241088219
268615968
130755068
221583663
237374385
264615896
227264276
233855589
301443400
280960533
178865159
312344647
224303483
267890756
280607546
214082465
213841865
261982052
64665351
319414993
253726859
229829690
172835553
73493160
151339533
248567742
281232554
101385046
98806051
246172376
221417053
233400411
254779216
108018806
249206211
252350505
219219125
267156580
335316069
223958424
249861963
202370133
51077460
244248766
329711646
255978149
208509518
161812149
146281912
240418513
259445296
216991881
280138110
254698732
323836934
319236067
305746451
236520750
153747325
287082702
195612522
286503155
224587742
221882812
221337473
294212131
231658812
303619507
218599064
260129816
278454065
117458409
211039598
279947671
170727387
209494706
251260007
252146097
246258480
287930488
226938421
325804601
211243132
312528453
273459411
251164190
190974068
307352465
84897441
243204488
233329293
233476985
275489496
138376659
245338954
202247336
192962968
201485146
221621648
286571986
292114978
208558978
262859022
256533308
226547644
285044339
257627077
172250246
247721738
250927747
156526815
257683026
166002296
172311747
231868158
291933471
68806419
184565901
189224922
263547309
199530014
175519286
281826609
168156644
248711060
232689086
192594234
119187653
235651283
240717067
227010356
225779935
302660568
292321209
210162437
252341699
313637015
275601424
321258568
192856037
231674051
283324811
235738159
293752449
329810940
211403874
202306578
244926653
203325500
270651488
268032179
259773039
283009288
277828471
173586125
77832949
202792164
241784477
255527319
213963767
262193094
188051735
164066464
224154661
254937695
174137246
247801254
219510653
232589979
134797255
333151870
242761967
187189473
330355189
242036104
85779992
257850150
287053620
229225920
174569234
210983461
247776164
116494321
248580896
263771196
230169745
206241084
254542887
262277292
215629599
218843598
309939607
234507979
286880793
200136461
275013344
209125011
295454411
277535878
306229782
245850595
282860673
207328378
283930977
245146201
116008893
289887574
285275923
245407315
198366361
84371773
236105607
253871375
245409430
196481686
136549354
280715396
191265541
296101583
224262937
209788934
199814209
220603252
297156562
330668345
61228623
207914607
207020062
91860755
205488812
206010089
87881679
207805756
261836816
182512205
211479422
321143346
295919515
277436893
283374662
249918929
294928888
258496644
223609279
274027820
264315276
240381153
226315293
242167135
224993467
304020378
235613242
99214269
241601720
123035320
271402593
317554079
313202473
228669937
108972432
206740586
255220037
227710581
281070456
343353004
289958442
53858294
239326698
254258796
202281321
173505631
42653875
243750968
116934885
220665682
213049643
231820223
244394928
125436490
269451803
285703130
238748347
207315003
282896100
311418605
270690226
240459510
242635482
249865465
220934174
255069687
204948187
87644197
283152923
298797212
328663118
240422681
275527064
230126112
208040675
173615243
210310969
181109145
303662129
206660664
294067944
245275576
300294980
235633289
277380277
181446681
170856535
203480813
290729504
300410184
163748000
239580619
270187409
237600408
88693576
199601385
250566122
278708682
199793668
233909121
264999131
265942031
181970855
222192859
242216868
212974880
240815548
204035468
243246848
249147976
262283732
199258511
179690234
102398033
226159039
230298071
293859030
185834148
175623517
294511444
249201639
253444113
245540036
198057747
278156817
243808504
255009564
236561278
232995323
268040834
210302696
232523947
209958744
213534412
315876506
89418044
280917770
285037520
301583636
173216771
40232635
322901785
37833880
218675157
254963579
248565183
232431987
293123511
280041188
253171876
118513857
207255354
283134439
275392638
221510083
55853524
129682907
255929781
279126924
187785576
246064044
291836705
258446571
255768300
220407343
278865905
274061597
330649556
294489063
201256516
315673365
242162955
247124877
185229667
187889818
217283330
197545020
250877700
193564941
195135660
252865133
221113331
83277372
175196148
289014503
205388176
300739570
233111055
267782199
167308088
301324623
183883104
83125313
207621036
169580470
232675857
151237837
243939348
232766799
308298833
311575496
295710197
180976072
212095836
264034446
333784437
277069302
299846082
289164405
222729835
181939923
167911794
222486000
231256881
206348045
333328219
167356238
54068415
215524609
239322037
229196032
261090200
290063551
284009782
194245010
244364328
297277132
130597934
231679015
236145893
252431880
319497954
191679449
199253991
236614624
246471528
238064618
316455612
223983309
260444824
246985991
240248305
213421567
298228801
230844044
285498113
275715617
273608450
124882288
228844057
272960237
260401365
246241909
304749067
255454710
294548089
213232024
299082971
244060742
168087142
225892513
237658489
284047866
168363920
321190544
184497569
174453992
296570390
309307410
226297432
233845513
256389752
220994979
242378823
187853917
108913987
292408624
246269115
311039835
273355181
328679874
303894293
316583473
260485666
289683637
242116053
290431322
247534865
41685222
205118362
245749817
67943891
309696096
252876733
257270817
50766230
258963664
253321084
220506363
215186248
275046651
257329025
268400306
307019106
181192158
208224149
293724229
322634543
177967504
270359986
207515017
206756095
249181215
273705732
249837853
306148087
224126575
52368657
219379792
220696302
221457161
277330615
230290811
257770350
201024048
271747414
215664915
306834751
228062018
297449916
116906689
187884418
300630108
157156693
291558670
84355141
246454186
242476873
188404661
249734414
193887336
299142264
68276390
260421492
227149644
260722591
223598651
180934060
207743609
187029821
277630155
161305254
261037554
232198882
260913809
277801460
270533181
288459529
46119600
217295671
236159659
261433011
274631111
192072929
87359783
217703926
260783618
302268237
158085073
247684423
147007307
245337816
284245981
235126074
244282733
290945185
265125837
205448541
316813916
58205260
328812965
236493515
264129957
242594059
159263141
234205529
79611784
292332026
202440544
253167181
171280204
216274794
160032044
288257518
256687574
250891598
270560075
224933393
311091683
308662700
188834454
242271369
289958629
277692468
226848848
307635168
205485868
69327453
305033204
155640832
200516655
166069854
295383388
151261412
244768196
176046350
317962724
251185406
147769073
229389528
249367623
214036753
309185019
313025510
283875117
221455800
309661072
73663974
198830503
228158443
197721827
219746854
274339045
256311595
242594625
258757069
199644250
185100945
202157675
221203675
256895822
297868468
279267525
218893244
262265553
186796783
124337010
233416213
184261633
254779920
161527420
202892044
120545158
214253418
75972269
235068635
217071613
312675404
276321613
241599654
272677838
291081161
306573039
266382419
238644800
224253483
278783926
270094662
241084936
204045836
220854803
193880766
193839783
275597583
287060446
199033658
185791372
231453646
285621419
287790335
283531983
249838132
268427165
272505728
189778041
218645911
218130714
193065889
157002528
211274706
228234079
213698235
179130022
251915878
140756138
303278913
248411899
232658209
209399800
288839448
228387190
257255798
268832887
241967524
80580237
260530561
287357194
87566142
275931018
156302727
314081346
192378124
179330705
228387935
231902058
200066303
257327363
277881244
258403683
331967129
290229382
189114790
236766230
285760444
265949868
248338453
303246520
279915057
176754643
235599106
233350028
238873503
206869628
270004663
117520864
270598318
328116853
52975971
247305526
300581987
252758776
75697703
209569393
218334768
232212179
317516404
219540909
178270614
270465369
219969330
254960587
315129041
311114208
304100833
301006707
218472873
190897771
291402827
215133128
265562956
173103794
257921292
329970811
288888455
63637486
274338884
195829699
251512487
203583025
244003346
99583034
259017441
237026301
255660298
114811019
108220539
228599718
181681037
196245713
214771128
176529972
278117538
246952334
163962655
289304605
280819891
277726233
313265908
247708908
277961999
239112877
163270465
187041231
283930100
230207374
187480623
268266170
200323805
263195742
218568397
217040127
269999679
229970936
202349150
267092098
306296597
238187457
269347037
121672403
246073329
265789470
295764058
277153301
234730769
218983634
202428000
228818678
265034868
214117022
116657771
304801605
193658026
241223815
253112719
264624365
228203031
225578561
217713858
266132169
221970880
117378658
295005265
47476238
274960338
256850241
267254799
247099182
179372990
231957724
209663257
265705200
247363011
255254846
315654009
263282377
252828320
197565859
228523138
72789205
197668303
286222864
289653529
224828466
249076889
200145072
278151450
163057821
248624481
219299498
209290234
252159010
201748378
217099179
234714643
331141896
217142592
330050577
257955899
271973857
186463589
287679932
45210607
299376289
319215028
244070478
182151668
219879980
219330876
242859660
279177358
50218019
185002968
243780635
271124151
262968710
139005039
234568989
288723852
274942103
276527649
266657197
222257991
273861444
190472373
235028869
223064936
130654929
212103551
230126900
252845574
205528630
46458136
229342063
245691405
301870175
255011846
231578374
232284783
291831524
219290458
237112525
220091648
57563502
224167855
309982206
259071878
202837040
179552613
202434171
277891685
290237435
286806415
225881953
268807471
287350428
273996745
260068763
244222751
103105412
297398160
258223200
200647305
325112510
317834567
263681786
242937160
288266605
262338523
281832342
119874883
304616451
245469121
261464610
231606216
283260061
210299377
252173638
237071090
284822177
281459520
308086530
100309861
303152614
248607333
287911779
163031667
175025192
274100068
200520671
322892700
293996356
211256469
279173935
125620403
258495589
185849442
265785488
122093378
184925807
195560172
259837406
222352520
305977079
236298631
226536742
234937974
51771316
285284038
307633912
230701643
290554652
241399531
260332861
214143180
289152317
189873525
326942524
233470631
244959264
196348608
237528468
224198268
221680468
260191442
329700422
188865821
256867060
244069819
297261398
159734435
193288512
230562357
297189934
180659877
178007706
225975214
171116153
65529211
198838663
225928714
298533794
220638635
221544828
237060894
179834816
259703218
267303195
264081090
186805522
204902284
179141308
228804530
189664007
217201053
307374899
312688280
295617592
264704220
132365427
303617169
324426468
200401338
191521453
254713282
215437804
253347683
56144379
220323398
257437708
259126426
279443714
239125980
172461140
197988916
239907527
241724191
254349997
261567459
57903355
183053556
197287111
188980567
246804208
244092341
249265166
115790229
235333484
242005777
212062717
194912679
115006446
258253274
164514340
263565944
250646265
306722045
247883280
309762733
275282996
297991161
131803708
305671993
46817566
258186379
233149881
286121333
287166336
202110138
240850831
240984589
258187681
184631180
303165733
229242866
192892064
310075811
241941762
73942489
240142293
206882466
125792631
185704975
225406333
223626550
237580397
261946004
228788573
237846746
260525674
245502291
274467390
195639616
251625504
239430094
214830540
233405232
330228239
255869301
256629956
220831927
206014459
236339418
169780192
251758820
230669885
211000103
219620125
94347766
216235510
222829669
298348167
203982683
58109783
278489280
201787642
254606896
243387714
217155344
271608737
272380358
225165368
209665288
159940251
179584783
180806026
270597265
215283615
249718598
223427409
190024530
54637222
235951137
194872660
47302639
285962653
277843306
316820923
85665988
213524700
280493544
131179211
247468225
201767506
329593885
277343949
54757830
224300378
203460706
306022406
235006580
276184270
273841107
232699378
289135932
281228523
212445448
271001440
242575036
311835494
232959650
272783206
253068114
126056738
275921417
310192446
196399667
184633856
229693664
195409319
256105273
254444760
168054376
174262884
177799915
39339997
222095454
278519702
178334905
285324591
234219968
212556995
197552289
55969549
154304447
268113988
216077741
260373589
243512740
226978886
266038897
266328270
310246436
219283956
247591238
256516101
223212082
317388134
274804736
329323601
64642465
266432732
221483972
210813609
214872104
198617981
165060498
215888676
226896714
211977974
87364889
278706356
193707701
245377553
252167696
305890259
219177375
252769309
194308219
305804718
286269965
264101058
239027739
251867407
316596970
303691809
163529890
165390529
263533211
262638216
224959157
218356062
269087346
295770367
267512210
250818480
196835440
279780669
211502493
195598422
159852857
253032663
78088611
298321277
303760200
239622126
220709874
281120198
251701576
278085575
208191803
224756390
309708080
300613862
231853631
214247856
216146238
279638953
258882561
243268892
216314306
49986656
178910351
260723578
305646214
270691235
282979719
236895638
215974621
240843872
250388968
246235300
272751148
74821531
256342350
166149401
215573381
264866053
245910488
253317585
332647576
258120601
273981445
257074221
141871311
218540767
253442364
256268537
290607345
225907886
96586107
207326295
183856659
300425737
297982728
173469619
115922153
284922516
213171255
187519142
260957220
337757017
290441010
248493384
271038718
269250182
227082338
248729089
303970888
244573040
227019916
254065762
283567028
290041819
334433661
325008653
132893178
186833707
203437870
190147035
204735709
273510209
291713230
158317941
275997254
257505711
186791103
255763290
218581709
324415014
280743761
263384393
288026252
228636852
222554284
276400118
73130532
283127853
260746656
120314863
225833472
241238403
207863094
297932344
52387244
257325731
92609161
47278749
253514367
140318113
233809770
57405330
249784649
240702133
213727208
230604732
224713845
211097427
93768175
297944550
176993615
233961093
269523736
251195419
259195744
195527154
194311663
204946768
300865165
271244680
195922804
248436239
284071154
253356467
218760173
57321016
303666460
110327087
192396078
258858511
263371612
218348372
264183197
270250177
220355344
185626532
116476663
245000098
283348608
266958124
274822550
266468691
319479310
248778984
240397807
175833269
213488535
260749261
264701438
278333197
271067326
220326455
278693380
249099900
212539740
249913166
249549093
67170854
220915196
237715478
279736967
186384407
191744310
207167023
286254758
233970824
186662456
287030421
301772925
328063576
196338388
242216496
305010136
239431692
233361047
201389422
270674698
214610130
216660194
228116043
290951349
301164054
192261920
235809472
214163598
262251963
272767630
307605216
265308497
247305034
296416491
254344897
220364358
298191528
260052301
285411748
293595245
238811713
287458736
261886010
278098279
44913597
212058120
293863128
217967233
84529185
271859205
317504337
213325615
240952130
195209678
239886498
251662471
260705652
268180938
247282941
200673360
202161382
271182872
205455913
57905315
69225761
225644355
215993059
309301718
237142818
192736204
39530037
212648603
189014214
195616969
289289381
265554961
45325492
211089617
135050986
225927416
283827317
207396486
251787579
324658971
249898760
105089217
314244681
262927781
229258545
266380036
186471611
198374265
247096705
175691380
268420496
185196397
195626927
290539187
228081911
109864958
218744256
199550083
156888563
279491086
247749713
245947922
260728266
278135078
270238579
198896627
266730435
255488065
268649254
276848318
120661542
210068336
281830135
282373452
179474121
271416431
256727076
234768598
193049478
262968399
253647032
303787956
56817292
216265019
264143494
58370153
236933349
329015912
134172294
279379295
257326459
124722093
208968389
290015668
208810925
203214464
184621991
217187273
308779466
245289828
230837453
196228096
309604897
253594481
182965439
248128429
203894425
277311201
241651843
290609080
207497698
211706040
247921141
321088995
254771063
199049080
210338417
301334234
241926192
264769738
247521132
324428910
237695716
285536953
127664460
294107322
49459562
238663261
47886403
260584350
254000510
195551559
267687042
163739806
214167261
258055534
235423344
304491119
295381276
274537629
254040031
216225576
217276274
288345525
187338358
277803578
228786470
207632648
175093001
307580600
64764059
130464076
236583225
237188489
57764030
279598409
186175606
243678698
212981356
292224960
258812615
75628005
236650807
238244274
321352756
176742451
197178574
256422874
189498982
187935367
190252168
133135967
280008129
195779304
282426066
282708877
158357930
259782518
309318056
242196626
204946524
229492341
331419008
249715938
243281234
253258243
190486069
165289303
209411124
237240187
301736920
241212291
260408999
241803329
260970207
251240458
257037775
214890326
182230851
191027336
172570079
196139911
115315191
183840991
258393181
219867021
236040417
238317180
253048523
176985683
250155551
283759496
233827200
164551286
252058745
257443984
226999785
79702989
295321425
252586502
186882467
307812817
319274206
224043129
252829337
157709965
215191694
251969321
218590499
257366397
291097217
110789799
202042489
53373176
262108970
202960665
210902041
205331213
193888489
247336536
328137078
241788022
251229347
207678638
70063416
188816444
307566060
248270536
231425557
221335883
210778641
295053289
275706110
232954763
190621162
238842335
242388380
252876523
243861823
251100200
265788417
269055017
112854623
121841244
297067879
177789681
257245677
249176391
260550499
263283605
191669566
236829455
307487334
245094261
119021639
215192579
317054832
263929399
179470941
236146356
238333893
272442208
230031755
186913423
280511152
159018079
232396186
272842621
197471501
207457899
265929871
278113682
98200090
298511358
42070724
243702884
210242896
175185769
228574048
214253707
196046925
297048847
241295253
203206404
246914497
265020464
261678703
103725076
216632395
203692192
248803646
264364711
303396098
247041317
233256427
230407983
246511630
278736099
101190386
244652565
78998470
194991479
159310426
277679268
216675794
243295986
220132219
254967424
154898170
239610495
280667757
274288764
248554497
194904994
202999336
246298875
242215959
292394909
65256996
240482217
313668125
221319062
254400462
314870651
182589471
235516725
279909539
208184951
108526190
215229406
238837060
263503706
222413273
290745231
232171325
154810346
274590747
296782725
201912772
162482755
262922672
280018450
162790969
236963607
223180928
229391424
275283138
210598450
120105621
287509021
263665425
221423861
155817771
288265347
206723182
266429431
236827426
221730096
221983132
68673635
186541596
242155373
55634717
179444132
288530866
255091653
225339813
247049881
129053423
69356358
216871116
82018698
308385671
253843282
63883125
225580520
289175795
211949470
315163864
245999386
247248275
235781374
226213651
243007740
288368025
203615270
296420394
270924514
216054413
250058335
278700613
79433075
216655281
158220980
243548757
264982966
326523939
240128827
277719892
244503923
201661227
328510441
215598766
261559380
111718419
248925636
298222471
305084875
320190723
223894250
213485731
278938528
269213846
280310390
274663965
309286216
158223449
259604891
221359498
253457163
199979280
232616531
255114601
299751185
280281565
301996352
257276346
266754973
249404194
289997503
237983829
216135879
79340018
323923003
305380652
201477605
217215331
225092241
165407947
80701519
197009629
209082600
269382466
270679010
203541425
198323262
183334539
246354606
343037273
207006043
254321595
241516955
264365580
241115867
292788398
266143046
263210888
274098763
247285119
269089304
251126044
190353816
188731675
165650126
268546972
284872180
223970062
228916618
273712672
279029706
64820320
240742129
177339162
254936582
335474798
264259383
282869608
255619713
251155496
232383315
168447405
267397001
126301732
222813310
53084452
238341189
217820158
218631138
312278652
198861296
268513608
39787308
240794056
242977199
274957888
219968901
266997552
288343527
242438412
301277540
216783591
192889451
298066013
270021359
123362229
86111749
183937008
234988708
243582759
227741192
199439763
263501255
255921566
172985106
222836890
209749493
213397892
93607830
288940860
263408682
77079842
174349303
316977513
150107526
197482999
165294648
223521867
184332683
181718727
202688336
196870780
258752175
254979006
318356820
272084803
292894098
265368351
281384654
304889873
253044543
291079025
316259943
230303453
278353084
213247823
196106290
221591486
244079490
302477026
315654432
272517702
224383475
112325821
338476340
222620396
186261003
216989488
224800893
188684898
192535419
292638809
258637431
165836157
240248458
172358571
254724769
197192380
246820989
233138070
201354407
216712535
266840698
211003515
285052022
251280468
252156337
282789782
277406957
245939207
207034214
248327554
195874153
210019037
243407697
186400730
167025733
234825863
183572899
314803195
299326605
257246189
192283589
280646854
337830598
285153244
251544716
213591125
238289016
270278815
204893366
285832084
295852201
103107099
228196490
81201386
249710502
266180490
239185352
226784144
282042574
238255596
203620846
311346274
203180893
241869185
240208312
90217112
212007320
247883442
283258432
315933376
191471031
291088224
276948416
270699465
152687783
287225567
273801637
110346215
274337414
164510575
222724093
274395543
196335445
219947247
250356972
118806991
137933151
239827042
218909872
198481281
251251781
189352378
212019202
303318568
190490474
258700951
187295511
242447264
242424960
244487656
175311572
78555377
287942355
235016476
149956218
212918591
305150472
326610979
284550903
83308685
249673823
230289091
148367748
242220329
112395054
201910688
244366505
286752713
271309633
238028851
253773292
131689099
277617896
217565617
218142267
270415384
254403273
307046900
262556974
213592870
276159924
289216004
228163628
157236722
295970250
228846187
303734564
266530113
252411666
253656493
304899345
202631444
269664959
337965280
260165055
196929130
294355916
165338076
231940211
243466485
281750115
137384581
291996592
126805682
247578099
61544346
299107705
222771796
210384460
301997210
192421321
218180592
239067670
231182134
266694799
245225625
164179901
231466147
227672536
182959575
256575743
202600471
276623861
285828170
240849740
253176679
286843313
235244512
237801741
83331850
257614957
252619444
215405244
270276773
249651966
288309868
245009300
157374312
181062428
240266771
260973175
280472794
113606080
309437066
297357313
257544962
204580559
283144860
256025123
175141185
298834822
192576369
276846188
323179758
229070609
235392416
252220125
169261310
196071166
296386681
45729568
285508283
245072390
282164152
312704697
282696378
319176598
57757606
269892644
256798453
281027946
219650596
235306499
287143465
301438923
237776588
330677595
259086133
255678356
258955656
212696440
60102738
210920251
240318210
301139158
244610431
311864711
284538643
248589636
102095964
195228272
79029776
49786443
250390972
318798110
54954718
248317566
175267639
261308489
214608363
329577364
277370815
60328647
215787265
222612673
227291353
108696031
225045219
285069276
266883086
278280529
35069001
224132998
212234780
237752157
267645218
188260857
246127893
269141875
175772913
233394599
238765590
250034431
295294326
223219074
200529861
250141480
258853206
301415448
214792023
276524801
218161750
304207022
203317849
186359787
213742853
259108585
196997194
234988483
104393292
118104728
286928477
134562934
249994140
260972172
194666582
195477524
269184502
221565486
258106576
91529834
270907841
227029933
268395678
228031086
273897600
229493073
275650988
247645255
261250288
246671906
209714449
298446295
244356200
60789123
173752064
82285506
261897476
96335584
318842564
160354966
264049893
206619566
211230567
272241793
185294819
208555357
262629793
240414453
227155973
182962300
262842174
260581477
226625796
247513233
258105810
182865922
280367628
199087851
295218770
83677614
227605562
269466961
256452689
220426496
319422485
227220925
255409879
212377888
250466962
288417660
157315595
304814537
310838889
174293446
272543639
230871501
298730861
239662475
225492679
238117856
310064952
284214603
284755916
267508386
236019907
249971024
252506420
290760446
277234499
182807395
272506158
300869375
233626984
108377966
280382367
299025772
264253857
211029794
182638786
241925229
290519992
309136944
235172251
259206555
328641148
82157145
265212366
313878877
152955581
248992230
310155159
79893017
269961167
280464994
275881233
232490519
300770583
267298662
157474473
189705023
246656283
168200294
268371773
294075295
251820731
269217239
222046514
300940185
257065757
210331426
218121144
197205754
216220632
259808168
287618373
44092275
218563032
174198288
186989044
219103599
181043543
217732502
261968162
299591407
241365162
221478450
247689630
232723011
176729608
252037783
224136844
252300011
227719188
286264169
212349232
210977938
244864155
224284264
255343561
213900024
262298848
233240585
65138459
230254310
113090279
291893355
66279815
241977787
217920707
235230107
217155374
233369189
284561009
302274667
224670169
183975169
246186131
276035751
216531535
234441457
131608821
248474681
254824854
227652287
200447126
292219865
247269349
319497340
39481665
279152361
251090556
231216402
131455962
230048115
47474581
206194848
143740229
177282079
229356154
224849758
280827487
284475103
206301020
249633562
125087511
257091137
150974481
242922216
224947821
297951663
209109748
273749541
332301554
326350920
232809927
310955465
156720356
227778864
228223989
93044142
228663792
203040510
191489242
255530956
297954090
276258244
206206733
189219143
242851688
237640803
171803262
189720400
256291457
221852128
304926548
235571528
274252164
254222736
220773577
268116446
154366804
289094086
259560798
241604470
219710098
328580610
239368949
50578220
282884331
212272006
221136066
279794361
175626801
297417965
288448896
247259567
110990595
299233333
221912692
86762855
261930705
206507221
306813024
253316281
177778315
235574953
275342947
218335199
256317900
244729913
254479151
230195038
162705428
174282476
305537739
200240222
67511770
216222561
239633292
213507383
252418263
197653690
286168574
220715287
265031990
206957119
281416683
175252780
220371601
249513161
222722561
273809608
273932509
227242709
155126181
250806195
178772186
293661748
259039977
207646258
291338279
203080706
320948230
259968372
197583592
253326367
234479531
247906543
201739582
316390561
252203759
172025256
294183205
270432310
270449590
287950421
198552952
237190285
162036309
252408218
288632859
200092423
243811810
191467639
270388776
223522464
265872537
260634514
257316135
231373953
270393386
319880540
274205209
251668832
262930876
280932494
187052169
168671116
256244407
202096351
308145183
266561628
261594618
236565487
238016132
279586946
268725815
162999045
199942175
291511990
155662442
208142064
289693735
217437233
225694697
163106798
315813322
212482580
83566302
266698335
295614592
246008901
255419977
218600719
227525123
175632039
254626026
200039032
210066674
256986629
219809219
236768520
192878814
248478051
216194916
177611491
50171667
159365016
248348189
39808440
253293462
262919060
261136024
272705570
253353497
282441863
234978540
119719645
279381059
182273986
221181492
195115500
155104889
282243508
192987927
252462743
222368093
159491603
148348389
205323150
291041659
239122943
217489448
295356532
288179629
162462689
323661117
262261359
69292218
272560791
263166130
240776933
291295759
184700402
259978315
185201446
203454278
251265518
259861568
253283604
250758771
72683109
276192353
67878454
93740106
195679567
189408517
196778639
314986648
173826830
284587503
126352880
162543805
264003343
256039621
46459880
314172586
169047213
294722518
256057575
270636020
237455044
180754441
293490510
191640249
223535139
195492272
290664213
210909515
211614321
247717207
170281459
273352469
257641213
181037301
235586684
304791094
293899224
300593192
283296447
321952501
245734443
204830633
239080278
232934472
239595763
267592714
306527449
124075306
107108870
205232045
278151186
232214610
264984298
230315603
257964175
219985948
247175496
271707207
153700846
226333470
238878751
120549979
271545235
267094800
234091816
243035179
232544310
90064921
197510570
273859496
243396058
223008782
209800385
293697595
200626186
244744169
299403511
271970768
253488580
259513278
312579632
232532767
321537635
186305438
282295659
246043383
231781201
97733078
71336830
238869662
226685731
214126656
205832774
242121172
240875513
208976295
229969995
202129453
247074919
276738180
225019482
244251177
296702410
214897479
268800476
213808835
234035521
243346070
281619462
234075947
289655796
268564379
95635889
282320557
294275565
276936586
288362476
284594281
282115004
245465271
277561467
232427395
226251350
251312499
230644407
215823499
114906395
300213764
252504342
297205236
198586390
163688929
316020701
236878469
107994431
328249521
254354263
249596946
49938650
293424530
208462073
245582445
269216703
214024481
279176635
326836566
188596230
204241682
191021705
296694947
307366225
280477075
230785071
272271167
68312234
235792061
137479878
227906999
189149497
271846680
294578972
293859634
161238107
233173683
252252120
253239077
154534069
218541211
200320681
269084833
261579702
271115417
221921991
236581514
228184670
246326691
302624782
214923645
218622977
280516393
220289377
216813543
278151264
188118982
190277507
53848253
220013394
260603359
269961403
204029214
326062824
328816209
290094791
99225252
321331523
232847300
241381987
267696986
135751514
79730031
223799185
250830100
289823864
276509317
200404100
199375879
211886867
189064052
295372766
42673795
245175976
229873765
257140752
281358396
218935768
199628761
301045505
216392353
289168883
335452711
245588188
296783667
188413337
102034727
300316511
283217996
223185394
179358137
245242409
204968940
188528206
257198722
83201033
171992741
290296682
164650404
250735207
278208741
264529193
184646695
190074093
132275882
243407646
283071264
296628708
281461403
257612510
146148736
330786360
175711461
220829777
279898049
126878830
264756752
272528598
284584649
211288961
252725481
265041183
303049845
211618542
56877611
102193084
255688345
240710495
270313255
238934154
250306716
190796390
243856451
301954327
287062752
235406156
43505750
234245778
233709703
267389726
217156984
276397948
299405699
250692282
224419080
196571697
242842428
194108191
264812234
340953931
236541694
210458693
231059677
251182678
284498294
193761551
281016237
230863536
218807547
265551665
308712661
169846233
285542800
218844720
301509658
301919886
305455943
280668962
283121617
202351191
243587570
153954018
249376328
94388813
254468940
278900721
236544922
296953265
276159732
226812277
225075981
207782999
219760109
224144628
209360837
262541644
230435471
242696328
254207089
76225105
186131351
205878143
146614863
158058238
88905948
194228530
168716541
246292480
296340100
213706607
233663521
216341070
282165856
268631655
286056551
284718833
199216828
276963606
224217854
234429980
283539723
317039569
286349619
278036451
286378281
217026675
266897328
197125433
285948059
304918415
291271823
266562721
299221629
289574529
311522261
198732882
222664285
112795724
248689919
118290934
214068033
229652795
280681754
274425442
243185649
324717120
294030411
249694904
173600323
289158742
306650327
244465858
243791489
213695888
227827431
262059600
320160610
174914961
250619125
242795826
269880350
264083887
217146197
267073153
310344779
316279513
164905489
106102208
234971375
233172392
160492004
255526910
257027564
264623138
244962330
263218300
251854241
238782054
164269713
287435232
282327087
182145455
238399501
229476869
189133588
155665803
183538419
240550518
252214069
280139792
235833000
163248118
199975166
221382602
207131256
221182032
320177078
226582448
316472763
200583449
247129955
232528236
252520803
214585443
223353724
214971142
308639943
223623342
289867916
101129489
195361891
279865641
209881518
253880336
245538997
203091120
304050817
172356131
181503864
168914688
298791882
228104811
155287652
253057695
262638987
227696561
220361334
248831020
187987913
301085863
254015371
273231809
246351689
274129621
195200323
226623133
280929827
216143302
222523277
227916430
252152119
153045155
248288204
127685668
227934726
336782713
301434589
171440595
202240043
181114995
250393299
226538921
93034534
245792468
220872209
226287334
239347580
233571105
303916029
268369644
235021304
175067627
251620546
286936627
302678521
312515593
262284733
200566705
234336470
271882017
292383390
269385118
199812084
70657697
238885627
208964987
219889213
273820607
231696544
224213648
204454959
155156622
166884876
300427712
311006578
238976663
220492195
210901819
284438390
299605766
253989526
270897939
197037473
296147270
66177264
166797893
106679846
213562976
210961478
250320028
290319579
190491640
228426064
82711715
216108782
254747178
246033416
318834553
123506380
177368464
213120003
260081533
207433112
289189371
225494282
72624667
259695732
298679623
275087906
235061792
239696653
41915185
192655492
197041224
277387312
276826623
232500882
192618581
320960895
158481014
68968144
214805126
197799505
222839340
64611538
213382544
255249709
257103077
231504529
302224518
247124718
260267690
276332576
253100401
274177964
228566316
221743805
333914441
304996671
262764417
193460192
278908862
252218989
238897825
191506982
232383274
220738887
145755566
221505101
256018567
191712551
238836022
241056258
155625617
206990632
313094678
209489016
170105811
317507223
246764193
263106576
195857327
258364099
233334132
246582570
275367160
178453817
314011027
283909786
248486511
236578748
251375975
252399902
329343410
246380456
240562008
204936058
66521004
300258271
283369823
264327501
326828370
330380194
272331379
116495464
205364103
121785111
298087834
248928151
290792671
247238587
165035915
269866253
321209668
298542896
251244633
272324894
260184545
85683144
276685195
232919103
262995960
129244160
216803702
223512598
266169806
207265343
241372611
248762292
270507850
53737797
210194474
168879459
239516048
222680417
203502097
81684256
249936419
274378302
179057701
241809763
185549466
201835196
237670291
280565963
292354260
56078332
257218543
180554181
278713899
267266919
281887387
304644630
226105868
212009215
255758328
241405148
222442709
228846727
248964235
247015035
117948130
263136749
240024855
228883791
218075177
300433820
234786258
225130926
234729838
115694764
219207057
250356198
228483134
237557834
266465302
274455643
227557718
205495928
77183867
267480966
320770100
294812479
285949932
288123223
250089260
250177695
238388978
299490473
203431474
93726782
181201545
216322173
242043601
333838646
163278214
211707715
50010021
220534712
265366524
90488639
258482175
222064541
189894965
309476810
276768585
213372686
222721159
246787348
156891037
321962447
312156041
193433104
165292388
265071745
224059719
289306825
333330340
248832283
231335668
314752458
222339945
302622770
271410576
226357734
286998211
303834422
267889193
287275005
290463240
215356039
178176392
262596558
212913419
136600132
307881979
150596007
269832687
228787440
285746926
265130053
335518140
250252492
261562226
248603639
226363658
119715226
282608637
201245686
209675879
189752935
249181733
221764051
240963132
188067198
163833330
202916623
296290495
59631872
198322785
163170717
235631252
271363419
208987581
288961963
333427309
129277925
269102794
220244977
309688225
206121965
236802486
126671569
233368427
263933572
297357488
286971370
252194476
275063429
192200269
220181907
210199625
76045980
251767925
214508221
220123791
200035092
237185434
331302333
277098276
238193853
135551197
291749940
238829158
301201981
188866411
225258882
245341360
170367204
263355147
204164931
322432566
218755192
240976713
248794891
225505980
242679582
282454635
103499495
217875539
242088835
290248278
190639337
188795454
196441127
224078946
309473806
192422928
201410801
282841162
168084497
257835438
264141330
236818682
208504391
219826079
292330693
263515702
232182958
271242859
305871230
280517683
251562827
250722702
248433792
297559189
135136032
164120705
279164594
223439143
194603962
178655216
246107195
219427298
211322267
222106911
257788842
232042661
290628330
295577569
307088660
284997806
307921508
208131003
230117237
202443841
287703257
127555287
204939917
252167846
236381082
101285597
246563270
252193365
58684280
244515765
184950821
67652768
200735052
213952577
248066095
97611142
295331321
208936009
184895866
283480058
235421785
253364920
225145481
305263917
237738205
243378767
246477996
98701943
288524205
185874769
204556172
235626636
199136342
185058492
244429253
244649369
213073042
182054215
235010986
283796916
202111951
219467722
201630070
252287540
223290760
313444918
226923161
289042029
225848957
218257692
292926419
321921838
216540676
201828713
206160788
234593616
202127173
78815189
229857595
147960105
270178742
197824520
79731415
226249495
310005523
247399883
183669078
67652939
304037013
265757596
231555594
260730426
237318078
283173410
190557980
296526772
233061545
216304799
247412592
199072526
229584253
204233220
312678119
198686727
297716759
243590029
196913494
264419374
294735846
269824174
262751296
295003188
283642569
120261592
296777242
270172674
216537312
84615275
208736087
247003025
313154928
198916485
277099769
239681042
251230254
260583801
124720634
271792730
238762520
196962378
269950968
300707156
237148653
67632253
223442787
273914407
230569422
269951118
38981466
251871188
269271974
237148455
299648271
339717450
259515311
190461929
314987392
258646357
236934078
271475136
234113896
305124019
88629614
106094060
205024301
262996732
289732581
239519854
222394929
255486413
98585648
232554776
264049150
71282998
219540378
206331882
308363993
181766981
173022773
76901337
272786753
85908758
208957261
293797883
247111339
240465602
299704647
238986317
190995081
206544966
97971386
246594695
226461166
207223183
42240906
37917493
224715803
261183346
216224523
190989844
282603603
157506635
68448952
313749203
274663372
226628431
258663948
202176367
207533277
271356831
201972408
265165823
292781995
272895788
323069420
306601866
260160824
221172835
193424370
245914963
75307045
219005483
265707648
244098738
173121063
61242153
234049488
245442618
234547654
218853333
155765845
55831472
253778686
240752207
300479622
209132972
321107901
265351536
232323780
239584785
275607716
243562319
223216314
152889402
181151212
325764632
271664056
235014241
197527390
224330825
289215143
188531671
295774153
81216411
227897757
234746548
265961216
208498273
229342160
218903489
115763280
267471851
285145553
241855335
172881074
246175205
254075366
270749864
202810791
182990533
292281848
214204984
231045232
219008700
239768131
266205773
172207548
220034200
154129552
235993303
208964171
191242588
208926110
242079709
183883900
259356875
219505625
213451279
180465159
202732672
232037390
275189412
63707872
179777183
310597884
277560054
254432154
308154845
222213001
217586345
232729010
242508369
333808865
131706629
42092032
252128946
215923625
229139378
255330095
175321536
205008390
247289038
210863929
113230637
253207686
165135251
180542292
260452417
161803197
204033588
253657081
334994617
194212502
270009584
320931127
296301246
334220842
183964499
268257001
176512857
240111733
239069849
265003834
306086906
245823527
279396297
320504468
190967143
316336468
66424918
276296864
288189130
294969778
87458904
254621083
238779101
254320681
285418016
154345145
188476662
329833531
228259425
311142166
304908217
272064900
126948919
200910949
281069348
204086564
300910290
253114841
46397547
257430508
225677776
254995285
281505333
282752175
245880895
229829116
227778365
320109193
196522349
187406833
195900578
267242657
118154888
185933197
271385420
265714416
202847961
315657471
276468473
255392416
260814335
201793397
241223672
193535916
287674222
223194064
165797705
121782483
75293256
82601610
45422892
156724688
236628894
302931663
282466832
207105948
205597454
216610479
229361675
287404033
299238652
286519961
247512172
254231684
337653855
217037527
200468124
203084908
314730139
229160343
215565333
181676929
263780591
113293116
257481665
334158392
213801683
163236319
230795857
96845518
252863635
331365149
234828006
322153597
308259786
225115428
102091483
306692443
268611249
320517349
247171323
191753579
213481596
216222175
275289398
272184586
282853849
300313181
260313037
295954551
231674778
232764037
222452611
267358568
305360716
235907431
256319372
205701270
77361973
183342676
315544785
214741058
249890677
262270915
275008769
320841761
238321229
281676816
237001971
191891148
271520290
320838891
170416424
308386136
265844467
158543776
235941199
128633571
213869461
53219664
183061984
191712742
267309677
315012030
209328222
128864748
201832531
76977145
285998513
271971331
69261816
264120617
199713079
259497638
257274607
232314498
271725667
234278790
295407355
88636502
50020952
236475073
271926923
279827894
286219610
286372795
285734003
241262790
206272389
314044022
232705907
264166602
146207513
229634399
214891145
166706171
255547976
173329655
157510394
312909900
277559171
251444718
251488361
232847326
253064353
234925010
293181966
238951372
227361522
46876901
195056580
234874989
307379797
265833327
244128820
305572893
177948181
237332936
268034408
209791741
300401435
232748144
272883322
243808370
247961541
247896305
246367369
275050145
225643931
258605529
126119795
59974753
211463209
305395313
285227799
253628715
300400943
157299569
99958871
283818492
217908810
251056391
260780355
283629777
224497844
282992890
233189833
81837453
304276702
155338431
223169850
278205082
224056397
252485441
47035028
248881848
256577619
321208579
46846211
307196816
205416452
168539510
213314823
278715613
307940724
229020131
229682822
300309648
93884249
258369350
208683573
83884265
215583906
307472226
247404279
134654213
273204637
190888109
294014433
92659201
257292390
205619312
223557350
310731368
264534923
290595723
192307855
234410006
203507461
307784026
215767620
313298128
257852155
268975283
170269814
188104988
270859253
277285634
314454017
248699021
180932906
240835645
262452770
324277844
50767157
217797731
92486501
219663175
223065710
256453355
284390754
264333934
253217151
179273461
226063369
44948999
315561232
259599397
257191764
180818340
203742511
249816166
124890972
229139669
280770294
256346438
246443002
213158239
225080324
296641471
319387064
231273651
244449228
233072376
244661592
219124531
222684371
248056674
232392087
235834659
192499476
262656886
264309734
261216290
233118403
210454418
272563462
327188450
242923263
284731720
227239612
94486566
135697958
164669015
265375781
206782736
187197562
225028566
247616309
198421141
254909596
105962454
177347950
119988695
229186087
234122432
271484781
216393514
173472556
288641938
302025148
300261423
219914576
270901978
191963788
181652814
180875373
188485375
272380145
235060167
200909312
121948115
177648960
337103452
229077654
238394856
321988589
223185231
247742413
125296801
171605971
266354790
235675625
243270834
79499908
298405114
312382292
224891742
271436890
82026172
217733071
195517750
257322616
224813525
312818589
113396306
218017230
255344692
195215316
223748256
278060485
296347276
319761413
266457247
221342511
210155010
246737154
236442634
178948467
216861186
258369582
304568976
68292279
204127318
311761202
270898911
250072177
210718679
162398748
255079671
225994881
290287675
270191061
320827369
229163003
237718808
291410471
263816562
255460089
324498914
188879069
337527640
75142740
281298135
260005956
216703981
295866346
65054063
197179442
106094096
260455251
227159350
225659020
217752367
188465355
227059423
259940977
297673882
298369591
241465500
219132616
255380907
265793078
278951133
276015779
202846323
244961662
218904821
246664664
264298786
267834370
250395968
284226611
185199009
277669013
225989570
184810077
229554297
185303780
245669065
236732960
247017245
243686941
238978146
228069467
64482674
284692320
258395171
81159715
233899997
293626950
215166645
248514978
290272558
291228767
209200828
289465489
51841141
94453630
216893857
214770152
203450239
250060494
257999451
270023799
65036340
286994307
253589140
268630132
190572155
291446393
196301365
249050037
181165508
273704189
285305728
166594879
245002052
106050479
262442069
242358916
258429126
242311682
216525757
228073430
268002874
260750723
196153594
236382575
209412035
239023851
100543766
267486905
327915736
217670955
316769979
307549478
229655758
267291975
208686760
295186075
303781395
210249452
142443743
265213256
284405057
232428000
180173413
256586149
267099622
257167797
235009993
264329111
222046312
233380293
99130143
277827026
297206796
237357360
247241615
187749435
315504979
208132249
221103343
46024320
249127084
269199514
238703700
202515876
291605164
205637777
236863813
211012912
266153949
226087011
278327469
233716779
108624398
184634694
218042344
330592122
258567825
269535272
50923339
278459529
312770482
69757240
121234532
316165653
185931454
212375433
311284016
276098912
156584126
210630769
195021928
193146189
270938139
230739644
243118312
273449057
158006040
252505616
284897855
255329851
283345871
191731774
302914050
282860257
259317975
330292677
234449405
317965338
199183884
211841161
285050970
305185331
271444082
264520005
238893129
272194032
278017695
211823705
59620485
201255749
179463171
223861212
257695046
294394569
252098264
287467476
272545478
254962953
275797798
257714327
70411606
261389340
292629358
199946043
182475373
251734926
292178868
204131493
236839481
233951551
236053021
219601687
283863537
278464410
180894644
301925566
226504181
283025572
211635839
221266109
292147977
322663589
318170782
191473609
234991931
206210695
315877023
269663427
312163412
249656054
166373698
244295004
179854580
215034538
273858427
271824621
189822649
261652271
231311943
258571101
183474036
271049073
223642002
287322400
211282467
221532015
221251031
318366082
79608118
265253632
277627736
88618222
234807770
193417511
250152835
251718363
273967560
157346449
203914293
260332482
231231679
214191180
231987750
176581469
255735005
232845265
234099690
291500150
231819362
196439853
301137381
318645181
76082679
82793234
232646188
87771343
268886102
258805285
239420773
305090359
208301966
247875576
242100121
205161270
242610989
245812787
164887507
310885186
195790963
293773417
289186959
273111119
295135340
182371635
244343747
220654171
260026600
221452409
169562080
294516841
185427791
229685099
235317506
281620743
320019869
201036880
91850839
237178628
219809940
258493644
100246891
226310324
276054327
133786424
218013107
202756873
215864910
214831691
239368220
198643189
184946517
276672423
266851147
218986085
206313005
283368525
277205560
228910101
188278524
109561158
249977533
254170264
274234143
274694033
287392688
245856269
80869088
266671185
234524257
261950807
284598258
219192934
163031562
212192932
84032827
287707020
281031786
236911230
339395012
322032739
172713452
203019197
276415013
235448204
201264321
180277808
275449041
210128191
233519287
79289035
186518110
248269749
202835059
200376995
228030962
228873607
310093729
292248246
237778782
223453504
278495997
270739393
182372287
236776948
172831527
78888404
250881420
229629069
292813719
299268726
277374248
213658948
261654189
227825692
253059402
180033966
279974801
250029817
187779418
243013387
280762241
239116080
326646702
209174918
86717387
260289462
167139865
311064627
295694558
309730731
158245483
175510086
238687578
218204865
245371323
286426197
117532251
200252624
131525932
313932499
213522778
258400076
284135971
162901982
194168943
81657945
324445852
233849810
302786670
90657908
231364410
306295633
232128571
224870218
246381272
246455210
160193194
245165863
280646049
293190510
257581636
224391544
279555769
321974214
238116063
322816509
295777740
263682245
233732650
221664901
171238916
237760958
70158330
221348399
241606610
37563276
160805116
183954511
248436447
211167401
253948952
192262385
295641889
246240941
316919378
294427667
255771609
296435881
247775308
189593558
235357807
286126495
232040138
264799869
257970921
240011211
267243877
228261660
227879769
229485575
250674233
223646965
207491130
232014411
301869146
252127699
298853168
215907443
299632022
248366975
186191376
319256636
286713221
221124798
226398215
188501360
220528391
108571099
290938262
215291822
320158813
105330395
219776603
291703173
171872273
231187973
219970132
215672579
342489321
250789931
235469500
235414355
265026779
249862714
223309727
216845085
58371157
191271850
244263826
326113629
236434068
281359550
305724001
259423245
214700663
271404154
193892006
43723807
201567190
230958183
54388939
72890009
256888779
312483742
232213893
228877498
162439751
214931377
264129137
184719599
268078136
222596158
302117538
249628928
195781534
220332517
86838233
231564199
99371742
225472422
234507359
318863765
251392723
256964291
205398051
89908060
295101551
135825194
249971817
232703728
231640639
225480771
183251447
274675997
232214103
64078907
285866685
99519193
200441741
218077177
109616272
200931139
292738886
262033088
265966628
243398310
199249502
263821370
246441204
239293113
224517199
224247834
193580168
161186901
246095579
260331447
270309573
299682199
163232995
97364878
306085154
95878131
285813209
322356193
259797867
264062918
298216202
234690997
249950616
216311419
65756217
309669087
46382374
300970845
207718525
184448928
220108213
203487145
180957876
209151653
235348539
285100923
224492863
262339756
211387409
181081287
168674836
311470313
226184996
230663431
167991445
249257981
261087012
221361470
240794848
276776907
250548973
177878645
103130661
201287501
279831063
244891621
249538165
252657398
234940839
253232363
216957493
268347022
291807171
201665795
295846487
203380662
143449619
244770342
293464066
242050795
250433525
215952279
198483198
210712225
231125148
225847932
338730987
235228544
88313177
261258207
236858947
201435853
287141293
320366829
267270652
275999144
202919731
200727817
265514108
40570244
190647693
301519780
224870991
267195276
260564000
126458021
297048164
277290545
245824303
246325750
220879058
179202268
232360360
209282436
273392090
251234617
177057132
207287807
240295809
308124492
208633847
170072260
294779844
265872179
320561919
126968783
215508301
200905553
229425496
264737497
285204605
248721070
198738710
195653671
266509814
250195513
275646241
211591363
223948711
276855675
194803840
315202994
188509147
253844030
232958463
257647066
331577218
212289990
238727553
248846891
44785957
194120933
129566150
256047838
198212210
217426219
254016413
246481443
260008356
90134709
173700217
199029495
197354101
107864468
247764635
281070156
50226307
236400110
306386560
249856402
252004841
46504333
281483737
297425875
282571889
215093283
287963444
239719243
266321781
207373133
204504691
301215877
262550822
103806573
299445294
276746527
41808824
233217991
251873221
221173358
248205485
223356295
302892529
215641210
270726775
244168704
242722450
105741351
82758857
247659973
156621113
155442684
208220026
229522434
244934686
161624296
270134522
299027162
209219449
242368792
335485038
217266584
253116356
294112770
188370652
187049093
147716025
184806749
189347677
233773948
118406918
280649582
254108450
279547317
277046841
66623569
225464337
284245251
270865191
234686808
179311851
236656541
237315325
229588498
259445163
72213472
177068764
210278118
279697116
206096919
113427034
215568073
60745556
202583168
213505237
189255129
306001444
180366028
252046873
222747153
215316119
222467522
71613956
262954991
321288895
213826382
219614784
99786779
275734168
307668396
225952697
183097945
249899141
257531913
260625376
257240289
153798269
71115389
79089017
204985526
230103830
122856896
173562502
203848238
221411626
203381373
176596816
283207498
195433454
261792018
260946212
257559675
260569546
218955875
267247246
185281103
277928039
185063079
258513608
203984403
289126125
241733327
273570141
94170396
270151818
289591231
203915265
80977361
155131294
88386568
279282421
251210653
265326834
261510245
255028894
255810053
221305810
126546968
242768064
268406858
234632477
280503739
237223372
240410683
294929599
245597074
270806568
264588853
233048866
255138032
269019299
296093544
250983602
222123804
279091808
180006221
255952065
267164389
234997859
263345638
96947864
221030375
91265431
216276715
317997123
276282304
308415645
315916261
220842432
313268345
217147975
235450955
250998777
264772718
256285677
227713861
255313478
267248598
276319430
234239758
245678580
189179226
191958336
296965964
211708682
318283191
244565997
302182514
292779453
217503845
317296996
198300750
231319549
210818302
215496733
189750939
217220579
263695800
260912252
280265346
219681378
233290539
304060182
187564286
296275436
326486886
274314915
282738893
257968480
59094723
179872694
219316157
211150724
292488354
232748073
120104864
256370794
169041477
282624311
200098670
296718538
196929374
242410023
250381609
304248087
212686389
246790427
209893032
209511519
206546783
258883874
279136795
196315752
306313194
250675060
200705994
237325256
185529059
332543289
218708760
255241298
184288143
247073798
262790706
161158196
167223648
262597123
183394060
201771477
321587136
309350617
225754952
73130111
219575276
252465854
177528716
198068004
252251296
262052704
252689516
249895003
339307054
244603308
196047352
194124925
336915066
308244456
172688690
269311349
276409791
42681884
199508630
229594962
245670567
251715174
264993854
158277327
213281247
170469544
240890534
246611810
52569416
302135090
216670804
247364722
242367631
207695261
151233504
309257585
290745605
94166864
332550951
223135977
252585571
244361657
269345955
187437013
308710367
241520537
187454622
271646010
336161896
207097728
260007499
318633608
178850672
223588535
266002990
262247913
167105599
113349651
59735034
262920763
313934129
208470890
115328516
227083481
297268720
250547885
191386820
245455215
242709434
224115671
286905736
262535498
251409570
48798323
76012667
246555872
197240386
315393379
217462827
287660253
229733324
193463112
296449782
193141963
260161423
215709278
308528280
184680546
282655503
260236534
308175630
208211420
211492766
128935756
239969911
248853272
240218006
205084533
102802077
221184552
202297750
188157849
185240497
286070234
238965832
174973020
178945739
46057675
217287060
211269566
274583034
272236836
236689292
230939144
247604332
252696164
246245779
238577015
326314602
292630992
279927339
249650311
189392245
234376302
305523753
300865704
219555296
303118886
266845055
229009590
285356098
333361607
274714239
273757505
212494871
188777361
176017203
178023306
204734649
142290791
291065928
288672457
335405945
204653028
287944579
274236508
118789771
215707567
207628986
226666319
95094859
85622242
262977744
183195392
252214060
247680493
128485937
237248986
229937372
277197735
272288906
242490405
108389443
252173836
257924760
111275058
225790699
325728463
329492562
261673309
234744117
234193605
169289140
216030725
192659130
218580476
221192649
312121481
244385106
203973194
179073645
226909353
200059140
178072734
224131273
99568453
277946640
257775671
278045252
208110788
279079155
187602595
249826352
245583309
188332248
199555283
194587216
183028047
185233315
303773330
298646569
288695001
102516499
209091261
273333485
292423344
226403930
290308617
154727148
272978030
247855400
247775176
150470126
299177610
283095106
211971602
237350860
49443520
166787794
270788722
269758126
261431596
292757343
247481772
259137163
240475427
223967584
302728751
300534893
258928258
180124700
275539297
211424558
286053653
277462695
207238037
184198187
263108286
312472845
227721411
174187556
197123880
246497579
209054958
248349491
254107578
177848156
187037727
313053240
335037183
213741192
324581661
289107894
50159743
203614585
226281299
93512727
253727255
275665236
213201307
220679886
280129534
226783468
264711435
217169543
195975372
232005639
292296960
291955181
244274467
238704873
317364749
198535517
174032463
219631690
247661727
284796757
261449382
152871496
152425722
208897985
261406147
240975119
192280228
208638062
262346656
292026962
235367240
186295875
196342703
226159913
240580888
166653427
297772874
207386777
43931877
273471329
189301857
289746055
236337353
235185880
172552135
191776800
229290458
246323465
309661760
227011740
282935855
208489648
307677744
266659269
337037728
298127091
277143756
242019286
266327688
263214522
306344545
245627257
187214508
225970358
213993878
281190614
274909639
253411183
255020958
256733312
64740102
121565714
343273698
241741910
212746458
280588012
161583722
288942300
128541228
174846933
234219798
231738997
257540906
194989864
73792153
215742543
234896082
193697533
229574963
207210747
233878119
228686283
320324004
264624227
242078836
178732488
307007772
224316646
177587720
173125655
59334748
194167455
112355073
267524670
221517727
217236202
316810018
226372321
252310112
307276027
188225293
295306959
256719275
247068769
92104460
254657309
196715667
212668652
285562958
256339409
248619764
270434282
299685612
203381318
241004565
217241228
260472101
242443882
296510458
258017632
70346136
172883472
204304401
62300261
244910463
227358174
293369720
295637461
305498625
311770898
278379774
274033031
194348390
207578180
195703062
186519680
310105982
256325997
214925413
274911080
54850951
176427709
224554929
221447253
245810557
281677910
204156773
288319104
293457032
241708455
265596757
269846068
247225633
86198404
211080270
286784692
279841668
291026415
272173777
292702614
318462407
184564120
303291269
318091844
232066640
287230583
202924845
179188237
52536417
222513047
241787678
277807742
168665571
197797330
241423333
259598271
214685985
291900845
177076512
302975003
267273245
245607017
232317802
185431664
232100999
151127188
253740745
127587158
247172837
190950064
210636152
69732109
229961321
233522837
203598330
248794788
260323414
231348153
339613617
240518915
267305733
194158215
249670137
174988803
162235344
212996325
59242173
137481567
260481094
177253419
178544643
183135672
257380011
321736449
254186634
224009611
189000911
256437129
237558501
260003016
187614546
294803742
189571354
296398965
206376303
278915815
283814879
259987854
206224479
297668700
191084072
299936577
47859931
174732998
251168928
230210237
214037643
202547675
215572735
252116024
240174079
226612513
277130852
248224304
248042991
329418236
271679278
258472117
245986769
210494108
298633597
268732831
258082466
310546534
186503981
231997235
206963232
180747230
230947166
289523213
259522635
249344037
230143035
166598233
187849933
240638718
266366646
199097174
300494736
219162055
253712158
324261244
210775545
230348974
197102367
98822488
287693522
206413656
312437504
250398752
313273010
315042349
253613166
241470038
239084561
215394788
211532159
158046099
340239209
271925247
251798579
238137807
87826601
291028999
253202862
223190596
334968533
260994417
263624691
236454488
275080411
216796560
209476875
220573317
237778082
307192962
249207252
225610218
241632415
244828533
267468066
190026427
212046386
240025172
302530283
186603336
247264295
214914493
203237737
211426343
256033873
275864409
106912181
211540178
98679399
278351374
326398799
238802830
249498209
267603790
287947646
257152696
173580271
217783564
233280886
206317549
284034738
223757869
266570003
58144071
295873744
215831853
274785304
262505636
199358699
339206596
259762528
185151691
215496174
338245636
230569395
323682253
215978377
178601848
328875640
214424996
233179848
312075949
298998060
213365862
256476887
267754622
216946718
241497454
245547505
249461613
283656462
189479268
219086354
298648734
167947096
214913337
238868889
232263629
192505501
221030034
257977037
194442055
283676417
217673376
238653372
228969924
243190149
337599994
243160987
65160583
240729373
264587830
332684849
251506716
269465528
227748625
41863194
222266397
223217824
285538179
240563368
256158737
86650330
235915227
278904764
260563862
238579135
274070024
241197440
253540830
275827620
264179659
254501181
261490433
62196423
238620208
319369097
66596221
104230738
217181156
326507694
173217166
221182661
202116165
194594935
207442749
241860829
199092169
170926709
279247802
208299199
233954751
63141570
259981452
244289935
221239014
125571960
247903237
270793814
245655960
261591112
236594162
253000191
216580967
223360845
252205880
280760970
244810935
247912520
267583265
261664344
228927025
289643855
308973657
222067570
209190710
252666938
264830126
219062996
272221502
196892045
268481368
236400075
214568932
188624766
138902913
240149855
335308289
245560830
296238021
251983128
253557908
228912620
291687507
243033647
289884220
39726458
222604379
172751508
208097463
283844828
282766255
212427563
271049054
302306765
96276747
213964512
235703711
294390172
226865187
226053643
223278858
254862428
259328888
301975191
210628479
259286343
232300996
246399758
243395496
64679967
243518900
137598155
186610984
197471982
260733419
193847068
235059623
302855854
117016200
255647504
252714628
212084411
256676590
215195037
335693810
243805596
231363879
206043649
99695725
234912540
195204511
270226701
164486980
269019833
167396091
248420137
133509693
243655869
232671519
278223297
229231830
291341395
263605288
180240054
174165502
249017942
244175539
167299736
44399897
279859212
282719933
271825671
197285792
238028072
276166474
80897002
314049197
216061233
236338251
287304431
325360149
280476008
289413122
301582926
209902306
240050706
241267628
276290966
230507415
209343385
231256287
231778398
259899558
159490717
246737612
314171339
244693885
273838018
47301035
264615647
245485254
274230111
159184638
263838400
253151404
246592662
203559636
230098626
266007055
213293979
245555276
291700951
69044088
282692264
261315130
239921357
168746085
224695084
274673419
155593889
220416057
261401950
304688264
200206762
120506235
212253193
250145967
142196207
304277875
38032002
290555577
258508479
282774305
191698740
201717996
263793891
246203129
287201138
215761750
238471140
279433286
207711183
201069711
229515486
261581358
336297548
235919096
328082727
185900270
243374752
251680733
248541244
275934857
44819359
258139585
52393875
183415118
235713132
197228699
247153564
321742556
209569587
234567585
302164100
243523085
189271795
215030929
204539897
239887253
299095286
247213586
239826029
239769972
192587012
209584856
251816364
204185969
243460318
281846235
127800245
245476349
252982489
208493924
238813574
299854461
280388864
96886705
293818302
240657548
194402765
220009210
335244842
204805956
264712788
292024795
265566582
199409250
65310466
298900720
192477083
277746110
257655654
255456399
231716067
168737614
232817396
132478705
195500564
181509809
276072845
244684487
278677373
169991310
210680157
46242514
255282582
303100848
101848232
242243853
311156093
337611236
83986498
193908281
237132900
292959804
262868927
113256148
274278607
256482861
170007029
205165356
262767613
213084065
264784001
273201930
220911857
283572555
270805043
203191942
255265496
182670233
291321569
180757612
37950459
278338980
260501335
69464738
197266885
208503887
155301728
221895127
206657446
217019684
210770729
162479188
289453048
317253523
203422342
237434310
300030061
290568128
286733937
247239911
73647715
218516382
299402855
278410846
279381706
208709168
252390638
301860823
198053381
188758801
160379671
301457572
297496507
275494342
285031426
263015727
252475980
217760183
305236633
279125562
258142506
204910695
241778888
262114391
280644026
257931419
237347694
321515685
41747189
262631962
254621217
169984633
55688747
171463448
276971109
259918946
277514571
296135242
221776513
241850004
110407215
227847288
247358773
252117518
238705155
267998329
293332688
37980880
235650124
257492152
84019749
309059333
260638599
86591448
263312888
227407272
211068930
268942277
262841487
304727972
220433962
180393440
272335085
249962606
312979917
210251256
229690724
179475156
291405541
229604237
211518236
216781979
259134230
134294755
244668517
260824319
222600946
286999996
285484266
220844301
240720685
256940544
69388178
220661802
90522514
220708076
257133365
308685528
201498417
250614119
207556945
242747908
226412701
245977346
260075431
171786933
207412672
233800292
238881845
242137990
227910176
206105303
260292834
260210661
282234633
166928768
196975076
278848928
225128521
269860589
209961263
194851751
247748981
128668774
310044610
267120254
306829845
335776391
316729528
171864479
191010191
267294091
240132920
200942247
263674268
138985073
255582814
108678753
236825220
260734022
215867934
250102131
196914652
231817750
259316341
211913349
306526259
303986544
236689192
277279593
243600762
236567251
168507790
279296583
228820190
218237715
253974555
261627276
265422809
241755034
327277582
263465580
202410511
207422321
238085668
169198055
232351407
215829426
198244371
236725803
273456088
291384167
268198793
315995325
226534817
231949373
247326096
249111549
182153470
247705966
202081459
256593586
266123288
229437977
227874751
277123507
214154411
216665124
76260291
52828353
311100596
334823597
236273554
234294201
256777332
294573386
281213179
212713455
248914621
100926096
207359244
190637567
252915155
222922661
292068078
191114978
264035826
261810446
281306250
228298012
183537180
202681829
294561937
208803539
47857876
295498936
273345464
261000607
47789456
300796736
258155792
129010659
252018321
302607285
276368245
205484085
294050393
323322048
319459224
285653557
258437301
192292471
166786410
286723910
220425004
309986659
189856325
225703985
187516594
232745871
226529638
269268836
196641665
210134096
299585397
314036731
228957893
244934607
237999054
297648881
260627813
216847845
227137936
266733516
271667256
270366350
257574287
217020431
255308925
309093204
250041634
233532034
216096054
302264507
130949903
242356317
173354739
241867361
280371312
230210728
209541882
280603519
312836485
254937650
242160649
225493963
278833095
114683510
225072025
187983412
237332977
257617778
262752694
336660706
272670073
40683446
294971825
245824283
266577806
258725395
52271551
219876329
246631835
165773359
216613848
214338883
184871678
260770494
246563127
214103875
230813857
218850821
262749696
270063247
183592376
253473680
166990945
232321111
294092588
290710463
296023597
98225492
219143171
293408333
59843703
247936474
50437784
193399443
281576577
176217418
267219784
286772485
242832274
322153789
284684864
236118515
194611239
320343704
215175443
65424408
165484326
71660426
279769510
238521190
252369438
329962780
311451763
220910347
281656129
114955025
170423734
294100038
291608928
288885970
255925080
221320027
234848976
192939597
113663308
160264743
242783169
194053580
247729346
236722558
275727255
260569593
229415905
219837881
309504816
228708004
250313916
265779181
172941984
198966507
233876800
200810155
311382163
289233863
80960230
176160993
233115858
309193707
218335828
245993838
290032171
284618337
265179104
184641215
287131015
303585817
182463884
49416642
280467224
218202288
310337708
262186337
222514977
250596802
272569588
271308660
301278074
191091627
200985623
241134478
231178364
258174842
261294754
266723861
298139619
199298332
232966790
319132793
171996194
203636655
224697122
190411851
227886639
317493382
119760431
291111700
269089415
175597058
199014006
232319113
290188154
170994038
244932296
247825661
195860308
257682328
259166730
247472771
313397879
250615704
41429050
201982423
288525547
265103303
301137830
301485219
310254383
206324734
285833393
232912872
213773521
290543663
208030766
195818460
276810232
274746348
224382280
201175990
269847790
255145976
176003745
221515769
179485938
201202651
244659666
308050687
242425169
314191444
289653759
235498671
