352
425625 200705
291016 10684
387903 58723
115177 35180
743490 477024
364310 111636
206836 112955
496514 244496
357601 274198
837307 216249
432417 172495
203032 85558
16435 3479
346545 308452
208781 147176
875182 110884
832964 299711
371177 329024
977760 789984
438896 209817
215683 104276
544629 58706
91210 46883
310865 12883
804468 111495
67720 37122
554623 187455
973731 973316
808 174
491103 270299
416701 62020
66068 45299
491923 380963
373543 7369
108513 72287
984508 830156
331422 94664
121555 93281
757423 640966
829055 214699
412556 11359
141621 24818
158473 8388
821469 772084
382304 340207
719797 563861
900114 466632
236575 16178
458242 112543
618198 314931
939449 775728
770632 572264
607260 188258
767598 49464
697303 196815
514570 47218
527152 432465
830174 397179
279004 122620
814621 416349
830639 192493
583331 555673
703666 4467
370371 84166
104630 46999
273397 114184
764169 281080
794890 307179
302959 249911
995020 47762
252539 138108
510173 277101
722676 80644
191029 106122
393043 9938
284537 232300
617811 199859
231652 176637
821046 634619
882492 604879
799966 181822
804164 385621
103126 91899
725086 411780
703202 95523
640920 572763
732427 233291
616960 392351
112919 60794
438454 79779
163474 63977
20179 9631
597362 245233
135090 208
28564 25429
354661 229772
126194 94576
689141 283855
890454 290996
958473 623118
773809 207078
676281 361066
410020 180389
681041 149593
32489 26757
773950 533446
893430 177904
464178 100564
810755 120344
518339 67216
476786 159044
293916 180641
263697 127449
914402 756430
561978 282438
296230 195941
936380 488183
217380 79020
282323 128589
758508 312804
628908 322593
109055 50440
182653 72531
751523 715098
453843 404776
843195 388448
421662 416603
874475 281183
869537 204099
935840 547209
849319 155741
438318 197192
470994 429607
202739 99155
422333 360982
641944 9035
525250 360008
898073 867916
487088 78519
960843 383465
425697 103296
921845 588615
471791 309050
172884 22446
891864 788034
105193 37149
78953 54621
62689 56577
505455 97486
542524 541720
42461 26462
179362 77030
179536 15801
93744 25914
770160 223250
731517 573084
364417 131444
382712 332532
600280 147485
785021 610604
415428 274132
358905 133506
686107 1907
334909 274181
28715 26600
228644 10595
944858 836506
227846 113942
892 468
48198 9314
583469 254539
952054 138252
421714 302999
829787 72312
132934 49269
664726 249812
898439 431582
235554 25480
635050 7181
769484 589588
347330 332355
880263 877966
327874 266159
905677 117766
451441 267405
898370 704863
746757 153849
392982 341136
190224 91103
14830 10011
105590 52074
730944 66938
244845 78505
567028 179066
397041 316611
392178 31244
129098 52647
626882 502588
782619 304953
474587 271563
840287 103841
151470 94157
377812 54390
887592 672566
509226 389890
437634 294729
941405 603871
278616 41058
778656 755183
968323 208972
598715 372824
719919 181354
162424 57529
784066 324064
391112 14791
129088 18504
810219 174045
23435 10991
835692 650715
376039 158511
300165 207312
721565 125700
378348 295380
252 28
463449 88822
156209 108897
8592 3608
216179 97175
451879 352910
7988 454
921341 491535
200499 198093
447744 442766
837021 709696
933342 488683
283571 163629
462024 242625
851640 71108
683963 250032
986994 594334
335653 328470
584697 235722
290327 185725
302112 56762
900002 192174
99167 66693
831039 804641
747355 699780
472494 106374
362420 5424
942638 907589
625401 432455
209466 192469
193801 108662
964997 290502
295276 119735
882355 277769
258893 70390
910122 713019
955713 510866
74359 56735
117922 3119
836576 698449
330856 147861
82732 46118
51290 25767
148005 37853
155754 828
588311 477147
177699 63063
101013 6908
242871 147183
804864 713665
148540 135746
612633 535621
182683 175015
336449 28789
187241 73188
567762 556180
618863 46742
153300 16988
208826 148364
903818 806213
966209 743864
469717 288703
846179 718376
978335 557058
735942 97797
755499 363249
709062 526560
690206 99273
576573 25075
959740 916970
267122 257113
948355 682486
35252 6941
248345 113528
473227 120268
865008 645059
562792 312734
238828 91610
778367 36075
699982 343992
882102 498348
392018 101441
38670 7719
731316 197342
347696 323740
939230 193421
75210 24535
754824 555416
597157 198561
884653 689855
933715 333190
4910 401
99662 2001
93300 86938
790218 115940
449346 9840
23577 22842
484588 63817
220456 75372
684554 383451
171272 91109
174701 88344
50543 38424
338933 15891
210655 98530
288702 14365
172326 167604
671048 59764
198624 48915
610689 242154
867374 98976
829625 585429
624510 575417
447877 178152
558685 57239
410848 380670
504581 420789
113217 64256
789611 348081
335865 197997
262161 145418
599559 5170
38264 218
355750 153584
54859 45475
814095 548943
474147 444044
470647 422976
94334 54064
