20141348865
57079270
1724224726
618833790
113776186800
6231354066
6379472490
29889269256
37592408701
23381923125
14877348760
3660128461
6053460
47571472378
10830461076
6147686170
44913491616
54128560800
312037755120
22011691653
5436794226
1723226571
1099031286
82992286
6215623260
689040003
17569782240
473672504586
15225
36530909850
1923271210
1026022350
72566594166
27154765
2612741328
344579907246
4480683780
4350719121
205419027061
23047937650
64519120
307978971
35183466
298057237570
57870571528
158969895591
108872945028
130871931
6333019696
49590924846
300877352856
163743328980
17720631411
1223368380
19368170520
1114793371
93513204345
78875777610
7517893510
86673453075
18526873771
154386519301
9979278
3541999861
1104476500
6519050020
39503123740
47179622610
31227878916
1140628203
9536978886
38392620651
3251767690
5630992503
49386891
26981761150
19971909870
15600403203
201370954890
182939604760
16529710753
74351970631
4222759050
84781590090
4562369526
164029013466
27212461986
76969849776
1847985615
3182384310
2046560253
46382896
30069734761
21736
323329735
26397700878
4472357176
40286972440
42339481506
194138332521
21440752581
65184508711
16270185855
11189107621
357981903
142282584181
15825005560
5056609330
7241399340
2259028936
12647576490
16315675761
8121687525
286093550665
39885753141
19196535711
119161564836
3122119710
8267629755
48923327610
52033283121
1272122020
2630409246
255682932351
81922007476
75446118576
86779238106
39532080336
20828302950
149719118445
12127707411
19442441028
92281302028
4915906590
65154182653
40820130
64803060036
376639525486
3082655940
73522894845
5335083456
173234103420
47756105775
251922681
310499186595
690042675
1491754131
1600506753
4751808841
146730550060
350131953
2966848965
124843701
335780655
24920392875
164212922070
8638828290
55288931778
10875986355
186418927710
37574313778
8911992771
1819278
37587747471
353793300
56132310
349871562271
6491446653
109746
43379955
32395178530
9556876878
45904348500
2614548828
1213741815
31203142578
93131727153
324627940
25786971
173807299666
55230089190
385412587561
35420439720
6934474261
35752850715
248416276816
11834834325
58187055816
4149923856
50115066
1355876775
2240381391
3081556765
16032405711
50121420966
488109390
1385879628
126297600166
46498318581
36873367266
5391528561
4432817403
1479163245
226172848461
76007300995
43432739085
182330394256
842900211
285151059336
21834752878
69499053900
16444727335
1654821685
52508900080
109394236
171208260
15145918035
60406536
211715330970
12562947816
21489236328
7900307850
43624819890
406
3944718253
5929332753
6510636
4721538900
62272910505
103285
120803573880
19620517371
98021086761
251834561056
119405781586
13387306635
29433566625
2528209386
31258125528
176616748945
53946434685
27782548503
17246980675
1610990703
18465519225
2224011471
323723971761
244846374090
5657767125
14712600
411859350255
93508879740
18522254215
5903769453
42195851253
7168294980
38577947565
2477411245
254198403690
130492290411
1609458480
4865640
243915852025
10931511591
1063458021
331982028
716443731
343206
113834868378
1988502516
23863686
10831491336
254659222945
9213556131
143445195631
15315212620
414417655
2678278266
154668374290
1092430653
144304566
11006012430
324990103791
276667197180
41674855456
258032397876
155157086211
4782175503
65975099625
138632980080
4927613901
314390350
420417448935
33053675941
232893911341
24092211
6444360156
7232256046
208050879270
48901433745
4196241855
650720850
59165420028
124175613726
5145188961
29795340
19472031153
52403955670
18705938331
300995380
154243744236
19713334641
237950305440
55507954645
80601
2003001
3779151391
6721099770
48417720
260889903
2036336653
2840506878
73517526426
4150470495
3902375340
738221100
126269886
4854129715
103183795
14045634210
1785897730
1196363070
29319400935
4898173776
171363849735
165552649653
15869156628
1638180180
72455014785
88531901655
2064448896
60580365321
19601505003
10573270071
13367035
23871
11794099320
1034010550
150669483096
98587758990
89454559776
1461485080
