86
861107 303092
557355 461772
779887 751910
650983 251707
244038 47392
810672 203884
757590 460506
611519 140551
177307 142547
825805 483281
732452 604452
870868 189337
459676 25458
16297 6881
193539 13897
369041 353998
703281 363456
171207 6814
816535 28365
367140 92126
29533 2130
566542 565691
382977 65306
398610 370269
876176 571950
949755 853727
214232 154733
481891 55155
807995 172459
873079 860346
999419 342104
68917 12882
581316 441704
676066 13715
665789 191463
774054 105904
259012 193554
38749 11890
660278 583758
733493 557763
447108 401255
818766 611028
36145 15007
732852 419014
642121 208953
658727 238735
94409 44939
145492 142199
961870 768642
52993 3195
241128 221305
572960 251549
19224 11884
153159 94615
158136 90669
62653 43070
522065 134864
172984 87616
91533 84758
707014 558135
19647 13368
389935 187672
305939 234006
135736 35044
424289 356697
298626 212911
494623 398398
247998 215463
523061 241634
535773 264228
460707 346714
93154 86596
452285 55038
72941 65375
593869 389450
224775 109363
286420 159883
405409 138044
386456 108859
711894 649321
639472 444436
300375 252803
25619 18409
848305 222563
683405 304786
60078 37399
