45932531778
106616920878
282684700005
31678332778
1123024528
20784444670
106033118271
9877362076
10159894878
116780504121
182681412378
17924344453
324067611
23677521
96570253
62657469001
66050313696
23218705
402300795
4243646001
2269515
160003436586
2132469471
68549751315
163563687225
364425322128
11971228011
1521064590
14871139570
370098050031
58517744460
82979403
97551432660
94057470
18329135916
5607881560
18731672235
70691995
170386993161
155550060966
80502988140
186677913906
112612528
87786575605
21830782581
28497319480
1009779330
10110348900
295405646403
5105610
24488062165
31638575475
70620670
4476046420
4110479115
927533985
9094216680
3838325536
3592001661
155757618180
89358396
17610483628
27379521021
614058490
63616553253
22665653416
79360682401
23212259916
29193615795
34908350106
60105472255
3749476906
1514618241
2136978000
75835845975
5980187566
12781366786
9528141990
5925195370
210809205181
98761901266
31954804806
169454845
24767255766
46447405291
699361300
