171
777521 168001
391442 201738
224124 190425
230132 99904
288135 166643
591970 176589
371288 329978
927916 302442
591431 473589
144384 129545
232421 147164
807988 756459
588263 480490
445516 311505
734715 76214
987218 717996
930460 617585
982962 811717
253751 110127
150386 50153
146671 128353
312158 149574
671392 490221
592574 198706
104161 75052
705303 209363
905575 522976
365173 359437
215499 97959
59386 7436
445102 262795
831987 811324
292274 281063
151396 39730
978132 88533
263250 236650
9389 6257
6925 862
413824 146935
893432 626846
3479 3170
975597 315627
863588 667115
467758 281876
233753 110325
452450 65626
16828 14949
728713 706408
133182 52297
22149 19864
945860 632860
18287 7240
750091 739384
747580 179622
286702 112049
882067 403860
268171 249435
826146 737888
710433 357383
441471 366760
345378 98333
232081 28126
30664 6095
499606 285864
377639 256569
495518 241229
132309 4603
595186 233613
436717 143323
414245 104147
523824 413051
719425 204986
838935 266169
296370 106691
356568 70539
198992 171342
390558 237595
557236 554369
612708 476216
64297 40824
28388 15373
181996 62807
943854 245316
808818 610940
235333 229587
207208 206330
412403 309751
511023 184960
421268 217556
88035 46606
502540 14111
967549 621998
262480 57194
916139 459845
923557 264031
546031 311703
564836 528887
473392 216834
18737 8778
697052 23313
549205 359403
736671 480075
247030 183657
381043 139976
857719 155646
720708 458198
286406 12382
598383 518778
955349 912026
322745 106332
928010 841273
981890 482592
195162 186442
715044 382247
167265 24191
35173 32534
135399 60284
926787 276283
826988 775282
819799 366976
509351 259108
505047 295975
21758 17950
762357 716652
736012 496150
835296 445756
59664 33614
280298 248868
870483 64165
21288 2721
927858 261950
951840 303342
447500 16194
883255 103654
964742 751281
14784 6880
286690 187569
653816 346748
687502 124758
694028 433448
325171 160038
373662 313223
300802 284095
3469 2974
355416 280850
512648 498293
545177 114179
187331 119113
437417 54742
122259 34015
322645 271975
146751 116023
483791 206356
798812 373581
112109 52001
366172 22856
526668 499307
254169 157829
63058 53757
139248 121199
468662 210259
614802 503716
338866 81283
578688 292992
798672 646843
622687 560818
775660 415082
679327 374460
471409 28420
821496 651200
897696 553762
