14112252001
20349211191
18130935525
4990454560
13885028046
15591925755
54442905231
45735732903
112143507255
8391018285
10828695030
286115487570
115435560295
48517838265
2904325005
257759487006
190705924905
329442649903
6064033128
1257686781
8237310481
11186265525
120158559531
19742136571
2816438878
21916537566
136752209776
64597658203
4798031820
27650766
34530737410
329123722150
39498345516
789256315
3919090311
28001729575
19578153
371953
10795020580
196468267281
5026035
49810359378
222521545170
39727180626
6085857975
2153418751
111743775
249506484436
1367514253
197299180
200256206230
26212420
273344719420
16132121253
6277545225
81551651730
31109034330
272239719216
63861483036
67256632180
4834738611
395550001
18577560
40859256180
32913954165
29095835835
10596106
27287633691
10270812826
5423350878
85305770826
21009732591
35423101365
5691538086
2487910530
14679126153
28225810810
153662771265
113391077436
833319900
118172251
1972391028
30090092586
186624147270
26355210078
21286137615
47972995876
17105193280
23665415346
1086082921
99567216
193441067001
1635605415
105728941935
34856316496
48579535956
139860993828
23508600195
38531031
271759641
64585437906
115236242850
16865038653
9796710276
12112916481
104972932701
76663153
134565566031
415896168351
5653300278
353870550901
116447760528
17380402903
73056575628
292614336
529246845
1817110470
38166286186
300531477403
67335875776
33568607386
43800748300
161110225
256795402878
123082659325
99349428646
564967305
30967765146
2058605695
3703281
34309032225
46008336153
131130915
5372127685
282211946121
23670640
17591158665
60117261126
7782341661
93938801076
12806160741
49054480476
40355126560
4423825
39438501675
124148206071
6518479110
7094012941
1498370653
578527120
36985336300
6730726276
21291502546
69781568571
1352078001
261209796
124653989778
12455075535
1444934403
7344659400
22104528670
126865156186
3303503686
42922302528
209203256746
157258694971
86146740903
70110333030
403862410
212031045600
153326453203
