275
63713 2357
855216 466922
416604 399959
282463 44635
983389 863614
867629 492158
90674 63569
214038 81626
556295 33308
906348 150492
856307 845468
681619 188989
634089 528684
460205 280212
287097 259546
168157 135256
101261 48329
582680 310840
772257 213249
888017 380714
534265 325553
36122 7654
144097 141858
246033 237158
611106 120637
287970 11312
688890 308355
14105 8377
604959 517690
717763 561653
736548 151371
720098 194963
424723 129870
510420 385870
194568 124909
993940 477952
268578 36008
123124 65354
786732 12013
90162 11022
116648 68906
454913 279440
107696 68013
546474 178189
2058 182
272574 46972
632687 181548
92275 87039
414630 387926
500221 126956
222682 44451
926087 832169
451736 26442
329487 181773
338767 208015
124 74
770332 375057
857763 53029
255288 209661
904148 899687
256184 123919
99458 47783
191510 187982
5549 3221
536233 513585
634229 585715
344833 306491
249803 198856
498700 410455
718992 324990
134475 88707
401221 46126
11041 2106
294795 218246
584991 393112
947377 388981
448749 303633
217124 180610
574930 35014
798570 512618
869224 42602
864646 661558
583711 252519
913028 374784
489915 170001
134587 26576
758921 548343
178427 28966
162454 28242
520423 480237
731470 341462
222290 189940
427078 257336
193127 69475
180180 139026
611991 237205
791661 98836
589846 16380
767029 758771
289080 98807
914746 523320
137988 80171
316217 178159
184098 26704
810835 764443
644365 609351
151540 84464
866920 651583
579553 381909
339559 96273
458401 218585
534633 121221
739830 5572
829353 750134
690270 163661
868547 523826
773598 72276
889203 612139
729092 348873
997935 832821
250446 148687
626570 373661
247666 245867
946482 687788
555892 77982
314656 114570
542180 297504
292990 79038
340614 186203
653339 390565
153131 52552
948389 485459
671012 221285
761724 84367
413805 397927
418676 333563
944457 379279
142700 70406
628225 129475
741736 693631
736527 179654
129149 596
824003 77324
33237 20530
991932 186560
32083 6070
26765 12201
48476 35618
479010 425685
513973 35323
741615 325574
149104 140079
435532 314552
244965 197523
169215 137413
854896 428281
908845 332273
63192 26155
566160 389498
478089 114232
842249 726511
603106 48345
384368 138580
891569 545571
167591 148524
300491 89175
132108 102297
361585 190685
994708 392847
393229 29964
506964 464548
732799 32754
198026 21143
928888 265424
537282 267487
416766 307155
79873 26714
960263 270751
14258 6515
384895 161948
841511 210727
294416 196983
286279 153205
347542 199820
383671 22664
136909 86440
697091 608264
921260 431924
779449 653077
597954 280303
347753 17987
58607 28140
460115 74996
241679 23937
733074 730670
638415 504398
735155 130685
277914 1548
190215 63856
242277 221179
477455 18066
329145 144698
905735 496592
103228 101719
70090 32317
714249 634725
168886 114249
737614 193780
24851 9128
618426 151891
585997 430210
24506 2231
975041 31151
7885 1806
898227 514490
163844 115095
328757 246845
945421 934486
119193 19036
118237 28129
833881 413279
979516 16732
752359 472132
757017 514616
457853 310177
187700 95333
440829 131519
992455 350007
900247 736358
51351 10182
391279 178528
453261 86119
56629 24254
982543 778866
448822 296405
348174 23581
573097 570882
692414 2718
744120 599171
40768 32051
323400 46324
221829 46908
400752 394377
544767 37182
881667 160673
676861 62256
38542 16984
771178 687078
682335 135652
643772 347916
546547 415916
510370 464005
615342 33038
705616 694300
132693 13671
430930 86125
847084 620678
921082 486051
647972 250806
719070 645136
942334 364712
843007 763481
848630 11025
727148 240009
487844 182779
702359 481052
874089 624941
434295 63143
695678 347340
266110 186997
700059 193951
925958 86427
866699 251845
661560 272022
947533 62441
