2778903
109008310503
79983800820
996163930
372915002305
121109994561
2020540665
3331442751
554728086
11323996278
357408492246
17858515555
139753650270
39259522578
33682192831
9147160396
1167870285
48310908220
22737674625
72471765255
52992540681
29295685
10061917011
28122077061
7276703203
63986328
47541557190
35091253
134001726895
157727327031
11456665506
19005383166
8433173385
74448021385
7801191595
114219296128
648306036
2135605335
72162091
60747753
2374052871
39043496520
2312918091
15875748955
16653
1103207878
16479928926
3787937280
75243484701
8058976446
987967926
346253038365
349602903
16520802651
21635224120
2775
70334064153
1406063935
21978972291
404718798828
7678021240
1141631436
17668710153
5189031
131885032905
171531323470
46968519786
19771953796
84236858740
52809412545
3934510278
1063827001
2218671
23815767381
77268718828
75653303671
46096651161
16310076355
613007605
131388863271
907486503
218829824461
31883048940
70231710720
14450255001
353155176
150340296996
419529061
398819403
115314028203
58298319453
18038696770
33111037116
2413422550
9664183851
28133224615
4884326866
134160390
287867094606
4881461028
136932172860
3213734706
15870403720
356565160
292186932346
185654625276
3567125880
212280528736
72927433095
4634293401
23889810405
7347326031
15526378
281350884045
13392543291
137197101051
2611946226
187357383730
60856359501
346795825431
11053986328
69811458291
30225413778
236526510366
3040635153
6563199735
44254463760
3123542241
17335871706
76270704895
1380882628
117835463070
24483636255
3558937528
79173147628
55632304266
71926469560
2478537621
8381952550
240562328896
16137869685
177906
2989539150
210750715
17402410080
18425485
74438301
634338771
90604072455
623874826
52999377525
9811133160
49471637628
19507766526
9441234991
91712521621
55202839401
342055090
75854540751
6524532028
263909479816
1168643685
9602277490
148824130806
11029763550
3976134900
5232389253
18180479955
77164579128
448935630
107902654426
536428635
223523796
35225082600
35774781328
47172250590
356832255
36653187376
21225870
13113658326
22203039628
19401249636
11735962615
19964116110
256839780
3735980020
184992850980
93279386850
213255110503
39285026056
161775078
395943870
2812237506
286501953
266939689785
127208923401
8539349955
1198926
2038826296
24460185610
163199211
10468827951
123302055528
5173428340
522210403
201438230175
6526474125
18775441090
41664756
11535513886
92540537155
2489796
485207976
1631721
132350237295
6623487060
30466350435
436632509341
181194166
395634385
85399972560
139988278
111454548778
132415071036
48105040753
4544238111
8648689440
61252625028
271111920261
51841653
15936212656
3708284140
294140385
303316512411
43928110215
278043571
162953414403
3695121
179503243206
513649326
1072979650
1100203686
77766806253
691269153
12907986801
1937935896
144236620
236038432581
9200800378
60522945486
86493267486
107650552015
545771241
241026592150
93454956
3708800875
192620900181
118123030326
31451950221
208100551816
66507603828
291452000421
60780825
28802280045
16704172810
115705753878
195275939211
1993550796
60322711470
17484032503
18808592176
3734856378
31713077935
36998120253
1949470461
