349
461908 388087
665982 248996
378802 160916
907184 798148
969784 769512
687912 215416
316344 123969
95314 75283
316610 111133
523443 337174
199279 16168
946794 942447
892583 553669
511595 496218
669434 341460
222249 184290
336084 145335
507198 395772
46082 9266
763171 722905
877226 527722
56364 11944
385548 87463
383892 183161
59241 55094
603708 69631
866515 839397
523301 102694
763537 364095
334362 35304
552738 81891
878971 108639
202635 117983
179666 10035
308578 194133
338063 194575
522335 103230
935752 342078
357617 317317
304191 265903
579306 350554
804915 180024
411703 8620
452257 135367
470548 328554
654103 66903
975784 712654
358153 262677
333818 116038
522409 23485
783643 126557
94750 1094
731613 209506
888245 768738
797187 312055
101259 24811
766501 643586
106450 48822
47699 29781
971173 401122
788285 291915
764738 284637
699381 413370
258789 64755
116781 71006
507654 27350
10481 8187
1644 426
657305 281773
859233 221724
55364 54678
985762 218468
276061 3630
914185 323768
5357 934
81165 30024
510840 236383
667391 89284
57441 46344
959753 454028
119840 22305
314989 135435
180620 77795
836330 508092
732591 613044
523525 128692
108319 9614
53377 20563
560015 547990
935499 269441
220343 99219
535925 429424
939424 481676
606405 228924
499329 367895
407019 13047
709610 194745
900494 699073
140778 110597
342908 156135
215546 157212
947860 453924
84356 14973
611974 426412
68097 24162
431886 284384
702246 365117
715495 565227
792702 138639
782790 741722
787591 535261
718771 647934
726418 556890
687176 603164
702963 257006
663486 337964
929101 171358
95263 65670
183203 140210
231144 109454
184342 158437
542095 255966
807106 73986
714616 446941
892440 549506
373382 17531
185900 28070
748884 42857
783573 441349
544623 423449
899194 450322
201711 140568
514013 227383
605522 441440
861497 152199
139779 109631
720288 540273
931072 479962
304036 60518
20996 2146
169110 8403
244560 60139
789162 347830
660693 559512
442615 228836
348648 119601
605510 250133
863367 180830
718593 668745
765489 466790
883916 669010
145514 42220
833109 119696
410433 265292
742062 243229
180529 138119
131322 72317
985556 45546
900539 119276
692507 298147
374834 24415
772367 726601
35129 26998
778244 767831
300167 291550
809473 656243
418219 80144
970038 67869
298250 88723
73371 47846
400143 245144
674403 249453
743810 82562
325022 278674
118618 54781
266775 168118
58780 37418
505704 140459
28803 21282
740476 62212
507074 2183
706210 649601
299594 187793
496509 186973
989316 179247
728491 213307
939659 782022
915907 630169
570980 329180
330016 27882
875724 723508
61175 52274
276950 13128
199805 137875
9143 7796
723876 505303
998703 994985
364432 172803
733725 274285
160026 16762
70048 35619
904718 330412
201332 153300
568921 237532
300468 188208
248470 235842
844101 147148
831327 362395
4872 930
790703 764864
949437 299431
356284 354587
982308 338901
696981 168753
689584 357916
884620 394135
942611 916450
388840 175988
671858 353654
920850 106838
912891 607898
203940 137698
719650 513566
887785 764023
505414 115995
749796 486162
736679 350856
978655 407069
314757 75771
553808 42765
439834 249149
258924 180538
4365 3358
249833 134500
422710 40751
891772 746591
214486 141921
615912 308013
182891 161139
9108 7727
743476 551151
288067 131867
511300 461383
530689 263044
172546 150111
294373 223277
287350 285363
892866 804591
80006 29212
726586 370414
595787 454438
734174 394700
220222 116138
651956 232040
77227 2298
875522 565783
476225 475955
113239 20771
209455 117706
697060 109116
147485 2111
417255 346545
308642 165387
141528 139700
432849 70330
299855 49826
517828 278904
431954 205096
612670 321485
834172 528537
569625 183364
277970 169882
944411 651885
995230 624505
631116 480940
687054 23336
27710 17874
604599 461973
259018 46470
799425 358820
298407 5328
482085 437319
552459 149954
801806 682148
136702 99238
519529 59186
513953 372508
973405 869756
808150 414472
533971 107253
504923 187683
355905 207368
727283 9269
705890 638077
222460 84810
438476 196012
686850 232671
676259 270531
115722 38838
629799 246642
556789 63606
580955 508770
613470 580660
655063 549713
340751 130322
269138 76522
744045 65520
510226 229337
625369 207914
896066 103658
95992 84353
695568 536895
38987 13281
817096 804099
493679 89607
711396 199010
403013 103692
266946 90668
111769 69777
679257 645891
318698 54377
853558 600168
958577 181762
55705 48534
169952 129878
346609 109656
714587 436521
803193 659736
489703 70959
668364 284534
25392 13057
877572 727534
636421 254515
763123 671339
448591 392983
82780 43140
360130 236459
40270 24003
96094 34279
39468 22665
766748 610638
699911 330825
317387 164282
965925 465877
742947 593168
215774 144351
160392 12469
876199 526623
88053 84123
