75305953828
30999628506
12947059986
318520514026
296074743828
23202134236
7684218465
2833802686
6175327411
56843321725
130710196
444103645128
153274957615
123116399871
58297636530
16981494195
10561203780
78317935878
42934011
261296180965
139245518503
71335540
3824931916
16774067541
1517701965
2424272896
352294081503
5273080165
66282766560
623203860
3353108886
5901270480
6960053136
50355630
18843907911
18929812600
5328268065
58508850081
50345197903
35352335656
61444228735
16204410300
37156510
9162180028
53974029735
2238039156
253938218185
34499734503
6732466741
275784355
8008400403
598965
21946486771
295479440691
48689317540
307805266
207101791491
1191818253
443468871
80449630003
42607329570
40509253203
85437585135
2096637390
2520961521
374024925
33517578
90951
39698152651
24580876950
1494869181
23864242746
6590265
52413020796
436645
450735300
27938579536
3985860970
1073906340
103070939406
248767665
9171387330
3026069910
129078994278
187911779490
8280879778
46219305
211428766
150146794045
36299360961
4922254590
92202700600
116006125326
26203213350
67673549460
85118628
18962904885
244351879201
6115903503
12189147180
12357885078
103023725850
112102851
90913810078
291913203
40437271920
66655394403
159741063378
9610455480
275076133503
143252436691
209909558145
155063514495
181903707030
33026170521
57110001630
14681867761
2156307285
9829492155
5990143785
12551220703
32759424561
2737001091
99878352211
150978696771
153676746
393976485
918382653
97394690575
89654739525
101395177003
9879751596
25851628036
97434857520
11582343900
6009532896
145947727401
115182000703
1831244421
2303731
35309406
1808379730
60493028365
156527118828
26183071866
7152259401
31283383911
16349834865
223610271885
108946685445
223787524555
891285310
7163626056
35190055278
29580294835
9538498140
2614910403
1037241831
7113441726
44445965878
298058320
263974869901
364459501
294782606196
42500847025
215327765646
3211570440
2303134515
3935929726
1144643781
30047912940
31113524331
3408283203
38829738475
1500506371
14131915021
700072071
9864435570
226472403
1935197578
2383836
210991054401
17633199321
17479544851
16064833128
22750044778
305779595253
198556799365
54179900790
388716903
261732274786
1366311675
86178756
9504826750
30392706
127665813556
494998072605
14930524806
37616267755
140490703
634374390
54586210078
11750521650
28210844278
17711219736
27810842403
10826340526
65665249210
432915
292508851680
44829611596
62866147578
57427113351
14238871881
64052110486
77671396180
419940759475
15485976066
62535752685
5707232541
184770293151
9480438451
131875274961
291865954276
6727478010
118176988203
61550141796
82852788915
2870660106
914443995
31037736675
16297074991
5639761
9045192250
830342376
278699433936
10070856081
47436158091
12982969230
29857128
151883987976
8694518778
106437367036
34596204490
11266731216
24926421003
40716163566
323683740936
426685078
68603450905
103257175141
77894242350
6744075591
26921396820
2641551
160055484436
113266818990
215727606
6927410071
5953205286
2229216
60046891785
13676512578
9758114850
2473189615
1241340051
38893860060
21032287156
51676463355
139675944453
16811269930
14430031903
212477352555
195003559765
115651882270
272296116
159748875
106709757351
1079753685
64376075610
14196456
95624172540
11243176035
232663288026
4924139941
1751520891
69381291286
378238184646
85893726628
5751656631
17612548086
21500847396
42961815
203571448003
3596410455
19210450078
27068013456
36593646246
754214541
30416261403
2022893421
129423710835
168583308130
151092466041
8491977003
2927846503
2146467960
26297844453
21614219655
5372542311
3557756481
144128388960
88199121
323288002950
4014752028
19802589555
5376067278
4110388446
2434449753
208587914886
1478456253
180101114196
16518803203
1177798845
8434212381
6012273996
95275509981
217626124716
2517625320
40479940845
85249153
264653224345
32389069870
225348362130
77218015636
930551370
27956547570
288084006
587542060
256862445
186439688841
54722755725
13494369903
108520922503
175924434696
10418677776
77744215
138666155376
3538381626
