198
201739 80983
343747 196272
684464 452099
358137 293789
660346 386257
656379 544481
867316 514018
589424 27468
158046 52607
920346 847591
855670 317820
909217 722050
471434 448799
731456 156603
415443 347922
614394 14662
605130 266128
418403 28373
68102 6069
90400 24966
731997 621041
296061 209738
924974 625393
596775 436988
650249 164616
64642 6863
674898 458158
707877 611346
984932 904022
323138 77047
152426 22138
994969 212213
821361 32428
562761 25972
517052 357349
742885 439661
645057 173962
706342 293716
759210 384959
408043 392660
957306 786770
292782 253458
546182 81114
859564 493832
761350 481806
960937 524027
429517 33534
818738 420602
968040 760360
888460 618716
534408 106795
793689 111857
110322 22027
958054 504858
862539 756206
373445 216754
517778 294006
603804 550942
52876 4612
935511 736912
819621 486717
213506 47573
228310 41954
879147 252054
548507 457634
181736 88625
879756 466988
427232 157423
641194 518322
191311 148976
878108 811306
284774 37301
677449 406150
482052 269299
471390 102119
255984 59957
978736 131403
284898 81725
372971 96472
681801 20375
159293 31074
878990 111204
633554 26839
903094 258882
399315 73781
999904 424298
899845 15896
242306 236630
873387 669881
17456 12120
587054 213554
504986 380808
232937 18493
784187 63939
951833 475578
317062 154485
527514 309007
333704 242359
710535 657046
172183 64207
460498 180990
871251 658171
864429 538928
154099 50998
642602 349719
604673 2027
824642 810907
523977 451237
198914 141617
826088 210652
557941 154177
216407 39169
489001 286999
691556 666272
141794 106994
624676 470231
995841 544792
142364 56090
453132 147546
446529 298348
544685 386586
867055 147489
297390 43466
263567 252807
811861 116855
871225 862518
652792 21315
23486 6841
787293 215434
24532 14395
752786 275497
268848 168104
255113 9191
183381 34047
575634 212838
322699 286289
599869 409996
217801 139886
885763 362053
310687 234495
325634 276275
520487 23699
311005 65274
444543 269378
33564 6235
988641 827828
590292 351569
808176 774632
646417 490133
196198 15418
995855 330104
558066 492065
805781 459974
944203 746984
893564 811464
343142 341486
303191 173146
567088 130213
120208 71534
80658 14302
68065 47186
668190 29793
543784 231620
700951 695531
684781 551050
786227 186341
456799 204250
44161 15264
434168 360541
557239 193809
893392 571425
249938 159774
189007 8576
933753 155351
364235 228541
713923 652982
789406 208976
274031 173209
543357 469029
798862 293699
186245 122546
734047 487053
561700 183313
394128 244649
423139 118895
755131 13957
973627 235723
147574 46124
931065 6308
431829 36497
48905 13066
61752 61196
392316 141795
380897 26288
448497 296076
816763 649727
275751 134697
129440 104810
