3279163636
19261447128
102196978950
43156135155
74597428153
148230051921
132107509171
377259246
1383774528
359205675436
50504935110
260678462275
100710495600
12262328106
60525033003
107494453
35412189256
402527751
18419415
311663061
192846272361
21995119191
195558514921
95479474566
13549296036
23553816
104954605561
186872271531
408628340253
2968158628
245056591
22517284791
525803806
337285378
63849332575
96651117291
15131475703
43134691186
74096908320
77091134130
309503909835
32120605611
3289781055
121935269028
116068751721
137302410378
562281345
88453231503
289074044980
191405053686
5702639410
6256050153
242605378
127441052511
285924135321
23491256635
43219911021
151768819153
10637578
271520016328
118446962403
1131618951
880090035
31765735485
104714667795
3927239625
109039129566
12391079176
134329107003
11096998776
329109118471
695700951
82479114325
36261110350
5214196140
1797450903
8633439906
3339528675
4653471628
207580500
482812275
6183220410
360179380
33510074403
2721854871
90014608551
126349356
27996996765
224370612021
73453260
22802762235
72507556836
171004771
2044129830
113087454831
11932884855
47742817528
29369063620
215855051581
2061301528
16378780545
216594861706
145221964056
1300423501
61151864340
2055378
328785486778
101807640703
10027758153
22187237878
11885350753
767124865
41184356500
221959522128
5723911515
110558831796
148399434028
1573072095
10884984831
44505913726
74724560991
10876576305
944668311
31955816028
6827603940
371969081421
227175270
23403061
23206011895
103615210
37949436253
14129561460
42241836
579616128
22650113541
40980838905
84048565006
9784116441
65541368431
27494069760
38164075950
280833150
2130380175
36282388131
19440730
342650012706
61800556665
300027755028
120115423911
118865071
54484490460
121064228145
105788270325
278992921620
329237317380
58306514841
14989855231
8477777791
2558592345
102280753
1113282891
443826321
26824028010
241882033746
151828326775
17361577311
20859133375
116502480
64995086611
18781061145
163263551025
12763945425
36778176
12067044276
26115608611
213193072653
21835588776
15000765445
109994335935
43129698150
7508822331
118610555931
16801919641
29926688925
7068069960
97405903
27782784226
1063734750
19898586
666033753
85366711
1872505806
10052981910
345542616
43830646926
211072912128
9071708253
5492620455
