309
290064 260847
415227 137430
869402 200400
391169 75728
307993 158045
904644 462335
602554 418137
979825 342044
384562 65972
716415 180408
656948 250749
611065 92088
634849 384040
387404 140531
451783 424394
976936 539876
84763 15612
407330 349972
987389 246812
294933 34584
748455 721331
929001 75560
797797 279707
668008 565735
775637 32656
821329 305315
653996 605195
648010 370868
382583 352799
513116 149216
468943 418185
49123 331
621711 49719
252760 10914
833181 443560
897698 329086
705874 249030
181456 175583
897347 102553
439065 10696
328667 71802
380127 229900
433656 237785
410889 209125
818053 463781
487193 76822
599838 299445
236183 48063
715609 555216
326511 186043
666339 83766
268018 201461
742508 303683
380296 266602
211386 139482
334433 44079
133223 46367
876907 12854
290531 252222
364805 64762
921681 783399
229947 71875
257732 129286
612729 376134
904180 125635
731684 62762
619229 576294
453507 397805
531719 7671
154300 152360
782284 493113
982427 903193
481776 134108
769807 539525
312881 80282
785540 64371
547498 421027
565877 87897
994588 90545
486918 451942
441168 194037
70760 50540
783339 721943
287993 161463
691071 363032
531653 400132
265499 254871
414041 335821
752229 309866
287555 104947
452759 171696
785015 416194
688234 227682
504388 186388
744743 128013
316830 279203
414831 254168
333074 102979
548921 38820
23178 10753
380438 220662
572482 517719
464051 46794
553205 494807
520956 331900
782571 183741
689260 37828
532318 179129
598601 280587
863552 547553
48964 39254
47914 31472
335436 159758
65260 51938
239312 232770
959676 872717
585850 20022
548997 345342
722113 122785
620266 578799
306003 240807
970842 439375
118052 53359
784187 391812
702708 93603
595560 312517
703119 61738
986339 821724
148248 66091
250992 77407
865087 554463
723959 499027
122532 67870
153324 56724
330833 104340
793726 133050
549886 459741
510357 229678
968156 377398
954640 351508
703788 355017
582415 375796
535617 165972
51978 8423
676298 183585
458425 65089
912663 60600
377300 22368
739695 156752
983411 510675
990409 952971
705562 539089
464559 230763
113636 4030
351332 293670
304078 58571
924566 765250
103981 99803
645795 512369
842642 396759
17483 3274
276863 223786
245372 160440
301884 26962
508801 33304
851889 712100
857167 706488
343777 62107
372145 200634
113478 93572
473995 126601
393246 245092
557143 128408
909654 76434
554408 260217
768493 314281
708788 608621
223792 86542
919331 136046
628610 70392
814895 616735
930327 469925
509421 128220
684457 677703
765562 686759
961319 295608
521364 68921
935676 189283
844561 74602
91807 45574
634659 371249
404874 99155
446052 353813
499038 5466
706074 119972
848511 51534
449442 147259
967880 516101
53955 18121
437826 430604
471898 135992
23748 4201
444408 311084
913715 126442
113866 12270
295875 54484
556233 57070
623080 195665
517027 374274
79920 10271
134389 109380
135824 117444
713531 415078
279763 248886
694786 180873
677148 402926
687777 71112
155487 139012
421394 397414
57474 41119
220936 98061
952073 749410
105121 43456
582385 302475
569730 143058
829815 440753
90459 22285
501730 468765
94917 29992
171340 42106
47538 34012
641939 454618
935978 168043
21964 10343
978830 817881
792622 663253
804436 138631
717137 353414
905693 306860
965416 356537
267085 242583
623936 22561
626672 74204
259296 186846
112339 45240
208398 17413
159112 156786
425146 173209
346307 47776
949210 848220
402709 56926
530877 222917
767712 116731
757227 457269
417778 96339
398444 334595
822567 636972
865637 551328
526450 471120
76599 57928
749081 430541
346507 70124
742348 238804
11952 10187
948199 61628
806386 529549
881542 796065
495295 301648
59757 25456
51713 35468
83606 44468
334894 37127
880412 379829
328050 237027
893838 352252
988461 592764
791733 735273
828132 293122
978324 612274
63124 51577
782735 348815
143813 103815
457297 162870
566967 416213
494689 264561
935995 757937
929683 133412
538997 419353
618605 61306
610607 272376
75718 11625
843854 701494
390351 217024
762887 695423
513760 470004
272986 261846
520875 511670
323121 310429
183081 106082
491874 191027
746997 76762
371219 66499
759917 528406
125146 98822
40246 20566
793041 77991
130544 91457
113389 32452
996967 950888
