34020709128
9443571165
20080180200
2867402856
12489190035
106877057280
87419484453
58497219990
2176185378
16273613436
31437655875
4240145916
73743552820
9874551246
90055345815
145733317626
121875078
61240375378
30458205078
598043820
260159566446
2854694580
39118142778
160028327980
533223496
46608777270
183130796610
68771722146
62233743600
11132781936
87439556205
54946
1236014340
59563155
98372958580
54148962241
31008094965
15414782736
5258610181
57207556
2577799503
26427119950
28270972005
21866737375
107546639871
2950848253
44833803735
1155050016
154132680936
17306091946
3508413261
20293367991
46111834086
35538446503
9727683903
971501160
1074972528
82619085
31808094753
2097090703
306857388300
2583043750
8357499541
70738581045
7892139430
1969565703
166057675365
79124607915
29425956
11606860980
121580461941
407879249221
8992544886
145543882575
3222639903
2071845006
88632077878
3862985253
4099243785
102126011653
18825275703
1277171070
260601208596
13035230916
65896298028
80053008778
32479740756
56388039931
48008623911
5506988878
14739844056
86608930915
25919660403
17370336466
8193728091
38977297206
32300813196
5302388710
753515610
57818881
24345969453
134016740340
1094862615
122417231028
55078970950
16880469411
715497706
16043688885
39364672578
149907417681
770457885
495259128
12761389161
1348803891
27091052835
380817917403
200450253
59630721153
7538139505
167504430600
28994126028
96525415000
1423618120
76758517578
4380807606
48833593903
1905821191
337615576950
2184043186
2995960528
153714886416
124514222878
2303202385
1608834450
5443469970
8851217775
105681123411
26376106681
71214813901
61779112786
63018712653
70611504706
13773435378
35477676
16851817905
2118321505
1836210300
250174896
12285673128
130394733150
454077339906
145308744505
26625896466
8122465
43121181285
1715310306
292804163875
4980369306
131261252265
78709050420
5361175
25040198791
12870577020
363488203
554594860
253543561050
249563000316
1928670778
20127101295
4377906378
8013969901
30035166778
8244371436
2921116395
33856573653
49386430621
185210065131
3744802153
9254325081
2477552028
190181338480
110414987775
8220248310
229641016956
235819305420
43692192636
2375086581
17914121686
2782766503
1038517525
68913095625
4915906590
62591996391
14941311
7196700378
1327902345
10842680170
133180379151
164194381
92710117710
9246980028
8826301
48386783070
7993852903
75282585
1484280370
1628520985
19142493945
70040700675
52751856
5982046890
6896605290
86145080581
30972244941
16357611501
81174882201
2528493828
9662237578
78969142405
845406640
4808028891
280808048755
944233696
45745714050
10232867211
97131823881
248321755
109870546995
449775028
886478671
578425078
103338990271
14119308946
53493996
334465074021
219952602631
9609346396
62450904405
47081683230
63559494453
29423377236
254510641
2753153910
17455807281
1023351420
151614991
12291003291
15000765445
1141296976
359739008310
1620313201
24846105903
6813121546
104547697815
4640649630
55977074310
202866982878
151981557456
110977262760
1677855556
92682991611
2458722750
28513794610
51892578
1899036006
140211336475
316860140145
45495908776
324016696
629007246
988723746
689225628
72135224535
28091017878
62040911878
175684876230
270313559901
42960400003
187440031675
1330119253
60836126520
5388829020
13263399885
86616838791
34996393641
287234626953
8899447578
87928678981
1879243471
37094478876
67576125
246047266765
23549816800
241806922176
110452115010
34281794781
130903350285
48183237235
5626748403
18245752878
2946240703
2211091750
139606714621
4882943253
211490461
3041337036
4182237153
526582378
452094469716
