464
811260 243734
672265 317700
713132 637966
623996 16731
822650 345385
81195 67134
269071 40678
446017 76812
689904 437879
760169 752453
854342 785737
810323 172144
972433 408019
453870 111112
599318 524860
925312 905208
29697 27312
775013 213297
353704 298392
911318 477027
786995 765
443869 281441
790471 786661
766021 686052
334398 50083
594974 516637
999215 683888
77490 48180
362213 102451
882252 85747
638135 492273
279106 113573
893677 797520
640316 240977
167041 89118
964634 607832
278443 109178
321956 165468
149734 149132
795804 130032
576346 202867
242147 179852
443308 291978
671917 577477
602308 162843
210937 191403
868636 636611
786173 382474
114371 109861
757075 710443
156323 123902
867956 855375
840877 577620
502347 204208
743087 247116
532399 344863
986867 570523
283205 35153
520311 497104
114892 53162
924529 441704
183091 69532
822220 193990
655000 201584
195084 59869
7355 6587
791877 62807
950666 280854
758085 156848
917352 750634
897573 519967
380923 316438
64428 39215
441358 151191
837347 371555
481577 442695
755020 423428
645397 113711
194181 66031
467188 395453
326814 86813
443300 233941
93193 47514
759835 220173
137535 121837
220894 172558
921800 876614
117126 12761
264646 95720
787189 315931
114628 84289
186346 102896
413266 260471
615136 78330
128819 15339
458894 148363
392380 148776
729423 37802
376338 120736
186324 11830
707474 685552
967772 523946
923838 715703
404726 327341
601687 481022
257137 16416
710978 146722
509442 428112
553637 438341
148225 93558
584474 233195
554296 366457
403937 351416
837355 367699
411278 213643
52103 15236
853081 415067
831226 662742
244876 98675
190056 75709
336591 200847
712149 524288
164636 134773
978935 271822
931929 176452
28987 13889
994445 870838
452084 411733
955208 608056
783931 299702
8940 5775
236476 148905
37807 13509
289615 208473
219333 99838
757979 67043
823233 280905
592438 574658
898376 121087
5629 5338
556304 11220
462501 243028
123531 42668
217098 99591
992230 930611
763966 48098
671842 631604
994928 181455
207494 60601
10556 3864
357559 283032
824835 27832
94938 29349
635233 92174
336727 163778
186180 58623
71953 17114
424828 348609
228328 70915
174533 28137
232652 191527
465310 170134
644575 127646
916637 378755
568505 217043
26854 4453
270729 41443
751679 414356
744580 15088
227603 32706
828417 610949
868851 791336
17595 17028
919321 758983
441284 74364
286431 226640
742896 106479
472851 406780
993712 961213
255691 171301
239340 39698
381976 138255
460234 324535
670231 97860
629588 52908
947178 729107
355906 57341
192951 9446
312838 85918
920154 608999
818500 432632
130891 101771
691226 379780
761030 512896
359440 165636
385922 135122
923928 544380
628258 271865
271866 100944
104915 11980
321152 218729
605774 602795
831310 186334
188299 119050
654064 415094
520467 65846
283737 252716
984460 948978
192882 42573
153949 4637
677830 556622
983935 222768
285180 160877
648243 485914
266074 28239
171188 88111
591903 267194
797809 662115
820023 657631
134778 131839
288067 26689
47352 3550
589400 586708
878941 228081
922833 22288
288495 133306
269054 116064
702721 664838
573225 89915
312457 248971
15067 13993
526809 214892
525405 326872
568910 557642
299700 23803
792346 597883
752061 464379
149767 27272
920915 910656
285117 149597
528657 138870
349948 294933
288764 120485
180210 5801
514865 123059
216766 130492
495415 272563
733876 445921
112973 76034
135543 29215
31295 30737
24398 10299
398872 3789
608200 590837
349571 163932
248333 244690
19180 3881
60293 54424
644352 582352
82786 30287
178022 77295
451377 235949
449906 54322
441024 123886
70383 3731
18004 9210
116001 113305
788878 42265
23940 4147
538918 25431
133155 131504
602181 1083
233965 166965
984021 804237
820050 511654
396532 329148
702227 62220
384497 206250
93575 37426
136940 71444
655864 369752
420254 234480
68611 23156
617250 214197
555105 197442
703001 547751
508347 466057
604339 78061
912945 482262
528728 183139
369746 317785
674084 213627
760876 430268
284778 257472
718091 305744
176783 59509
663879 579987
230808 39002
27480 22962
654956 16935
742267 487670
545362 27597
304299 260664
701641 133800
359566 178796
143914 109871
456513 22536
196264 14748
330678 43252
399779 38657
598407 70892
775709 767514
10042 6210
282288 6228
332489 114774
983777 88278
688588 57783
128871 76009
722595 448047
119144 100488
737806 641680
821096 396045
627026 332644
293747 257603
711134 569431
97279 76253
19792 1225
113118 78200
872352 353622
337962 263374
24219 6969
250925 187899
834755 658778
216039 127643
654955 204301
253505 100572
364850 234293
225832 50534
426431 353624
36128 25427
618705 605718
601762 47708
340732 190983
744280 91504
28585 27107
107251 66726
549941 11149
554072 283348
320419 230005
857777 386923
252859 181206
203996 138864
224790 216980
167776 69863
541843 530253
510409 160173
422791 80348
455511 227813
526460 282845
126749 6599
842148 422731
836481 395297
284192 228711
811579 146762
901080 598912
588677 549547
543272 374424
239832 185097
309319 214644
236592 161611
803452 683895
875170 18468
537990 489907
401416 157679
384490 251891
229534 2078
783736 401849
601610 335646
33105 19737
506253 156716
877023 739885
757491 11370
22042 18656
59344 7753
147122 137281
865943 724669
574332 61572
382070 74712
736107 7035
281634 21286
460685 87658
475939 109466
236746 96125
947504 626232
917105 770750
979292 799539
488812 116442
709633 422152
918765 459132
876244 761058
854939 472871
130887 43086
707685 610561
830025 88622
690490 533191
303415 204959
995534 430672
934616 22835
913292 157256
502131 56477
173994 113158
813436 770097
327559 8578
523430 17798
421169 333647
33685 15895
766863 180168
782754 198893
24033 18932
760241 678765
917989 829750
17609 1127
530908 37015
415397 280383
139194 80984
283018 272242
89787 52911
466843 375460
468229 278892
715090 485011
10856 1356
722970 325836
423256 129735
836399 215000
204557 90116
180957 174732
66804 7293
97282 64459
583899 474836
34485 10784
840261 108830
483815 124376
307665 190980
423854 115236
401747 67911
259655 86349
231850 11613
716505 678796
329608 111559
778141 433122
886101 499906
238642 123398
197761 77720
919699 304879
10236 5414
401822 225948
177399 25428
671639 618805
537696 200378
198448 47282
496239 45376
65993 61575
409115 341614
778704 18480
