29703253245
50466803850
203500627561
139971546
59645571805
2253520545
827370181
2950080078
95869228260
283093134831
308691709453
14816864440
83239956190
6172993828
137739272230
409701214236
372986328
22747911753
44519042028
113777617878
292995
39604658961
309418157791
235334016378
1254178486
133457153203
233851740216
1160680290
5248154926
3676316878
121166599401
6449469951
318019473960
29035077753
3971053521
184730174028
5959972431
13689912246
11120251278
8454225528
20577611278
16173460878
42625722231
166740131503
13259002746
18317649906
202637100966
73143371575
6034774591
252364983346
7675914753
365833623000
166822721010
20850555736
30533282286
59465416816
162748532026
617884281
123556441960
1413125703
97551432660
2417384278
18816157045
20318155320
1792178515
21697578
1972391028
39439625085
12300725976
281726076295
135183100528
50066662141
768927720
11429434836
69026744790
97989652860
89645847306
6465152616
2180079496
78191735331
3768291891
27364312711
1128813855
24238185051
7422188203
14888217961
384226490805
81427941
4581207060
49906356346
3552359905
5293844856
33922701156
3067833615
117650130
11005864066
11067223476
714514503
7288651216
69980365
234991115128
137259967431
256115749956
53576228811
115691322753
134750736
10763746003
91640156328
96071635311
4376596461
27190070610
67145549653
61746778236
67601461150
22821772546
116075466
86140514778
219613810653
4868427150
2865964195
20169859128
137439215616
9081948151
36943735753
15567742378
96459105
379179846541
84762237511
184866353596
44910794253
16678200
11086423965
91253295
21730600101
4983863041
2247415446
39453949965
165116195811
7331091328
14249791
62949810
29531425906
910300446
4959233436
433018881966
1156732851
199462122210
16463049240
1836270901
7467180
40053698028
387324028
430696575
4248069225
13411698531
1718357376
146453055
60764291745
2514504070
395859453
18341391628
14472874045
8146814481
71727864390
23553940446
9916831
858781846
85845654546
113831416
534857571
186629645775
313106728116
144984906
288027976636
2765039430
25682958120
5668941960
82735187590
461965696291
14672101951
787985451
9557291640
52661645380
4788338730
1399654686
265798873278
1644023811
44618181
3690994321
185440195500
93585440028
5178719106
72116614090
131531409856
13717725066
9129045003
148175064390
36955425045
5094896040
71766190
23921297085
181681207410
17360272945
7086510775
86151721965
2167880781
31932814686
450280096731
906251451
10753203
154914303753
24812902296
12940785003
118056450655
398734680
3881818216
35696450415
219198467670
216239594896
8690826880
356164705
6303025
172113431986
26010585321
248388616
8885311471
6735484080
221005115541
4042398570
30993403906
97909021
23089393278
53422815628
155482578903
283303306
178732339786
107824160010
371894628
414647630496
11189706003
9642507885
43492884711
7258377855
16828701
7571820270
8514146278
37145430766
99422992081
2890622595
426772720
472396953
53039850
7180155
174544475703
13436932278
29936720395
7533021
1481013100
169567217128
458666328
2987297160
27836083275
1475467003
7673932441
6962046
42416655
6419068165
893186245
8600878
323380596
8646716760
586986
13938739095
323398978203
130895163685
54169367526
1935695310
21269634375
700371451
2552158290
68358455628
27490552440
268111746
22940284503
19491770403
150015852876
108604796653
3046798891
116288559453
16770038230
50493812005
22818354378
92565491046
33146044128
46739849640
1770690295
168192750078
760597503
263638203
143405580
118911258285
380811003
33972990780
8951286900
15984094206
6035873256
253946916
108759126
935389378
747201153
2512873278
294539253855
19285155
19397106
6586592925
3896546781
1669466436
2888722045
100373281128
5048969316
205876932040
78426019035
55326181690
33179781606
162126116596
2907298131
750925
3057659100
62524436253
34683063625
24286965
17653111050
216994556031
8146431546
20869551451
5057413878
27446722071
1276867845
62525143500
323278878
183447450621
1138050486
18237348636
4186536760
367408278
2226212901
62155675
40143186226
26451265015
74854897426
16417897821
9641674680
23540268690
2440454316
140584387131
12827775051
3227940726
25949495391
40000788435
21776700
89350960546
78130056753
26154475116
10769615703
179348091328
151001227378
70096853100
17130542253
23036130690
13059138466
233856527460
170542746
120004679278
12431412360
31724663886
2160081
80741510325
56329286481
194784453
12280030686
273715276555
64644135
174032496
30058381
9423105121
262572942115
1895586378
2790978828
24749130
226557541
3842006311
5991457311
4620055875
196083572028
297028166625
319631706030
6779427903
89106366628
105401326278
289605020211
111803727756
928223241
186392672641
3926973753
142146587836
21004198320
92739401128
260730030
12364803396
1594854003
6402423061
296525079753
36795331
158393301
55660327128
126333460
16230344196
19779312171
179219778
230361301995
344242946125
635628
685073620
39307453536
3279244620
37057989403
1399813416
70485293530
38890513278
117618077566
920046
53084712366
8415649980
23112607500
4060491786
15265723278
26597571
2077513570
112734850866
58152720
5922038865
7734756876
18236775690
6639725466
2305985916
3728118075
67436691
230382344206
6222761020
93797550003
124953254371
7613594901
3020238060
46475754760
14658405
25526362326
323304306
191460123415
20075771631
1117817403
1029513376
1895771100
58350233305
170764440
