745
870568 384836
519402 348876
358480 117521
846113 169866
678782 96684
223288 174022
590459 118731
181159 69051
231812 215150
982263 928875
118679 58371
439787 71863
187764 126426
987619 102075
896916 717727
382714 198494
269698 209299
553264 427241
6377 867
968993 942008
3241 2932
938872 605530
353420 317246
86848 51109
971678 865651
140342 114973
487876 428025
574685 141517
339886 138167
966151 193511
767447 339307
173029 13319
35864 8148
340419 26226
290494 174528
624348 218827
222214 55143
668407 124699
91276 56933
60230 42605
205690 81400
292874 272097
491879 144293
630496 231128
429403 148514
768954 342432
293930 281805
28825 13216
711232 514672
992 931
312946 237586
10242 669
293062 156700
663378 599841
186926 40570
206945 13742
762420 670469
565120 190986
560070 188775
181285 163293
669347 630903
414287 6038
318419 224732
747330 465078
290496 269415
344801 237837
631416 315531
314207 31357
606643 426152
427823 218912
510046 239556
357987 248668
300584 166859
61872 59404
275341 235980
734112 399641
539439 105884
799918 734059
812200 635941
515744 281187
162058 19721
944402 549733
518833 121539
456371 6332
430690 126171
748034 400468
708913 606552
562844 49004
900924 611733
935552 641433
278158 237813
83452 62767
966003 256579
498356 66621
895671 335295
847131 267183
9160 7238
480337 233637
324965 282017
674189 607159
607261 61046
558866 390310
790673 714805
703496 312087
464659 256703
719027 299668
578826 444130
183497 76394
382165 41714
187696 97641
434759 228511
754546 225742
498756 262721
812853 755451
554125 241748
232776 22032
625525 245301
146317 64372
830868 516112
738997 517053
735790 694328
672857 114550
513136 482334
482205 40723
369951 362613
703128 100337
781019 479312
429762 422875
535684 318406
685055 273057
148102 82540
235066 164991
699748 527790
490108 334513
900042 40393
177533 8975
223599 95987
628539 614379
849879 724116
580888 218597
237964 90192
199424 134415
59123 9355
850647 316585
777758 104945
944694 410579
522080 305655
733835 121898
925449 2733
869601 538099
64060 32706
107515 13716
427133 288333
686912 53769
274675 706
552535 477257
220767 159390
746458 704369
962277 271936
785444 96531
979168 108986
425549 21054
550288 161924
97560 31486
571408 315641
672211 6181
862815 853011
563677 555014
184532 182606
786063 452161
396587 199790
688352 218007
33532 507
219968 192625
584521 82301
235455 222538
183856 12128
704301 135876
957376 595459
295562 185514
577303 371924
821881 605174
300800 2251
501896 272739
107121 84419
477930 278727
222119 36166
765640 738461
967625 539173
6405 5311
457131 296982
648926 18177
507967 78441
45382 27477
417685 245594
556458 368136
642697 34190
64160 49858
752324 160490
957551 773714
539449 338264
191493 34789
321441 41865
408648 320031
745285 628821
310813 243972
696872 332730
455480 7223
951201 747841
224240 45218
517502 276967
215860 137655
371812 270585
90903 5125
611347 560599
721530 85790
662152 250708
41227 21008
308846 230379
662451 220592
610948 375311
409903 349012
230501 31559
165924 25726
337426 238958
126609 13009
210232 48788
208568 14474
507137 386055
469508 335429
77698 34689
863873 857473
507270 24878
695607 671559
160913 157654
179812 121445
613153 283028
871565 296144
961553 170139
490326 12000
443707 71426
912966 90613
502490 346066
541204 493644
438521 154177
318823 88867
13896 11360
75711 65872
122155 119091
630669 416225
907755 234103
759067 652920
219598 195819
137410 70885
476272 187673
378597 296331
66725 65690
945386 134438
796384 84656
243848 104524
188090 48418
536522 362152
120547 45555
846409 574210
215698 146765
61782 24317
154200 8968
738966 341719
413978 393175
453274 425134
902736 332490
532215 513141
752106 2826
519616 455124
930322 559940
423744 127773
415625 324951
538157 24893
478932 398693
394571 160929
412504 71412
175016 100034
57679 10428
248954 67882
746170 648067
988445 740739
316655 9580
873892 336458
18361 11433
163668 3680
953982 468513
701022 659747
861108 565101
17547 5354
964814 569054
727727 461836
131063 87298
913739 763674
668542 141403
45413 15450
412844 261352
285507 40224
258356 208248
315811 49827
247355 150845
486579 432740
152221 35631
313235 275609
875130 381594
402725 217000
900542 580560
121819 21426
427062 437
282255 268377
756044 132452
523479 293218
181961 166877
915437 712744
821897 280899
738885 598570
463629 463579
239430 128683
159137 31872
727397 360703
416010 1775
525070 133936
898429 463186
358964 62485
454633 299182
183862 77691
936765 759105
839092 235259
177933 23018
477967 251538
821427 165944
220954 139508
234033 102294
524292 15494
926339 327440
969570 302190
937347 533186
908894 854150
942824 844285
375028 126383
878690 657783
250166 201606
930389 347557
705588 500502
692330 429581
873962 280522
308514 228358
310489 271244
592914 426012
916699 42409
134496 90521
762593 312522
29316 15977
646713 270528
357837 181868
837079 337153
329922 243201
249575 194819
755991 440582
225854 142467
521595 216364
166714 148929
799322 21012
49289 16434
917997 70920
412925 221422
68129 11823
465109 165134
251270 220023
833669 757834
297974 66536
740433 255112
60533 16016
568916 181792
294697 262621
768627 311
541904 410252
182460 20210
298835 219987
324813 128937
517525 104478
295219 25409
644836 89944
770357 432708
980657 586017
961307 866267
763940 38140
450238 327869
822059 358954
746243 220732
59132 7356
581845 284099
630796 496910
952210 708351
706579 673688
58513 47196
729915 161146
674191 618601
456393 366619
732346 642044
206133 107009
159768 77704
341722 244029
359206 305954
928412 851717
219220 128917
569233 61612
698749 178413
641700 582559
179542 34146
419174 99909
368594 123451
76777 9860
32064 12810
915491 824250
32293 30670
104012 57626
698238 412731
857121 830846
879399 601299
98435 1709
758825 380550
272786 68221
580300 50347
496297 351615
983387 428107
793947 691217
706629 492298
633509 64878
12711 3913
937865 441337
560976 540017
843187 423046
895932 820547
827037 533267
560158 45001
157719 11499
515363 344345
309856 230954
949267 85414
591061 97347
685763 625028
664167 518555
416662 152476
761448 289581
751410 98303
436525 179333
720172 150623
356149 234605
562700 317200
907537 275299
223697 116304
464480 81948
335933 53832
578110 40794
324412 79166
631186 126144
265134 33348
94174 6030
853170 308693
406807 396373
686533 265506
47562 9583
678606 655729
515699 406362
288970 200445
238986 139101
442881 346729
247725 29152
139000 58858
326837 164832
310224 5034
503211 317145
786353 541060
194294 43861
174231 47671
469589 191431
352680 180209
962597 848671
821248 681646
250897 226163
437394 252198
7276 6287
423956 85935
22859 3529
961368 476566
77612 44011
77089 57829
697700 127722
249360 155305
548154 165298
79150 21518
234806 110224
803943 770246
645770 620293
156165 104616
655708 160116
430742 226621
572259 101683
87700 17555
968011 698449
376723 94954
155596 62439
373082 328519
696307 424378
614104 75391
615673 600115
358843 29518
183000 30308
497588 1497
251023 115453
910774 161703
258592 97512
804480 517574
33782 25181
962737 959
735547 492876
62724 49048
186410 63500
960405 374620
450590 304187
855012 789701
588484 548081
44736 12407
127675 36088
348303 175248
159869 37039
210591 191947
984516 596915
359331 184611
216655 1076
330683 312066
384850 236449
183273 146880
767759 743646
633465 414376
715458 385428
684536 390919
655355 624772
531896 517669
797022 554532
155930 33174
417592 216075
781678 246142
843511 830567
979963 900455
489079 329757
313045 251748
489225 258315
252301 27597
630256 204121
869481 700974
484056 123658
556414 258933
909885 288271
271550 64467
868050 329050
298787 109594
385991 117804
718877 219239
105262 11634
116118 49928
671806 66729
391290 377420
739518 656255
47152 45544
225600 130764
210615 135766
729103 415232
522837 155560
306641 56947
852883 45036
178744 73259
815612 705161
689852 327586
427776 374204
699753 97014
800720 3329
930579 9238
336956 58790
696851 136479
598138 377980
245296 37423
490947 274075
93636 46457
271127 162831
134176 8648
222330 121235
263682 225359
380002 158392
971764 445183
147009 22818
827046 673688
387877 109360
170363 132101
85562 52870
802376 764766
199745 84913
289778 20571
200196 183493
656838 296837
988073 173666
245603 144724
88754 51999
979032 563123
802832 29522
604364 485803
799222 359859
224357 179383
478150 102223
987995 361461
646413 645364
904876 32122
317087 254765
107955 105379
806691 282347
632522 363303
312516 82057
679047 385676
588002 485970
13090 3150
200050 100815
817021 47913
763408 310964
462424 326800
363199 304803
701253 201158
176759 63691
513520 302931
105276 94689
133993 23367
432916 146461
296112 20219
981162 154508
646499 462038
684715 489361
814151 199726
873608 224786
244932 194976
146086 139842
503044 411124
240211 171085
807202 575275
308738 136637
841722 106520
394813 174072
582480 94408
725105 452261
547053 42354
331674 254364
616523 534386
246167 225993
880785 313260
681243 599755
997173 354473
772514 49223
683674 539978
129802 95007
833424 632509
413451 126909
998594 276288
231702 182189
979173 933752
145025 105657
138807 7351
935490 393422
972953 438720
792193 605686
522533 238724
49455 23736
516605 471319
456761 186906
797214 675672
583468 463799
974229 730176
531510 50404
769031 399121
382417 358298
406010 118009
235326 86539
222402 160274
713151 529049
144309 20467
68231 36549
404159 406
508100 26898
701406 85933
470949 135910
26953 2943
939539 856044
379136 25435
720599 356732
144802 119150
981089 887484
575454 456289
733276 229573
758461 108295
945479 579486
787115 86483
950523 219637
87714 7512
579238 221304
404673 240581
866833 736399
211508 203007
620587 3467
40116 26443
402787 94409
16951 6362
584083 467342
170804 67374
245352 77633
563232 343276
768120 574966
677037 344248
710452 238527
619417 65590
226197 64192
830446 518214
695218 578645
169258 48102
341219 252018
293793 60649
203541 175038
955150 114281
145992 132620
208398 199380
645725 496881
849658 706160
834596 417441
843982 20016
774029 514636
762433 605526
946628 445312
601919 565141
228968 10524
746358 491268
208661 45354
688677 410042
489171 69182
212768 29365
