74049565866
60857406126
6905651481
14427313911
4673946270
15141915253
7048584546
2384054826
23144868825
431404847250
1703616006
2582181316
7991829951
5209703850
257566382128
19700033265
21903140350
91267649661
376278
443690007036
4299778
183333593215
50322670881
1306090495
374676259726
6609452851
91602914325
10013601403
9545129028
18723350316
57564789778
88704540
33199026
343914651
15230098656
23942737378
1520402796
7774982650
1620711711
907614315
3313020700
37018524753
10410307071
26710191756
11028278355
58630008528
39707169915
87337936
132443891128
433846
28223672491
224115
12277523350
179904912561
822982735
94428153
224764675215
18237921591
17818094700
13332383571
199019613156
18231741
25252348278
108149005581
36292355820
28283338203
49780063746
491646403
90802976628
23961341328
28693658346
30918011446
13921046370
1764447310
27843398190
79856664261
5605763670
269421674770
202210795711
39533205078
194468781
151103460511
7385925030
20050278
7959623706
80187509746
183952967628
1200720510
187108937511
205718467461
28277630391
1969879528
32916519910
2219212131
56211536160
35693511336
26197941
27293240703
39766935153
184321329220
1863337581
76171143205
255473451415
48699303828
32948343456
44900604946
98625950515
2918059815
870049755
4766931261
26108752816
25479838153
34511293281
285353484426
29221168626
242715528
30086412951
2071909378
133186056328
133672160931
241046032956
6560908525
116323284945
829201726
65744275191
5033806953
114870236328
89411844250
50691349621
37280199153
3406467070
13611097536
139281405945
55949640841
815817421
40279800
4606800078
188731085010
262172352786
23892433503
4067343528
9033763320
43762690
50113189405
5506778985
84287762910
46712642340
7429622151
3736011
144775535950
534857571
94071186
41568103611
1445579565
249571
113887360653
12702665745
248068196265
36974730016
4659165246
5939028591
221645985
13109771850
495699841
49814778261
19105471
363814309566
154020547605
16672566921
102225011041
19958121945
23763635028
128778
18552291625
3386768451
24761691991
73550256
9231211626
177286008070
17207814855
69163916850
183118087725
2534626
37193417430
3563325990
38844509628
654007861
272662693491
145354031551
14106016
44099302653
165210753
3076534461
377506503
30158329215
67762241316
584495145
1242935011
12878600295
299317063755
57211435980
605154655
876360045
51210080496
197708239431
29761290378
55354792815
26089476
279633454561
1022356371
38355498028
9474518340
36608256405
13135375
157135899700
3680004945
31427375986
220678536
26537357010
24330525528
70429361016
60904862578
498001020
330926401
28550582361
84623545
1190158866
104755575
74519424540
56256474735
601680705
367630401601
309469881
225496081020
12427470685
7374504735
40052565906
43850782440
14473724730
72006000
2550872451
4105403191
59881011211
121842446190
11885350753
3948716278
64530480
2169593128
7091392686
86621833425
27402224356
213152589660
19172638290
2512377055
17610671301
43906178946
2157620895
9036855141
3583361496
5462685550
1172175571
65577216628
1037651790
164858849155
10770055995
295670403
40216996
58386108340
77293486900
90369671545
55274966295
131657099511
3994551
103569155250
156766681770
8163033651
52796738676
309843171
79478253471
12949151985
2549872578
5003450595
54376806
2304016903
209995742278
274347503430
45892990
56602161111
65362461
6773040
109752449841
217633381878
159669852651
14335335
161911511985
106646476366
3810514051
291599370975
9997474906
119358975
34152564628
809005200
21683718876
1241389878
11377182435
93632170170
634801896
37980298245
72807181215
23544608500
168525247080
229547451
95703
36013241253
8771832378
42988544371
13924050003
254002361140
39452264550
179143321735
107452976410
8279721586
507928128
65053507456
1576200
8969493016
107270866891
1952218855
44755084153
3017984586
288120580065
27673516170
264925671
31635808491
13768788540
9731310786
5232082365
120039765
53608640520
45659549145
142143921891
364786538325
356409002755
7986394536
216339566436
20322590421
60398107903
125251376253
92270132571
39346436503
26073802261
36786789390
90743325078
899282845
4097070981
48835156503
127640253
36592834656
16538075646
56836241281
29573484801
18977318790
97056469653
10148494278
23406798430
11089997985
220762578
135046395
2514858660
24513961753
69897576
13634701545
24205170276
287156564695
2213552916
32541193828
128264136
16524256528
34485026131
48516
84153556878
204232155
24197250078
8312439453
5457878481
322821345
4045006540
93618322986
171708255153
375209690778
727348870
53749204515
64424166535
24361418278
27059046
40356262950
123460022505
250880923776
226928097516
1113754806
12984097231
191333907901
67204928890
206110569990
5725516545
3018994660
29775198435
46804078035
362711349903
8309860903
1898050078
15915688491
169687785520
582991731
4990954095
7620136426
48614730
82054455
339694443375
470339785
1660406751
85173645546
345152953281
180780544350
1461195
72409341525
2327086531
1267435378
61816729920
91638015778
238890816153
121178906551
2104609881
7657741
97389394453
145809450153
89484170581
336649099878
142187113278
1012567501
66119250
59286911685
26669990535
3647818405
4738267878
195330312906
134449903290
11624541526
41928722571
4831789056
16080252111
11343719376
27519870315
50308078600
37894907350
6763368360
3357778326
1448969028
832095615
3133667361
7956217440
556061226
18183465
47645838471
78555975751
35246850771
45921736
214990588585
82565240703
20089199235
9674613651
60110673085
424934128
1732161511
13584876528
12673095
50290634085
146373232330
961915591
1136285956
18323009596
16237731945
360121657456
232320975481
25574964366
31802041701
19766328
3692455080
6228685
113557814461
968506066
1672125535
8156518503
12059899165
13661797051
231522921
6074720200
296639835381
192382013071
5472306036
12818646786
25678652131
5169767086
154097790
243915852025
4508178535
1949345580
53962530940
90048555631
2841939136
180069306670
435670921
459302586
1121253
6664755331
13074010956
4754343828
133941681525
317053971
460320
121463622126
1202877676
2016156750
70170259510
46265017578
311814229551
150196665321
76973028
651189916
15356018376
685962280
18421921378
178154057070
17040702966
579426
48692750211
27954183025
10786940640
276505058481
85853941876
74277564306
76409027740
195170338378
133990855615
153753146778
550273725
23344310850
30293065153
344921186028
405410053740
54370004403
31688653626
33363448770
380811003
20832793381
245682624825
7645712311
33523278711
41550228856
2078029278
54137115775
6005477215
6938950110
24032979180
67680795
1246427556
2226413085
71223116910
215335640640
1037150740
8549677230
9216271261
86209014528
12099534580
1621508878
1014143166
2683477170
248626370541
53656457491
70014503910
4705906605
5542785
42674941
1728161445
9313326960
71434629190
700259176
37558689850
1079149653
13257048696
37398276
7349023230
25393452120
12544092028
99094174336
260341971
226928097516
5979859480
8725403151
1397644885
292433899761
3605151241
211593306
16834932271
44056250703
15080026611
10472590450
1351974000
158554038126
435789003
118002520306
64749429870
16089220036
5224821976
65327207991
208247668930
515927503
32452729995
5552419510
39860055378
65994716556
3366716653
74373181326
118083663435
4962825
5081882520
1147851741
48349460130
53399283400
46452586806
20232371061
2028303586
45883746846
4483050705
273020028
10725485491
204414090
11936438286
106739787741
119737338841
19945337401
25264485291
19007917776
9777962403
84511677250
14635124155
165470950450
9334903203
5673308460
15150617628
4456482436
102270232191
896951835
32350649430
142784465691
25536531021
49066070430
179853329890
62825731101
1211476476
145788390231
4513212528
200034133795
8053010595
38167667616
16596506955
435946865628
5581753653
27022276
77390631753
96237838560
183428068141
28494693450
281710716
111071035540
17467019871
228266663628
107554988100
266578860576
1270306810
79648985881
64188907551
6963121045
3744542530
12843957675
139946686725
209459278
667932975
82621
361764651
3692283211
9235832005
4332096
366406092990
323482330
63629038278
7098420825
393814368870
104100053905
26351995951
5863957660
167902301841
3739697886
24120315703
28218828
24487840860
28939729071
271142111800
20606022528
6011778
349629346
4456576845
20240703
109204506153
2269661625
3013480161
58919377726
165293238061
59253514876
28447684128
2151056845
2060338528
134273134005
167415307335
1156925253
31756662171
1839180925
15319238241
6530130621
8794098510
19876291890
123445612521
249331325880
87128702961
200330136
132425363566
183331171101
99151611328
159692457511
55382550
120672369546
1028515335
84067425903
2393109153
431166295
