677
383474 188561
828684 47049
725038 510394
937783 230643
224810 33844
632298 180854
312943 165637
386506 221032
637384 475832
94658 65112
296842 265829
991861 258069
926473 239538
720723 286332
427771 287333
181186 90653
951245 187432
559353 196242
659909 359009
97692 96844
865508 511176
981999 674658
677375 396309
160677 17549
871679 741465
197191 181541
162564 118641
290918 47919
29216 4971
45451 27126
769270 633235
595347 174813
984510 11639
951504 41134
523197 11239
632452 153401
84886 15712
996099 936519
593816 265661
34591 21207
484629 201253
71550 56831
63053 51756
241531 146774
272415 165073
951694 308593
890166 858760
992600 108278
474430 320800
472452 424480
651230 580144
204911 195076
399265 297988
989214 546750
625893 197326
512333 457049
469862 304907
573225 290977
657282 421002
260106 191839
423628 290597
152912 47105
977714 52267
124276 37751
533516 87109
779013 601827
28882 20076
901176 259582
887427 249667
656004 105977
633033 342945
324344 180290
396690 290965
249776 226086
894235 179215
46063 11881
711979 516778
766705 699304
439611 35608
634351 600581
278242 63685
124223 103651
803664 477902
743895 291149
474917 413824
217587 86669
990925 878941
859159 759204
585218 315103
213890 87711
293236 282749
191302 187558
816916 41715
149701 43256
701167 379799
380731 156769
209356 21844
81213 35690
98908 18693
320809 110756
407587 382939
233269 20929
975499 767577
113796 39326
143654 51939
184046 54717
857046 450608
276745 79322
1464 1317
702754 622718
389384 22175
803714 715551
670391 328342
123311 33785
961809 51694
256547 235262
215549 48199
653524 427457
874715 58043
883031 256608
304606 302234
778996 577774
823203 122694
110443 78660
703950 75669
170151 13251
678390 87943
834432 396175
352269 36702
821309 141015
947748 846600
945812 862006
275407 217601
816427 352166
210600 78941
499266 175490
250277 12397
891922 661768
271071 215481
721704 573186
515748 334646
62128 3742
76468 1054
678925 238231
498798 36070
723890 312480
193739 167678
830292 476294
978320 163334
383025 315201
103854 28168
8683 2466
389110 51095
968255 560835
63437 4314
860748 23154
950558 370898
658851 534455
349221 287000
861895 758285
800076 679936
71912 7972
512342 193224
598387 116776
620773 393005
543131 462799
652985 44838
145314 129867
842187 487017
683700 561522
330415 7943
433065 227823
572322 261748
88799 83119
450002 438101
938526 25564
592285 198702
68678 2952
208041 136820
449141 333202
523015 282968
30045 23654
606256 583250
303199 295019
99080 5000
50813 16899
888329 427632
480612 170069
468749 22450
27553 2809
688492 394998
500839 148585
520801 386493
117312 53176
216795 85760
138125 50286
267397 219427
101430 27290
424619 405282
473357 459673
770239 728113
980816 610705
627112 178796
763124 630419
852827 337754
959917 319028
122551 7645
383974 168877
608270 538650
548633 358747
113130 66423
446625 12805
498530 314215
593801 294947
845509 668887
439201 324048
433813 335745
782467 362634
50379 30870
855901 542746
224216 47619
10383 5667
289718 83313
847430 82438
982578 349324
700876 321791
417965 251402
627414 155216
127925 4349
376020 280157
661258 619126
223623 101961
761742 36957
461635 190963
172346 96159
954937 301683
165570 54527
239321 167682
962367 445154
344106 205792
886287 119599
221163 180611
347189 327769
804459 22197
489980 195454
564148 327007
168662 51024
994932 122989
445161 185074
726300 122859
294707 76438
35733 4740
307417 150076
264839 139944
336156 151468
425323 230978
595453 169828
53248 3384
418735 344583
256896 227959
202996 22370
605871 831
388650 372346
957972 196837
202859 146016
441684 372746
546902 309776
166622 6527
690580 264809
647863 491337
967022 893906
186118 81143
102079 31303
488366 433061
741124 235764
62253 51264
258517 73684
596655 54031
894330 389894
300452 24409
427506 139916
680419 179972
413821 58111
24083 7061
69721 44679
948020 778804
722177 100404
484513 46613
752503 314079
542747 337680
495213 319408
540228 125946
385957 160186
663820 381561
882998 28988
820389 328062
242806 65148
423985 272458
737946 51001
514790 228760
816004 77405
291426 204364
31203 2056
756617 251185
470745 271512
846805 468968
167212 75479
129715 40790
494715 9168
230964 45806
269143 93364
270315 269414
341997 182696
814134 349194
424176 222179
943875 318772
718638 468110
603115 54616
529905 31728
943817 853902
225137 23291
308861 71628
923270 732196
197868 127132
237247 184077
474023 65855
679107 198181
679823 489357
358236 255086
632792 527224
547627 6874
304803 66019
836936 228712
789447 6265
614425 567994
269074 114737
345084 318849
543417 104031
879623 561957
745158 372676
501780 4361
927240 16533
681436 516406
217984 10206
19700 17709
517384 299919
368673 43408
780439 408667
991358 561575
959872 922299
408768 336298
17053 4275
410229 44985
91309 2512
705692 682458
249493 234584
129564 32949
378686 78803
864127 658458
271654 52314
667224 462185
446883 395439
35060 31640
354362 217399
987056 761091
743876 666342
594201 313448
392859 40478
776881 774748
391892 192230
875641 227871
815325 182782
604996 498627
341346 321896
29371 15464
926412 82278
319322 247076
960735 345989
487225 101896
313755 54965
708567 186959
416331 68934
620877 421181
343298 244513
378918 37668
271907 84969
75893 50216
867943 749350
155402 145238
203466 107295
802012 227294
440846 230093
888455 641226
904866 501405
683854 183678
565608 327202
781118 459477
252198 126839
572601 245273
636514 594378
389004 4381
190989 138948
971205 259652
349854 207145
111075 31988
521767 246455
185900 67928
255669 49761
479650 61680
249794 222212
995505 881713
503113 240187
327836 117393
5574 5250
861063 448308
195990 84682
165003 120744
177906 105599
642628 114969
28295 22826
779587 469292
652190 384409
840319 413379
248176 22869
20631 8875
956422 943456
372109 266192
727861 2338
528968 293765
807459 95170
573256 426449
257402 99707
236451 168518
808854 533340
207781 112713
640918 78939
890091 490425
390998 229068
335296 288624
49304 45636
955297 221654
440645 176997
953522 354700
148352 98993
446082 153570
193111 4900
64400 12383
659667 582979
140521 19689
530878 161179
340173 6414
838941 14533
286313 255643
729807 690823
413241 379405
155731 68803
676619 203232
674358 161396
965660 546815
483802 251214
139364 63748
884337 556040
644276 32226
437965 385450
656689 522253
638832 415701
20720 2812
376121 235568
123455 59501
674976 107342
97188 89937
653598 47590
832508 119235
555605 534882
243531 234997
343818 234150
649847 32614
654639 194949
336464 260107
12708 3753
570517 134223
185789 147589
515089 85422
297835 195532
27030 1127
369502 138599
418314 91458
65476 16296
631073 593455
171502 121096
461451 278391
812931 547748
984335 691549
952836 525715
174496 54884
852027 698716
946546 122609
430900 379547
21937 6955
188050 46193
195276 3741
749748 414121
124547 33434
506721 164121
658491 26202
726347 550850
820828 805768
649064 712
773190 124893
842098 460344
96060 41175
114309 3211
878612 236530
531770 74263
465827 275908
834503 589188
295226 211412
347670 18709
940486 702933
150001 79064
873885 54394
983396 718029
4431 350
610460 195521
495005 177119
698036 149788
652105 84336
459198 8158
466346 259706
917229 20259
446525 406868
925257 311191
87124 25153
221301 136633
25059 19161
990062 93253
222789 43212
151088 42338
8742 950
237136 187089
622049 23132
47182 9208
90515 68616
517647 87342
113235 23372
52369 27183
105705 68370
385990 88144
114566 13571
338918 276236
1137 436
515529 339236
947103 175804
388821 383423
325341 266282
290574 47227
370814 30557
154901 82480
832783 607664
523393 408689
486220 352411
674802 481248
564431 381695
153147 81585
769051 352287
620975 511172
638785 430232
838301 60868
387645 19549
212729 188799
774316 624303
702357 385327
186203 52516
960651 628865
693971 359435
988117 623666
187700 92100
225459 62354
30419 8540
857110 443529
438902 372755
895856 410722
986287 178651
216683 168520
701536 344232
878236 744816
732895 329975
442150 192544
77278 59122
545881 426609
338814 153634
247900 247219
950746 216860
425644 176040
374164 222552
783960 71049
718597 35093
44709 12822
592888 128739
280001 118067
507428 448268
89898 4437
315971 31677
369712 140547
958392 899146
997523 879934
948144 392877
890082 583360
758451 630879
435776 249417
874407 610880
187301 91864
778431 101636
614619 510115
203204 166980
328976 183227
135674 87224
933046 73253
273077 132977
474411 300185
813732 662326
389112 249128
472639 163224
489423 19292
950253 482976
443089 401082
657055 99512
303617 97922
490836 168534
147760 40259
154215 136775
185446 180324
534425 447293
133704 29773
175305 147028
188526 183846
760601 333897
260842 144851
552227 72568
657914 541505
913470 593106
731705 332028
879578 792363
547494 321980
367371 200723
468131 318852
495424 27903
190966 137206
468420 447031
600809 481052
703518 340818
791145 660488
548313 55159
892710 481266
678909 322278
246679 147038
642750 357701
634391 14705
890874 528486
316516 121358
242294 161013
648747 344729
781525 491303
649967 462717
851100 292644
898945 538917
816155 639799
30537 15033
726925 330871
676290 127751
771818 544588
786632 427839
875565 378290
841172 673908
279380 122966
64935 38274
62409 10535
