17777719641
1106827725
130251272815
26598212046
572725090
16354175085
13717890703
24427683028
113208284028
2119818828
35332661535
33299933415
28689346491
40993150278
41280270111
4109028531
17565471028
19255559403
64443910545
4689428590
130650707076
227582045811
78530609895
153992475
274885543845
16478658111
7037902761
1148139240
12357906
367923501
200493599230
15279879891
67738980
846023545
63163180
11766010101
123441328
438534386940
35288016291
224879028
20251485631
1614909696
1339367646
10771376925
13624630201
47614974121
368734798180
5862116781
51456480400
90091847440
168283820440
19027420426
44398573066
149468054625
19468873801
104447122725
46484291778
42333952753
88621552503
18401196880
42223453503
1109464065
1365945778
712587876
3794032495
181098169878
201532926
33691537153
31166930278
5615615253
58805807985
16252332195
42330461095
25557552741
16059097720
70585021
133530009031
244513391860
633982636
180349069071
2027921455
5371816726
114195399753
42384015675
85625358400
3755801115
386269080211
288195736410
49645107856
3846653616
39973639875
17589095461
870091470
935562396
72123830100
12288338065
238591090
636905895
174723471
6133501146
73321330330
219021985
294587609253
773286801
1348855830
1497002403
101524010136
3146029503
867903
193889165121
245876400
256006974576
53904398653
570730005
1336160665
27674221953
1161595900
91359957153
1684523946
32923961136
45672846495
166911686425
7526970165
3093737130
2862936615
87801126
3867029596
78477513400
673536753
9942685620
358366203300
371527603021
23675206401
62010621861
3115880211
15398457795
76849003
218968773796
23216138421
164271381891
55994139981
7003153
555985
28377123796
650540485
48822031440
14058039681
113428225365
13339079445
49675992801
396732196
3041811
1305375060
157268229030
9307455
268065435
68782848651
142821340740
41184643500
287498449755
231156822016
31780378
18667853700
6818375476
77226661515
107091688600
1005245541
8432783778
118593022653
157653759003
31549596
25951773576
34256138626
3454425640
95966462151
326771830
19741341753
4358628
9359924610
55511953003
40035585996
279767685
170090572875
43518252690
12502500
142796550
91434777528
14461817415
252012475
3946645
78011907501
11038825405
74688612771
1413870076
3677431680
1264366041
24074213878
372385695
82126952403
105649863301
265074634441
186480603865
15984094206
198714372990
57039051135
50889591906
29226835
14259805003
145072180575
64349884378
2206040676
81990415
49365690220
43497013878
223705243828
52503715176
56362520385
65751890295
476493885
147286881631
1133808390
16060278
3470569641
3398053141
61013803150
51774884736
31601608503
12046080936
9459075
39244112403
191658811501
5198073741
682928403
18233529166
4623324720
45506467086
1486624128
14058710403
99081264435
21175276528
7152020200
16310256966
53716422565
246364503
19101230785
53466952528
1301749800
7563208555
17126285275
7547228370
2921422141
11236170
11261477926
9792231540
11471353246
26675533731
14420859706
5727420
59368894236
25982766820
250219635
345696
69320958031
19372500703
10660409136
69469976631
47980739976
21304128
35062035645
120706269453
399534415371
3292133796
489954556
93771131391
27792449730
1314024480
2714702770
1459701496
76008860565
297911845
9788313486
16195050378
1688473216
24932391
998128860
303268224610
5040531810
1086409191
49322966160
57014060040
51010894936
7931260431
12829857391
72794589141
420166566
53812501953
2122163526
37116817111
1300576501
26165683180
2995805715
20882424430
2114596
31547077705
36859518828
109965726996
2848577460
831932445
42030696
1049117721
4358464930
36292086405
16689005556
60968399415
24681865110
50807953378
109563720105
1491481036
503348856
364574739753
271246986
2565321006
268055857306
8081336278
16942263003
2168473440
19637953471
119735381403
32534561241
138982836700
23629375
2179287190
26154703828
19628245
161308876015
6582346953
50832501825
5411276496
157898115903
69443886826
9511341
136678311
133337836621
52086321
156813195
44975853240
942148936
83504562778
157683521100
425318183850
56548340551
9139950
1011847605
3156328
232874802111
27514943820
542834775
3104995806
216783798111
1368403455
106807718205
78186199080
500560620
23631271300
289630135686
222006163653
49124981076
819254481
300117619126
18476282565
25962710256
16704721153
124314691878
51808678356
119575380
3384875781
30523398426
59854367055
5191448356
1510603095
17476927320
2375982645
88696927971
29893425841
709457946
3609907965
1260848436
280763085925
10547110941
5756162160
25831394865
26471509371
205585712151
125703737715
16868895681
53530738003
105559786503
8044129380
30079544901
176642900631
9598771
9653342826
33709710378
21454629085
511632066
30370156740
2307140556
1238103441
1902242040
24689197578
388709348041
28845017578
6890616921
13783875
100490255586
3585562903
7289617140
5575627200
6608992965
260524551
110117725278
73885331845
85441305510
261507015
39387250
445055083696
35429223528
2734291
43149084495
4528712035
90929588025
4970792778
14199242421
142226044470
6352166541
3115722330
120258585525
26236188846
41652051000
1041345066
24565358685
15664057503
62906222350
4899856521
11791949235
12007450
76675536
169932548710
193838205
12989415610
20572905
105611311
32676799546
238618554076
71974266715
2366960806
20651724528
13024415106
149503595520
31554362505
2031935626
154590518820
519273651
74286043975
136374359131
86403868551
3955078
27746259096
1770214251
5761206153
4044376953
1132427845
7108552230
143049644403
27611912503
27413228325
531852805
19002653775
33827955778
7044381
9007973976
10891330255
3648501753
19116479278
635628
9604910700
4182328611
132787956
176094715240
7332181156
38750913636
150014209626
239120355475
138188393470
1506154170
244102373686
7516544745
72028152378
24189490
1066919721
6999411
85748308381
558932895
13467933381
343285503
151718136675
324631437796
253828
7799193171
105958529340
847710900
5156866
27973338715
2757533716
38062750186
173571544266
22347622578
175022695
247057752711
3125597580
1479380815
257783181435
61425
19114328481
15685658640
11218297366
3556322616
33280561
33723733071
205223670
82770988146
48420074836
316349281
9334356661
183581541
4348107631
933660078
896274291
451725
17501240505
267556278
42398236
2354112036
3814356153
273136878
369471336
2337262635
3884726440
92092806
38153301966
95266
57540701466
15453611110
73506790176
35453184903
1115218378
466880403
3401516440
184628072280
83513553705
62096932666
115800059376
72845727360
3328096905
62053241328
130648662378
92550002028
1852487146
191091475
17822625600
194877430056
74238641128
1378991386
197735908545
64596939330
194479951611
4241251050
1944041835
36470070
98359208685
69473331390
84346486003
15958179226
14199579460
59248007028
277375809336
54441915300
18536692240
1747735003
90997832745
11801779795
30558740590
23514238230
15495128820
24764807628
2524015725
615776871
82208253
8286929430
6969967278
100472324046
9845703
501732003
9876799878
404232214231
387142362145
77176365003
170154736480
199004471760
31104544653
186587492640
4219543180
5164989066
130108911670
13941243690
16786158378
3804056700
2683037631
8841507753
45055667205
219338196301
31032504756
13321118700
186100278
116633149776
80433585903
4951368828
4794408003
14201938845
810413670
9353768700
16258462650
100035737571
443230651
10808689906
16899767781
55743770253
10490978526
2633093596
146614103265
175887660171
55121462406
313919958066
51835721190
20144961726
50833458378
389302656
9412811821
99918580996
115705753878
58078624971
218122529316
1521285220
115808722011
51931715781
10810160241
63975181551
108125865
139648990341
7363942761
12962673591
59419214085
120689564556
107053742403
42820401690
145216035903
204671700100
113003061
54737974756
8160222876
148288317166
91523318880
71551851195
227076333186
7560380061
732468675
55498380
