966
7004989
5560288
8004130
7777277
1002057
2954252
9221059
8077413
7813877
7621938
2827193
3448219
236823
2071156
8197506
8516066
6016248
4960303
6926701
4451415
7235357
1507759
4076381
3440290
7959484
3917268
6980501
6214023
9172774
5533804
2103610
4311323
6538607
7291208
1924324
4803648
1155036
4235425
7397600
3217905
3035104
7827668
493466
8260525
6594864
7460869
4546034
8953472
1763905
2459114
2404944
7648603
8142582
8841201
7228643
3243896
5509813
6632515
8221594
3145775
1446342
8913071
3941329
530997
3739167
7812388
4356723
1904035
3993374
5542255
4299652
4281733
611089
7854575
1990970
8898123
2278034
4806877
8628878
1085818
5647120
8931572
6314043
6006246
5349726
1892930
6024703
6634543
2330860
2252238
6571660
4816817
5250222
7582924
7443112
4883624
9604265
917006
8847653
2199685
3890187
1262092
3598628
5761391
8583375
992552
2063129
8864167
8382688
4826519
6235990
1260419
3332920
1944367
9951202
4679052
5640602
5704038
268982
4265272
4498507
1343287
9448005
7247116
2951349
8659574
9022311
5678703
3670456
6742188
3540165
4085559
2979695
7997218
4306675
9336924
1080784
5182443
9742617
9808608
9764153
893949
6525643
6093529
2674064
985843
775087
9740141
2571966
268349
477366
6693479
7621403
3936412
2468877
6626188
1254665
9928455
3813662
8947557
4459935
6398291
7567901
3247833
3894921
3644123
8537995
7476245
5043993
255105
933174
1464475
4047761
8647056
1677969
8435371
3353618
2899542
2646678
6961476
2880854
7530912
7638564
2157429
291605
9541136
4416770
1474065
8140198
4430913
6590192
9866149
5608707
3290953
5081061
6665137
5847162
3038933
746530
9736620
1687113
5695737
9402418
6052732
2690831
6021899
8389926
241121
5932321
8069148
3414676
7898744
1270580
4993981
7764412
8690093
3261645
7758806
1664765
6403553
9865283
266222
6667064
8752674
1044741
2959653
7590039
828754
3080508
732048
1969626
8197265
5459665
4735401
3369677
86178
3136087
1114401
1907104
5839334
9673425
1764018
8126907
3926070
2474695
6029457
8359505
3434605
3447618
3556503
2977765
2549712
8933181
2240039
436108
7783396
3741029
3903832
1143031
352844
4832185
8682057
9697474
1882940
8138674
691611
4382586
9177876
3466944
929419
283529
5173986
221303
8257365
3186457
631908
3955882
8902812
850977
7577617
3350522
2243769
8139682
5137037
6727645
6482425
1786708
9770266
5565791
7920027
4158301
8027482
3638045
3173116
6673823
9381609
4947972
7996877
1406276
3103058
2503452
2125362
2823052
4687824
6280634
379280
4864521
6154227
2190040
9423098
8739897
7790775
2705511
9240701
1075540
4341998
9786131
8386418
7688908
5058132
1777296
7708146
1692476
3424251
4105902
1412456
2855638
2085229
9239110
7117550
4536443
7147972
252109
5471026
5461107
6982580
7500260
6418009
848497
2329672
4643056
5359340
7965241
1468368
8246418
7714851
2189077
1155953
4479516
7273500
7780387
7398840
1266523
7292500
692299
8973291
2607397
6794595
4868662
4077821
9661689
1122506
7686826
982792
5239824
6247596
4171548
6575922
8847965
1888597
7817382
8327527
5626098
4265352
5607300
1074160
7318941
9116516
3414378
7538379
5661688
4386199
704030
6105142
5125236
955508
914962
6269236
6884861
4861291
3392223
7443560
2757070
8352378
1586516
8294400
7666954
347926
2489822
1544494
4378862
1097114
8252414
2475177
3446732
2631217
4285045
9788525
8247947
7986674
2911784
3103327
3271780
6640088
4133668
3195800
8188650
803374
5281620
9784789
1374236
4418950
6664196
7934484
5966060
4993542
7041079
3994626
8557563
9076789
2950300
1146027
7410310
843154
7966942
1912999
1961946
5564576
7599894
9691344
3084041
1401112
9765672
1162686
2446255
2813259
7812539
9147524
9111290
9939203
6316554
9141862
2268589
7826357
7941521
4866726
1843130
4792897
2749513
9323539
8194858
5413442
4155351
1751766
3608826
5164832
600635
7220666
9000120
1357452
6492534
1154661
1662392
6891761
1440021
4674509
9269462
5163276
5122630
2334658
7580421
1702121
6249383
6501083
6507670
4593642
6274656
993931
3102333
764983
4178209
2298875
457973
8881614
4258239
36238
9322466
4509133
5619780
1786577
5533391
4525529
4788587
3384890
6814774
168251
9307594
2884872
8708460
1440897
7096780
1341048
6007456
2852174
2872347
6168099
6826157
6909527
1686569
9341511
501135
6338701
81990
1484069
7976366
738708
6783082
3329655
140769
8220362
6166600
6976782
7818867
8740257
6680498
4048954
634874
9603687
8499091
5059711
3259081
4606233
4392435
1912393
2602657
4448586
9193864
4795354
7556051
5773223
9923511
7687865
7882525
7502869
6274663
5807553
4754276
5601041
5632390
5192560
4234520
5491006
5831383
1478281
2826013
6601346
579480
7945796
6176466
3311289
8635171
4414316
8422881
9521466
4494914
3717837
2056048
1152445
5513954
2686693
5812317
6275453
1103733
128581
4999174
9611444
7078149
367858
8492553
2506862
6987513
824853
975627
6265618
9955026
6288314
3067326
4190866
676160
2291915
3087166
1224144
8335393
2131352
9834827
5162567
1584373
8273480
2746061
7297232
5885394
7628988
975988
4022466
8692832
1496459
7534409
2559871
5162708
2492596
227260
4898604
9325038
3746949
5883185
9174370
4949794
1307195
954646
3595838
127849
1018716
6646732
9959032
7348380
3603282
2161875
9786969
3734074
5249232
6478162
5095505
9466887
6705207
2100646
650659
4653960
2314334
5192
3628358
9206657
4388722
93954
6139636
7888140
616150
1631668
1921289
3086483
1397864
4610593
9986546
1444037
3477899
3379613
1387554
5899306
2477510
4236138
5604692
5127582
1159572
9246959
1791257
348502
59225
8559832
1087258
3600349
1352774
3763975
6419813
7919190
8578014
6177626
3628786
62215
1345151
713998
4726069
5916170
2973595
9486550
4560670
920510
5812474
3801009
4434703
4299786
1234525
8003172
8187936
7225020
6478410
3890046
5881661
2902747
9832036
5479604
4421367
4594207
9158655
7763812
3166647
7533252
9663
3885705
258694
3630117
3172721
6696765
6249711
5173641
3113520
9061309
4885992
8326934
1099603
9767248
1871655
5813347
7159876
8162525
5702311
8101614
2339764
9579977
9535668
8445926
8308527
5306552
8732139
3439969
8992682
6064852
3990387
9285965
5985818
245860
8222896
3010001
4353862
621703
2227225
1628452
6802059
9770673
5785143
6195689
4553944
4332309
1250721
818720
8879671
2882046
3280535
3756239
9831949
6599827
7326121
7259760
4222429
1276600
8684680
6224089
4340111
5503184
6599181
3923396
1663888
6402630
8487062
6700783
1164135
9821826
2626156
7026645
5608734
5161839
4159761
7114793
9025650
6963269
9363192
5369609
2926283
8381257
7483918
9305317
1266809
9031340
7837373
2057662
8562188
1459265
9873233
523435
5759027
7181399
4373434
3855490
3564073
5717101
1156688
8415244
6719139
3513458
2859142
540144
8311318
9498975
2510488
2031995
8026006
2733475
9130964
3836893
2517167
9763802
19922
7125596
1507299
2468392
4772509
8156416
9379100
3296260
103805
5989312
1874952
5227231
6304220
6680815
5454813
8494881
2674898
1300252
1472467
5877045
4562032
9306889
863110
874576
4268940
7266669
5500862
8100312
2110795
2052475
7005603
9358790
7088943
4910637
9998749
9803627
4202511
22904
7697051
3937998
6245134
5446330
2302965
5875756
7681368
6958885
6568166
5674481
3720178
1379995
5797179
7968241
2670891
2872620
4654652
6576277
1461093
2806149
3212977
328175
7971888
3720440
5767072
5477063
9319332
616813
1422343
3931321
3160185
1593452
7989394
4127391
9079320
2808730
8933345
1621527
494414
684130
6982646
9808931
8531211
8822411
1714701
6725561
7356448
8090420
1029854
623701
6600423
5541999
4247223
8252166
9399749
4048504
1190115
1928660
6997675
8308711
956508
3787729
7512985
7853727
6645329
4000359
1908317
5699059
1933413
140377
9157385
3787230
1626791
120198
1327580
8432485
3859089
3437025
9804095
9176945
1967953
7517995
5290618
4893244
3893947
8512514
7513701
8135111
1335925
1311916
2389475
3827995
1056787
7289116
707436
2085651
7779873
2242699
5226273
