670
40345490
38403048
27815206
76258624
47997544
53400160
29172091
43892627
50264793
54587580
12150327
6097142
2215485
42413700
448202
84460908
95941080
41779778
22708851
58715094
13864416
69166457
5539977
53425504
25391339
37521450
10485300
27247510
41274444
33812361
55559992
75556938
92161723
39047596
54435358
82827077
31523952
71870352
14628294
9640826
73864244
48577922
17726224
75810290
40786242
7371607
87503293
20843453
86442294
19574680
96859630
40610719
64537369
59736368
83639483
15285592
13816256
48638539
7267049
70727485
88329474
8397002
75361230
14341737
93121120
21859025
24159229
29455760
71289191
56948071
96150175
61350579
54557007
72172265
41961307
67938538
70652396
94363934
77483886
93362826
4793450
78625903
77742362
98654426
62298406
12274301
92381787
56052283
26358360
24022255
1167533
55973163
58362666
6431366
2706848
66049390
92508317
96706500
61215259
3929501
83967717
33659877
37568822
30780348
76782220
15239022
40631385
64804950
4952859
19367796
83654617
67273581
60047239
67283904
28567255
99932542
51246838
41159336
71778265
88884744
45024998
6876764
68234184
69065543
40928794
69528672
64284912
56783714
14267378
52293863
55602037
42250701
38641369
51396012
21787465
15385266
15448307
10445266
20296759
72937020
48285601
97612944
28985546
67250074
68602872
76055131
4838169
75490792
91479089
22843908
57267440
38116185
9575837
41308472
31945057
6895633
88835875
32909053
18651849
57433441
5171738
91865134
47953765
72852220
14427261
28584530
58722304
92521799
79037941
72264446
37684649
66700289
66816886
58243385
74688019
56075986
70429515
1293258
44594229
89372735
91784002
81659000
13777056
6280397
92406305
34664554
43810746
54474573
10031041
89582420
55408272
58082555
61065083
53684230
21286408
67314181
97745706
6885265
91252193
12693322
70369224
1975238
8538041
55057403
52219662
53766624
88282209
44808715
89114746
41382488
25501200
50750158
51987248
51262289
36615603
52782380
17148256
14635057
57465724
55329000
89069230
45637137
59658549
24369606
16382682
89311192
60701982
52526967
24994638
50704212
24373119
6284141
70418600
91764014
49106107
38621573
9775427
22845848
14463859
59066133
17106039
32869182
75848277
20892479
6328172
47036501
31555328
64773936
66440062
94281360
99844275
78376905
62091675
85282711
81173196
32625302
10649599
65341278
28719639
20926518
16982538
1796815
22144554
54777942
60952410
41811533
57185985
55476761
77860879
32318158
7142641
59498471
2223977
95246758
89533376
40675226
36178179
59822795
54952673
73680768
37756703
41561005
62602227
52422329
71650282
85319470
93051634
21608754
96716607
19690514
80903006
78588911
76035311
94115213
32282252
94503949
8594516
62515526
55547775
40405593
25511289
47050298
25393387
41569743
69540206
83470110
38820480
10877077
36828594
55606833
22514890
98355513
10750816
47814930
26119887
27677138
27920030
44662890
86046694
69074451
33271432
79543470
62274674
36645384
80777939
31602267
96606094
48314546
99803030
47927764
69417033
88547844
41287227
64628442
52430460
1847088
62197208
50778769
41559733
16434242
64087737
61029928
38513077
46026501
36495330
9774301
39116334
56089217
96630523
11412631
72049178
61530390
68436623
84961938
66716078
59740909
92659877
80209651
89975891
53054358
89716204
96452220
22080964
98682636
50359501
54548653
54755352
32076196
95515050
2027381
88088451
23174086
17498559
15285566
11365814
87501951
70341594
79262321
17766715
69651248
36560441
20444018
81858240
89964584
51725264
93387500
13420348
29277575
45612826
32574780
75803098
98629722
51339803
18577682
54139740
42512120
17330705
62794800
77601882
95977360
48225648
32144366
47003628
60398782
96894709
55438472
88939663
90181300
28210565
19669959
18851272
51226903
2218026
13080631
6870928
43747859
84994535
81538972
42287754
27780211
3532517
33020580
25002611
99765899
69267367
62138291
9521750
20202552
68452800
76182436
82658877
53980803
26593495
98965605
49448193
79264018
83012336
30359903
84004620
68710931
94097251
97715611
40527893
58944667
52134419
37007010
87133640
77332646
87680565
69865901
41475233
87986106
5224581
6534530
77579964
78359606
20443673
98677360
66460993
20444036
71167288
35186070
46580082
58726238
609951
26497782
22826384
68441757
53398432
70351059
20008241
99756489
92587327
67552185
93880135
47722325
55589072
8940851
50835335
44228909
61329418
8299573
78270886
48047548
11319810
65848223
36204442
31264530
58460350
18822198
25285368
10110121
94038470
96219390
70848005
87329941
4980718
99041129
74043708
4005465
66994358
34245480
86313641
17508086
26794889
74879151
85408953
60115396
57695941
21922327
13757378
9511706
39363197
38702022
20836942
42992335
35978523
71354835
86049972
92869802
21825501
14409779
73883865
9347244
44918579
51727039
7685698
94809315
856435
88634835
72117205
88438344
40041462
94429344
44271546
40179076
92521515
83324915
43709372
55991795
65124506
23172459
82011226
75333640
6540034
39313726
14400464
15843035
26850646
70877298
86074037
85867399
92140127
16240372
66796318
52167472
63516585
835633
35491191
53018130
53118480
87487893
54462460
15095482
47852126
46339008
27788049
2774982
22825340
35062101
63684469
31684586
14029573
3572390
75782401
34578780
85905929
40700678
85063607
92436936
26733110
87148588
8091963
33489681
68631619
56884892
25911170
74365458
1386043
60337762
67519638
61487010
6114424
68412815
69163409
72662616
35915654
34856777
29240873
97644585
8120696
61021391
93263191
46529896
2098545
89055959
25716681
40596371
85466572
75357103
42937742
2524723
27868546
87455296
87893836
77033343
97982610
84431702
8887362
64590737
79338801
54362484
79173474
78055752
90416902
3086364
2663797
94283555
96829697
18448724
95397427
88410298
56276061
2013242
8182068
15761062
60824999
99347008
86993825
8445706
93481963
55601597
36858682
30974117
27051762
36008474
97422111
6008574
4509745
75054390
75238281
33647289
60575329
14793586
72825068
32948382
87456041
18423182
4526650
59256033
24629246
19671123
20495785
17747367
19852673
90571257
71321692
23345657
26589319
367039
