26
50
94
48
25
57
1
38
100
75
35
30
62
33
83
44
70
8
47
62
92
2
44
20
64
12
9
54
33
80
73
70
30
55
63
26
30
37
43
66
78
34
92
50
17
91
87
91
9
67
90
82
51
8
44
25
83
89
98
63
12
13
32
63
94
37
92
27
12
58
50
50
28
74
8
73
48
46
45
31
7
64
87
100
97
21
68
3
44
5
50
84
84
40
64
28
62
55
23
91
86
33
92
49
59
32
85
29
62
54
15
73
92
36
6
63
68
86
9
59
36
65
33
83
30
47
31
32
24
70
79
71
98
35
3
86
20
4
50
18
40
98
71
59
53
57
2
81
36
48
1
7
70
77
8
65
13
71
40
4
47
98
92
8
83
29
65
5
6
31
13
36
52
88
30
11
12
85
49
68
92
35
24
18
38
77
20
75
24
64
81
64
66
62
53
68
41
17
58
40
77
79
86
75
17
47
79
94
77
5
54
66
73
78
63
71
43
75
75
45
93
11
74
44
69
82
75
53
9
41
59
19
48
85
74
57
11
42
20
70
87
95
29
44
25
18
21
100
20
78
78
28
12
75
86
75
67
68
56
19
68
43
38
1
97
76
26
34
47
48
64
35
8
73
30
51
18
23
98
27
18
74
54
66
98
58
7
31
88
40
44
2
78
42
89
41
25
88
98
62
98
15
87
45
80
84
61
31
21
58
21
3
61
64
77
98
16
39
99
76
61
34
69
84
52
40
22
21
54
46
6
90
72
38
36
34
6
59
54
86
60
88
92
51
46
22
55
65
52
22
55
59
41
85
86
99
68
59
89
48
8
46
14
73
30
34
53
91
21
30
23
92
51
53
96
68
50
82
13
60
23
58
23
43
22
21
44
98
24
51
91
24
31
65
97
83
34
6
66
34
55
83
49
83
90
81
46
9
55
80
80
56
30
68
7
97
53
34
100
92
93
42
91
47
7
31
93
94
13
53
80
52
69
35
86
80
13
30
87
61
89
24
91
0