107.59
397.89
1406.29
366.69
99.47
517.09
0.16
229.82
1591.55
895.25
194.96
143.24
611.79
173.32
1096.42
308.12
779.86
10.19
351.57
611.79
1347.09
0.64
308.12
63.66
651.90
22.92
12.89
464.10
173.32
1018.59
848.14
779.86
143.24
481.44
631.69
107.59
143.24
217.88
294.28
693.28
968.30
183.98
1347.09
397.89
46.00
1317.96
1204.64
1317.96
12.89
714.45
1289.16
1070.16
413.96
10.19
308.12
99.47
1096.42
1260.67
1528.52
631.69
22.92
26.90
162.97
631.69
1406.29
217.88
1347.09
116.02
22.92
535.40
397.89
397.89
124.78
871.53
10.19
848.14
366.69
336.77
322.29
152.95
7.80
651.90
1204.64
1591.55
1497.49
70.19
735.93
1.43
308.12
3.98
397.89
1123.00
1123.00
254.65
651.90
124.78
611.79
481.44
84.19
1317.96
1177.11
173.32
1347.09
382.13
554.02
162.97
1149.89
133.85
611.79
464.10
35.81
848.14
1347.09
206.26
5.73
631.69
735.93
1177.11
12.89
554.02
206.26
672.43
173.32
1096.42
143.24
351.57
152.95
162.97
91.67
779.86
993.29
802.30
1528.52
194.96
1.43
1177.11
63.66
2.55
397.89
51.57
254.65
1528.52
802.30
554.02
447.07
517.09
0.64
1044.22
206.26
366.69
0.16
7.80
779.86
943.63
10.19
672.43
26.90
802.30
254.65
2.55
351.57
1528.52
1347.09
10.19
1096.42
133.85
672.43
3.98
5.73
152.95
26.90
206.26
430.35
1232.50
143.24
19.26
22.92
1149.89
382.13
735.93
1347.09
194.96
91.67
51.57
229.82
943.63
63.66
895.25
91.67
651.90
1044.22
651.90
693.28
611.79
447.07
735.93
267.54
46.00
535.40
254.65
943.63
993.29
1177.11
895.25
46.00
351.57
993.29
1406.29
943.63
3.98
464.10
693.28
848.14
968.30
631.69
802.30
294.28
895.25
895.25
322.29
1376.53
19.26
871.53
308.12
757.74
1070.16
895.25
447.07
12.89
267.54
554.02
57.45
366.69
1149.89
871.53
517.09
19.26
280.75
63.66
779.86
1204.64
1436.37
133.85
308.12
99.47
51.57
70.19
1591.55
63.66
968.30
968.30
124.78
22.92
895.25
1177.11
895.25
714.45
735.93
499.11
57.45
735.93
294.28
229.82
0.16
1497.49
919.28
107.59
183.98
351.57
366.69
651.90
194.96
10.19
848.14
143.24
413.96
51.57
84.19
1528.52
116.02
51.57
871.53
464.10
693.28
1528.52
535.40
7.80
152.95
1232.50
254.65
308.12
0.64
968.30
280.75
1260.67
267.54
99.47
1232.50
1528.52
611.79
1528.52
35.81
1204.64
322.29
1018.59
1123.00
592.22
152.95
70.19
535.40
70.19
1.43
592.22
651.90
943.63
1528.52
40.74
242.07
1559.88
919.28
592.22
183.98
757.74
1123.00
430.35
254.65
77.03
70.19
464.10
336.77
5.73
1289.16
825.06
229.82
206.26
183.98
5.73
554.02
464.10
1177.11
572.96
1232.50
1347.09
413.96
336.77
77.03
481.44
672.43
430.35
77.03
481.44
554.02
267.54
1149.89
1177.11
1559.88
735.93
554.02
1260.67
366.69
10.19
336.77
31.19
848.14
143.24
183.98
447.07
1317.96
70.19
143.24
84.19
1347.09
413.96
447.07
1466.77
735.93
397.89
1070.16
26.90
572.96
84.19
535.40
84.19
294.28
77.03
70.19
308.12
1528.52
91.67
413.96
1317.96
91.67
152.95
672.43
1497.49
1096.42
183.98
5.73
693.28
183.98
481.44
1096.42
382.13
1096.42
1289.16
1044.22
336.77
12.89
481.44
1018.59
1018.59
499.11
143.24
735.93
7.80
1497.49
447.07
183.98
1591.55
1347.09
1376.53
280.75
1317.96
351.57
7.80
152.95
1376.53
1406.29
26.90
447.07
1018.59
430.35
757.74
194.96
1177.11
1018.59
26.90
143.24
1204.64
592.22
1260.67
91.67
1317.96
