100
1
85
18
12
80
64
53
85
8
10
52
59
50
16
64
87
85
78
53
80
74
29
97
91
56
94
92
47
90
19
34
73
12
55
14
10
85
83
11
61
86
58
31
16
10
10
16
64
61
89
54
1
64
38
36
7
96
85
94
94
36
33
35
69
12
94
37
81
46
92
26
9
91
21
99
41
69
38
48
61
89
75
52
64
78
40
12
36
46
12
3
27
38
81
64
37
61
54
96
72
77
21
14
24
100
65
86
38
97
15
87
19
45
94
59
28
38
74
57
81
73
22
73
60
32
44
80
58
75
81
94
93
2
83
60
20
78
29
85
69
65
26
77
79
29
89
55
58
74
58
95
74
70
18
68
57
98
84
5
49
22
97
100
30
7
94
92
82
65
100
45
81
90
45
23
42
1
32
10
14
96
26
97
53
51
92
95
87
79
12
38
76
12
73
35
41
17
44
42
35
8
23
43
25
27
36
52
38
54
49
94
49
97
98
2
59
55
62
55
38
10
32
96
98
5
24
46
76
11
11
33
13
2
60
42
43
25
22
50
37
59
60
64
66
96
29
28
31
17
52
38
56
32
97
74
84
65
94
81
77
72
49
39
44
98
27
5
92
91
14
84
91
51
73
53
35
86
11
86
23
74
28
6
17
25
14
66
15
21
52
43
45
38
87
49
85
89
22
74
37
6
4
49
62
42
78
3
85
98
83
52
23
19
60
49
2
63
2
19
76
45
42
69
49
95
37
44
26
59
32
15
47
56
92
53
77
89
59
36
70
54
68
10
79
42
58
94
72
58
55
87
32
28
53
88
1
84
28
87
79
14
40
29
53
33
77
75
41
72
38
30
56
59
1
36
96
56
47
43
44
100
76
16
5
80
7
66
74
56
83
33
17
32
35
75
65
43
36
52
44
5
39
48
8
10
26
15
30
17
16
51
10
79
93
41
61
91
96
94
42
56
55
49
64
46
91
7
62
34
32
58
73
48
71
46
82
31
37
14
46
4
98
78
66
22
73
49
52
1
18
94
38
5
75
86
62
91
64
78
13
79
62
30
9
45
47
31
87
53
83
12
94
68
76
87
43
19
40
34
55
68
74
63
7
45
29
90
88
40
100
22
77
6
85
3
6
42
14
44
100
43
82
82
62
53
17
78
42
35
3
10
48
31
68
50
71
77
12
87
33
54
20
43
97
61
37
4
89
16
52
6
46
26
86
43
87
25
31
67
89
16
1
92
70
8
22
64
11
17
36
4
67
93
89
83
35
30
17
35
88
93
36
49
46
57
12
42
50
32
42
4
95
89
87
76
50
51
79
38
90
18
90
21
4
95
47
51
10
63
42
71
73
38
33
45
72
76
69
89
40
45
83
98
12
75
25
48
49
37
47
18
58
48
41
78
99
46
17
19
48
29
24
92
24
8
22
22
31
4
69
61
86
24
34
31
42
59
25
64
33
72
92
29
73
57
86
2
40
11
74
49
7
67
51
67
39
16
21
27
42
20
33
33
33
68
55
64
37
32
71
76
81
74
24
46
78
69
17
84
25
41
6
35
28
91
65
78
66
48
13
41
88
66
8
61
10
71
36
6
74
92
60
13
41
1
33
92
52
50
22
34
36
93
50
9
41
99
80
8
52
62
63
40
29
76
40
98
46
80
88
97
64
87
69
32
12
79
41
89
90
94
93
100
73
28
90
44
2
99
33
14
3
76
42
46
71
28
85
75
84
97
18
1
92
87
54
44
6
96
27
76
9
33
22
8
89
98
11
40
69
61
83
36
93
31
11
2
23
78
95
80
30
87
82
87
24
19
19
96
58
8
3
95
15
79
75
91
97
23
59
4
62
69
81
73
26
65
75
90
5
59
100
18
4
71
76
33
75
96
98
52
35
91
55
35
60
69
95
89
14
99
3
74
33
50
28
52
79
23
32
45
91
53
96
62
71
49
45
58
82
4
66
86
95
84
75
59
8
98
33
18
21
49
91
59
16
75
63
63
9
90
13
38
70
27
12
89
92
58
36
6
53
17
64
86
4
80
31
25
40
73
52
9
26
72
26
74
27
8
40
5
15
77
58
27
4
9
94
30
37
31
20
42
30
100
62
27
56
1
42
27
79
69
93
87
78
1
47
2
62
33
81
72
34
63
48
40
51
49
70
62
76
51
18
54
95
59
53
97
22
99
52
97
98
37
50
78
8
11
20
26
28
61
88
40
5
88
67
67
50
28
63
93
92
75
75
26
33
13
93
33
96
78
87
27
33
5
41
22
60
89
54
91
81
11
18
35
91
76
25
44
4
3
91
4
88
6
65
71
32
17
58
67
18
5
38
37
19
85
95
36
52
41
29
24
6
77
84
31
55
13
88
31
28
49
1
39
3
50
60
89
33
37
70
93
100
33
65
93
1
42
26
54
27
10
59
2
92
18
23
64
92
89
23
24
43
42
83
46
7
65
11
94
26
17
40
21
10
97
5
18
99
29
97
23
75
13
68
16
45
87
11
85
64
96
69
1
57
5
3
10
87
22
84
82
46
74
72
96
4
80
38
69
7
18
87
77
53
41
88
54
84
90
88
20
88
73
63
71
95
11
12
12
22
77
47
3
5
60
45
75
15
67
25
40
92
82
43
22
16
37
29
57
80
42
15
37
29
54
94
99
37
82
25
35
91
74
16
40
53
93
86
5
63
51
86
43
24
92
46
95
11
74
62
83
75
47
30
10
44
68
34
98
58
21
76
7
27
94
87
68
18
22
26
71
75
44
44
20
38
44
7
15
38
54
23
36
99
32
41
14
41
3
29
8
67
93
40
70
62
28
28
65
46
95
52
9
25
86
14
97
59
35
56
68
71
60
88
99
26
100
4
31
5
100
9
5
38
19
21
76
14
13
6
41
53
9
63
72
83
44
63
91
24
96
92
32
78
5
28
89
4
12
76
78
89
77
12
26
36
81
10
38
47
95
31
9
98
23
92
2
37
85
76
35
14
3
1
48
87
13
38
94
77
41
27
4
20
29
5
78
14
52
86
90
71
81
4
31
32
47
55
2
63
66
71
62
52
33
9
81
86
55
68
42
18
98
43
53
57
63
80
79
50
44
91
3
19
68
54
84
75
9
83
89
81
20
32
84
51
10
38
10
44
84
76
1
58
44
3
58
41
37
36
25
43
90
100
81
38
46
43
16
81
77
13
10
100
65
45
8
51
22
94
77
62
74
33
97
82
1
25
74
93
56
66
51
50
82
51
80
36
6
43
92
63
86
36
33
21
70
88
27
31
7
52
12
15
36
53
94
10
25
8
82
65
13
1
89
54
88
75
58
52
52
7
24
74
73
99
74
18
17
47
56
46
17
29
76
22
58
4
59
38
85
62
53
46
4
98
64
90
57
4
85
74
73
2
63
25
21
33
49
10
64
36
5
14
64
13
67
58
90
92
77
35
77
23
52
12
12
28
19
31
2
97
56
100
70
91
20
40
67
18
36
90
19
3
59
53
80
97
55
38
72
19
62
99
54
83
97
71
13
24
49
30
26
13
98
17
21
69
30
14
75
80
19
47
39
93
35
43
8
15
55
23
13
97
80
65
57
31
15
18
33
64
36
14
2
78
84
83
71
98
99
46
72
52
22
1
40
76
55
100
28
1
97
48
96
69
35
87
43
70
44
6
27
76
53
38
20
16
62
27
17
43
95
35
61
37
15
11
44
18
30
70
57
80
49
84
67
72
55
4
79
15
6
55
81
66
28
20
79
13
66
92
73
22
59
2
28
1
22
76
56
30
10
55
10
38
71
25
25
34
36
23
28
75
17
57
19
21
44
43
76
34
1
27
71
78
55
22
35
80
62
42
12
28
54
32
98
95
6
81
22
48
4
16
83
98
65
89
76
84
79
100
52
53
58
72
5
76
96
75
23
17
73
28
18
87
9
96
4
42
32
74
77
93
94
70
71
61
64
58
64
40
56
46
16
40
83
60
21
42
36
84
16
32
25
29
83
39
19
18
57
45
91
53
76
79
19
17
84
98
46
91
33
26
32
31
70
48
68
88
57
90
71
14
48
53
75
29
18
27
54
62
58
27
36
100
86
90
83
26
89
31
84
48
97
100
72
69
7
87
98
83
34
93
46
80
83
94
2
11
89
41
38
33
57
49
45
66
76
89
47
49
87
73
16
58
39
44
79
15
40
62
64
92
91
39
93
40
31
53
69
68
15
66
41
83
45
44
69
16
46
99
97
39
97
77
51
42
36
18
95
46
83
73
90
16
27
27
37
36
68
61
72
12
73
85
10
40
39
88
60
55
40
9
36
49
10
15
26
30
26
51
99
1
15
95
17
77
56
37
6
34
97
65
12
20
93
61
81
55
59
23
71
96
29
51
3
18
61
96
69
40
45
28
96
87
60
89
99
79
92
48
71
79
9
9
90
78
55
39
100
42
74
11
79
27
90
73
86
1
10
94
71
48
11
79
34
10
50
37
43
22
96
34
2
63
44
2
56
10
12
40
28
18
16
42
63
62
85
52
86
25
54
23
98
85
17
71
55
41
5
90
27
52
19
47
1
85
80
56
16
16
10
76
41
25
52
11
28
60
29
40
53
74
100
16
100
51
55
39
43
41
64
45
92
60
79
88
83
37
94
18
89
51
91
51
90
44
54
49
85
24
30
84
61
35
3
75
61
15
78
75
5
70
95
26
44
68
21
68
1
7
57
92
89
82
28
17
100
38
86
67
49
60
36
18
3
46
17
18
88
30
91
24
31
30
27
31
53
56
64
63
7
59
32
44
38
32
26
3
95
4
68
10
95
47
96
85
33
99
56
61
48
23
7
57
11
49
1
2
16
22
32
51
100
35
94
21
24
80
93
12
58
37
42
13
84
85
96
83
31
82
89
35
91
44
56
27
94
2
14
18
46
22
10
32
9
100
74
17
7
57
45
29
21
22
64
25
87
68
10
74
18
84
81
78
73
42
89
48
45
49
11
79
33
64
58
4
45
99
62
58
78
30
12
5
11
70
7
17
28
20
86
26
58
64
4
4
71
29
95
28
35
54
23
73
61
89
48
23
49
3
90
75
12
16
78
67
88
59
79
34
86
55
24
24
71
10
65
45
68
51
85
97
14
33
21
4
55
76
83
3
19
10
17
32
31
98
88
94
15
41
65
74
29
62
97
30
52
40
12
63
61
21
53
33
17
63
63
27
45
5
73
23
97
93
46
64
75
57
63
75
25
28
33
19
37
64
15
26
96
28
74
8
50
64
82
29
2
79
49
24
36
14
52
99
52
61
74
64
90
52
37
28
76
32
24
37
72
63
7
88
88
39
99
82
3
44
60
74
35
66
10
12
24
23
27
22
28
34
17
40
28
86
31
53
6
76
55
21
28
13
97
10
60
20
39
40
10
64
49
8
70
68
40
97
44
64
56
50
91
27
12
52
13
100
16
4
22
73
92
61
70
22
98
56
38
3
2
49
85
91
83
44
56
77
97
12
45
96
35
94
65
77
88
10
15
40
24
88
37
63
87
73
22
50
11
1
53
30
62
15
77
7
94
67
5
35
48
48
61
98
90
59
36
5
9
30
83
54
74
32
69
32
45
45
49
55
4
86
30
1
89
45
49
49
34
4
26
9
29
48
75
36
27
53
12
57
21
95
36
50
73
44
76
73
91
22
19
88
49
44
14
62
80
76
23
59
61
74
90
36
2
58
100
48
21
29
82
82
71
50
32
85
52
33
16
81
90
24
10
58
38
14
73
61
58
25
8
79
40
1
68
19
11
13
46
82
83
37
17
67
100
68
100
51
53
56
22
61
20
59
80
96
84
95
65
50
67
83
31
26
63
6
10
34
59
53
48
7
69
93
70
61
3
41
36
72
52
17
50
56
62
48
86
47
51
21
55
65
72
76
78
41
91
11
62
46
35
8
15
11
43
65
77
78
8
86
88
54
10
18
26
1
95
62
85
13
21
28
15
44
86
32
8
13
44
11
57
7
89
31
89
43
13
71
64
17
7
83
73
75
39
47
1
49
57
50
81
12
96
96
79
13
21
18
32
14
55
20
39
58
53
90
12
30
22
95
74
30
70
94
1
18
57
41
70
12
60
98
68
80
54
47
7
56
67
6
33
5
74
12
24
27
49
79
67
17
47
35
65
56
20
63
21
45
58
63
80
41
95
77
12
23
22
66
8
79
61
42
32
77
28
40
86
7
59
43
80
72
89
62
55
99
70
37
46
95
54
67
100
8
19
55
93
47
73
71
32
5
6
47
45
88
33
40
95
57
49
63
77
86
35
32
69
91
75
27
79
72
48
64
73
51
80
71
44
84
13
21
3
90
13
67
90
60
83
35
79
6
86
53
16
49
66
8
53
89
37
1
86
10
82
25
76
81
37
27
79
78
22
45
23
51
13
64
21
66
98
100
17
71
58
1
79
67
54
33
21
69
93
97
86
3
78
47
5
43
30
42
25
31
64
89
22
57
63
39
34
3
97
84
85
90
90
100
94
14
18
91
16
2
94
73
74
12
100
64
86
20
32
22
11
69
43
6
68
96
45
12
72
5
82
14
71
31
46
75
37
29
48
20
54
24
67
78
20
64
85
54
47
35
32
73
77
47
97
59
88
13
45
65
14
81
83
15
75
89
26
17
76
26
92
93
16
79
51
17
51
39
55
71
54
26
11
73
66
96
26
11
37
41
85
76
74
74
47
67
43
22
38
42
82
1
85
63
3
87
95
29
1
63
21
86
89
41
77
44
15
35
79
90
22
59
7
77
28
88
4
84
61
79
43
62
19
80
41
96
11
98
93
79
4
27
23
9
98
95
78
66
52
26
93
3
60
89
31
93
59
90
97
85
21
15
85
69
99
87
71
70
93
42
4
50
77
73
14
93
27
100
64
91
38
54
51
81
16
93
67
77
9
55
4
49
50
41
72
13
43
75
26
19
72
44
25
87
6
99
84
99
77
54
27
92
72
4
36
54
98
31
61
19
89
12
5
80
36
46
40
34
51
1
98
91
41
81
63
32
55
39
13
3
97
72
55
93
99
58
61
79
15
43
83
94
61
64
52
20
84
80
64
28
61
29
30
49
39
60
52
93
85
17
73
59
69
94
2
68
25
64
91
10
86
41
5
64
98
22
43
24
11
37
17
4
5
8
99
63
10
38
52
76
54
73
75
79
23
56
12
29
64
67
13
49
40
38
39
86
21
9
63
69
16
13
54
61
62
79
15
57
20
46
2
37
59
16
94
46
8
57
73
47
38
50
11
88
93
78
81
75
54
87
85
73
77
74
13
4
81
2
33
53
31
85
3
61
59
85
77
32
46
39
58
12
20
67
68
37
2
67
59
20
75
88
48
73
96
42
2
51
46
83
58
65
15
95
21
53
54
51
88
39
49
44
95
92
32
82
48
99
93
13
97
63
17
50
17
76
56
72
2
59
35
85
14
21
83
80
96
2
66
66
55
59
56
18
32
31
38
43
45
23
42
38
20
71
50
100
50
73
82
36
81
10
78
51
41
8
56
42
48
17
42
1
67
76
36
75
88
73
2
1
23
28
63
36
23
4
21
89
57
59
84
88
26
72
41
35
11
9
16
90
87
45
83
37
41
96
2
40
77
22
95
2
14
66
9
16
73
18
29
17
23
51
57
57
26
56
20
18
84
2
88
2
20
20
95
51
16
34
64
41
76
51
94
54
50
68
80
87
90
32
87
25
63
67
62
48
7
38
56
64
25
99
72
29
92
31
85
49
25
34
76
24
84
71
76
67
74
48
90
9
76
76
32
22
6
22
1
16
23
81
63
87
50
85
54
17
30
92
44
82
24
47
84
6
40
24
30
24
73
91
2
24
59
94
25
62
49
77
79
94
44
90
53
79
74
79
26
85
88
13
38
82
61
25
31
55
99
75
26
72
46
52
73
14
88
4
14
7
76
77
44
86
57
23
35
82
29
39
68
31
89
92
93
59
93
35
22
54
84
54
3
44
42
48
6
39
100
54
83
94
74
24
31
8
34
60
33
46
41
75
20
49
87
6
39
12
26
53
65
58
30
83
56
46
30
30
41
1
95
49
26
69
18
87
42
71
94
29
82
16
25
65
9
21
98
5
25
94
87
78
40
24
8
61
31
99
15
59
45
36
12
28
9
28
42
72
82
78
29
33
57
39
42
40
2
82
87
3
87
64
4
35
47
63
68
46
4
43
84
48
18
8
29
84
50
41
11
3
56
84
36
85
29
41
28
13
6
70
100
5
27
58
36
59
44
50
57
82
100
16
92
53
30
20
53
34
18
82
28
43
61
44
49
7
92
7
71
12
86
66
81
32
18
19
96
44
58
11
32
65
96
52
79
10
20
59
26
98
35
73
82
3
13
82
95
53
90
91
30
39
73
4
24
97
33
33
58
51
36
91
68
75
22
25
12
20
51
45
93
78
88
29
17
31
60
55
8
10
61
83
55
91
19
41
46
89
92
7
83
80
42
54
96
56
66
6
36
3
82
22
93
61
87
91
39
2
33
12
40
26
96
32
81
57
58
73
42
74
72
22
54
100
91
94
0