1591.55
0.16
1149.89
51.57
22.92
1018.59
651.90
447.07
1149.89
10.19
15.92
430.35
554.02
397.89
40.74
651.90
1204.64
1149.89
968.30
447.07
1018.59
871.53
133.85
1497.49
1317.96
499.11
1406.29
1347.09
351.57
1289.16
57.45
183.98
848.14
22.92
481.44
31.19
15.92
1149.89
1096.42
19.26
592.22
1177.11
535.40
152.95
40.74
15.92
15.92
40.74
651.90
592.22
1260.67
464.10
0.16
651.90
229.82
206.26
7.80
1466.77
1149.89
1406.29
1406.29
206.26
173.32
194.96
757.74
22.92
1406.29
217.88
1044.22
336.77
1347.09
107.59
12.89
1317.96
70.19
1559.88
267.54
757.74
229.82
366.69
592.22
1260.67
895.25
430.35
651.90
968.30
254.65
22.92
206.26
336.77
22.92
1.43
116.02
229.82
1044.22
651.90
217.88
592.22
464.10
1466.77
825.06
943.63
70.19
31.19
91.67
1591.55
672.43
1177.11
229.82
1497.49
35.81
1204.64
57.45
322.29
1406.29
554.02
124.78
229.82
871.53
517.09
1044.22
848.14
77.03
848.14
572.96
162.97
308.12
1018.59
535.40
895.25
1044.22
1406.29
1376.53
0.64
1096.42
572.96
63.66
968.30
133.85
1149.89
757.74
672.43
107.59
943.63
993.29
133.85
1260.67
481.44
535.40
871.53
535.40
1436.37
871.53
779.86
51.57
735.93
517.09
1528.52
1123.00
3.98
382.13
77.03
1497.49
1591.55
143.24
7.80
1406.29
1347.09
1070.16
672.43
1591.55
322.29
1044.22
1289.16
322.29
84.19
280.75
0.16
162.97
15.92
31.19
1466.77
107.59
1497.49
447.07
413.96
1347.09
1436.37
1204.64
993.29
22.92
229.82
919.28
22.92
848.14
194.96
267.54
46.00
308.12
280.75
194.96
10.19
84.19
294.28
99.47
116.02
206.26
430.35
229.82
464.10
382.13
1406.29
382.13
1497.49
1528.52
0.64
554.02
481.44
611.79
481.44
229.82
15.92
162.97
1466.77
1528.52
3.98
91.67
336.77
919.28
19.26
19.26
173.32
26.90
0.64
572.96
280.75
294.28
99.47
77.03
397.89
217.88
554.02
572.96
651.90
693.28
1466.77
133.85
124.78
152.95
46.00
430.35
229.82
499.11
162.97
1497.49
871.53
1123.00
672.43
1406.29
1044.22
943.63
825.06
382.13
242.07
308.12
1528.52
116.02
3.98
1347.09
1317.96
31.19
1123.00
1317.96
413.96
848.14
447.07
194.96
1177.11
19.26
1177.11
84.19
871.53
124.78
5.73
46.00
99.47
31.19
693.28
35.81
70.19
430.35
294.28
322.29
229.82
1204.64
382.13
1149.89
1260.67
77.03
871.53
217.88
5.73
2.55
382.13
611.79
280.75
968.30
1.43
1149.89
1528.52
1096.42
430.35
84.19
57.45
572.96
382.13
0.64
631.69
0.64
57.45
919.28
322.29
280.75
757.74
382.13
1436.37
217.88
308.12
107.59
554.02
162.97
35.81
351.57
499.11
1347.09
447.07
943.63
1260.67
554.02
206.26
779.86
464.10
735.93
15.92
993.29
280.75
535.40
1406.29
825.06
535.40
481.44
1204.64
162.97
124.78
447.07
1232.50
0.16
1123.00
124.78
1204.64
993.29
31.19
254.65
133.85
447.07
173.32
943.63
895.25
267.54
825.06
229.82
143.24
499.11
554.02
0.16
206.26
1466.77
499.11
351.57
294.28
308.12
1591.55
919.28
40.74
3.98
1018.59
7.80
693.28
871.53
499.11
1096.42
173.32
46.00
162.97
194.96
895.25
672.43
294.28
206.26
430.35
308.12
3.98
242.07
366.69
10.19
15.92
107.59
35.81
143.24
46.00
40.74
413.96
15.92
993.29
1376.53
267.54
592.22
1317.96
1466.77
1406.29
280.75
499.11
481.44
382.13
651.90
336.77
1317.96
7.80
611.79
183.98
162.97
535.40
848.14
366.69
802.30
336.77
1070.16
152.95
217.88
31.19
336.77
2.55
1528.52
968.30
693.28
77.03
848.14
382.13
430.35
0.16
51.57
1406.29
229.82
3.98
895.25
1177.11
611.79
1317.96
651.90
968.30
26.90
993.29
611.79
143.24
12.89
322.29
351.57
152.95
1204.64
447.07
1096.42
22.92
1406.29
735.93
919.28
1204.64
294.28
57.45
254.65
183.98
481.44
735.93
871.53
631.69
7.80
322.29
133.85
1289.16
1232.50
254.65
1591.55
77.03
943.63
5.73
1149.89
1.43
5.73
280.75
31.19
308.12
1591.55
294.28
1070.16
1070.16
611.79
447.07
46.00
968.30
280.75
194.96
1.43
15.92
366.69
152.95
735.93
397.89
802.30
943.63
22.92
1204.64
173.32
464.10
63.66
294.28
1497.49
592.22
217.88
2.55
1260.67
40.74
430.35
5.73
336.77
107.59
1177.11
294.28
1204.64
99.47
152.95
714.45
1260.67
40.74
0.16
1347.09
779.86
10.19
77.03
651.90
19.26
46.00
206.26
2.55
714.45
1376.53
1260.67
1096.42
194.96
143.24
46.00
194.96
1232.50
1376.53
206.26
382.13
336.77
517.09
22.92
280.75
397.89
162.97
280.75
2.55
1436.37
1260.67
1204.64
919.28
397.89
413.96
993.29
229.82
1289.16
51.57
1289.16
70.19
2.55
1436.37
351.57
413.96
15.92
631.69
280.75
802.30
848.14
229.82
173.32
322.29
825.06
919.28
757.74
1260.67
254.65
322.29
1096.42
1528.52
22.92
895.25
99.47
366.69
382.13
217.88
351.57
51.57
535.40
366.69
267.54
968.30
1559.88
336.77
46.00
57.45
366.69
133.85
91.67
1347.09
91.67
10.19
77.03
77.03
152.95
2.55
757.74
592.22
1177.11
91.67
183.98
152.95
280.75
554.02
99.47
651.90
173.32
825.06
1347.09
133.85
848.14
517.09
1177.11
0.64
254.65
19.26
871.53
382.13
7.80
714.45
413.96
714.45
242.07
40.74
70.19
116.02
280.75
63.66
173.32
173.32
173.32
735.93
481.44
651.90
217.88
162.97
802.30
919.28
1044.22
871.53
91.67
336.77
968.30
757.74
46.00
1123.00
99.47
267.54
5.73
194.96
124.78
1317.96
672.43
968.30
693.28
366.69
26.90
267.54
1232.50
693.28
10.19
592.22
15.92
802.30
206.26
5.73
871.53
1347.09
572.96
26.90
267.54
0.16
173.32
1347.09
430.35
397.89
77.03
183.98
206.26
1376.53
397.89
12.89
267.54
1559.88
1018.59
10.19
430.35
611.79
631.69
254.65
133.85
919.28
254.65
1528.52
336.77
1018.59
1232.50
1497.49
651.90
1204.64
757.74
162.97
22.92
993.29
267.54
1260.67
1289.16
1406.29
1376.53
1591.55
848.14
124.78
1289.16
308.12
0.64
1559.88
173.32
31.19
1.43
919.28
280.75
336.77
802.30
124.78
1149.89
895.25
1123.00
1497.49
51.57
0.16
1347.09
1204.64
464.10
308.12
5.73
1466.77
116.02
919.28
12.89
173.32
77.03
10.19
1260.67
1528.52
19.26
254.65
757.74
592.22
1096.42
206.26
1376.53
152.95
19.26
0.64
84.19
968.30
1436.37
1018.59
143.24
1204.64
1070.16
1204.64
91.67
57.45
57.45
1466.77
535.40
10.19
1.43
1436.37
35.81
993.29
895.25
1317.96
1497.49
84.19
554.02
2.55
611.79
757.74
1044.22
848.14
107.59
672.43
895.25
1289.16
3.98
554.02
1591.55
51.57
2.55
802.30
919.28
173.32
895.25
1466.77
1528.52
430.35
194.96
1317.96
481.44
194.96
572.96
757.74
1436.37
1260.67
31.19
1559.88
1.43
871.53
173.32
397.89
124.78
430.35
993.29
84.19
162.97
322.29
1317.96
447.07
1466.77
611.79
802.30
382.13
322.29
535.40
1070.16
2.55
693.28
1177.11
1436.37
1123.00
895.25
554.02
10.19
1528.52
173.32
51.57
70.19
382.13
1317.96
554.02
40.74
895.25
631.69
631.69
12.89
1289.16
26.90
229.82
779.86
116.02
22.92
1260.67
1347.09
535.40
206.26
5.73
447.07
46.00
651.90
1177.11
2.55
1018.59
152.95
99.47
254.65
848.14
430.35
12.89
107.59
825.06
107.59
871.53
116.02
10.19
254.65
3.98
35.81
943.63
535.40
116.02
2.55
12.89
1406.29
143.24
217.88
152.95
63.66
280.75
143.24
1591.55
611.79
116.02
499.11
0.16
280.75
116.02
993.29
757.74
1376.53
1204.64
968.30
0.16
351.57
0.64
611.79
173.32
1044.22
825.06
183.98
631.69
366.69
254.65
413.96
382.13
779.86
611.79
919.28
413.96
51.57
464.10
1436.37
554.02
447.07
1497.49
77.03
1559.88
430.35
1497.49
1528.52
217.88
397.89
968.30
10.19
19.26
63.66
107.59
124.78
592.22
1232.50
254.65
3.98
1232.50
714.45
714.45
397.89
124.78
631.69
1376.53
1347.09
895.25
895.25
107.59
173.32
26.90
1376.53
173.32
1466.77
968.30
1204.64
116.02
173.32
3.98
267.54
77.03
572.96
1260.67
464.10
1317.96
1044.22
19.26
51.57
194.96
1317.96
919.28
99.47
308.12
2.55
1.43
1317.96
2.55
1232.50
5.73
672.43
802.30
162.97
46.00
535.40
714.45
51.57
3.98
229.82
217.88
57.45
1149.89
1436.37
206.26
430.35
267.54
133.85
91.67
5.73
943.63
1123.00
152.95
481.44
26.90
1232.50
152.95
124.78
382.13
0.16
242.07
1.43
397.89
572.96
1260.67
173.32
217.88
779.86
1376.53
1591.55
173.32
672.43
1376.53
0.16
280.75
107.59
464.10
116.02
15.92
554.02
0.64
1347.09
51.57
84.19
651.90
1347.09
1260.67
84.19
91.67
294.28
280.75
1096.42
336.77
7.80
672.43
19.26
1406.29
107.59
46.00
254.65
70.19
15.92
1497.49
3.98
51.57
1559.88
133.85
1497.49
84.19
895.25
26.90
735.93
40.74
322.29
1204.64
19.26
1149.89
651.90
1466.77
757.74
0.16
517.09
3.98
1.43
15.92
1204.64
77.03
1123.00
1070.16
336.77
871.53
825.06
1466.77
2.55
1018.59
229.82
757.74
7.80
51.57
1204.64
943.63
447.07
267.54
1232.50
464.10
1123.00
1289.16
1232.50
63.66
1232.50
848.14
631.69
802.30
1436.37
19.26
22.92
22.92
77.03
943.63
351.57
1.43
3.98
572.96
322.29
895.25
35.81
714.45
99.47
254.65
1347.09
1070.16
294.28
77.03
40.74
217.88
133.85
517.09
1018.59
280.75
35.81
217.88
133.85
464.10
1406.29
1559.88
217.88
1070.16
99.47
194.96
1317.96
871.53
40.74
254.65
447.07
1376.53
1177.11
3.98
631.69
413.96
1177.11
294.28
91.67
1347.09
336.77
1436.37
19.26
871.53
611.79
1096.42
895.25
351.57
143.24
15.92
308.12
735.93
183.98
1528.52
535.40
70.19
919.28
7.80
116.02
1406.29
1204.64
735.93
51.57
77.03
107.59
802.30
895.25
308.12
308.12
63.66
229.82
308.12
7.80
35.81
229.82
464.10
84.19
206.26
1559.88
162.97
267.54
31.19
267.54
1.43
133.85
10.19
714.45
1376.53
254.65
779.86
611.79
124.78
124.78
672.43
336.77
1436.37
430.35
12.89
99.47
1177.11
31.19
1497.49
554.02
194.96
499.11
735.93
802.30
572.96
1232.50
1559.88
107.59
1591.55
2.55
152.95
3.98
1591.55
12.89
3.98
229.82
57.45
70.19
919.28
31.19
26.90
5.73
267.54
447.07
12.89
631.69
825.06
1096.42
308.12
631.69
1317.96
91.67
1466.77
1347.09
162.97
968.30
3.98
124.78
1260.67
2.55
22.92
919.28
968.30
1260.67
943.63
22.92
107.59
206.26
1044.22
15.92
229.82
351.57
1436.37
152.95
12.89
1528.52
84.19
1347.09
0.64
217.88
1149.89
919.28
194.96
31.19
1.43
0.16
366.69
1204.64
26.90
229.82
1406.29
943.63
267.54
116.02
2.55
63.66
133.85
3.98
968.30
31.19
430.35
1177.11
1289.16
802.30
1044.22
2.55
152.95
162.97
351.57
481.44
0.64
631.69
693.28
802.30
611.79
430.35
173.32
12.89
1044.22
1177.11
481.44
735.93
280.75
51.57
1528.52
294.28
447.07
517.09
631.69
1018.59
993.29
397.89
308.12
1317.96
1.43
57.45
735.93
464.10
1123.00
895.25
12.89
1096.42
1260.67
1044.22
63.66
162.97
1123.00
413.96
15.92
229.82
15.92
308.12
1123.00
919.28
0.16
535.40
308.12
1.43
535.40
267.54
217.88
206.26
99.47
294.28
1289.16
1591.55
1044.22
229.82
336.77
294.28
40.74
1044.22
943.63
26.90
15.92
1591.55
672.43
322.29
10.19
413.96
77.03
1406.29
943.63
611.79
871.53
173.32
1497.49
1070.16
0.16
99.47
871.53
1376.53
499.11
693.28
413.96
397.89
1070.16
413.96
1018.59
206.26
5.73
294.28
1347.09
631.69
1177.11
206.26
173.32
70.19
779.86
1232.50
116.02
152.95
7.80
430.35
22.92
35.81
206.26
447.07
1406.29
15.92
99.47
10.19
1070.16
672.43
26.90
0.16
1260.67
464.10
1232.50
895.25
535.40
430.35
430.35
7.80
91.67
871.53
848.14
1559.88
871.53
51.57
46.00
351.57
499.11
336.77
46.00
133.85
919.28
77.03
535.40
2.55
554.02
229.82
1149.89
611.79
447.07
336.77
2.55
1528.52
651.90
1289.16
517.09
2.55
1149.89
871.53
848.14
0.64
631.69
99.47
70.19
173.32
382.13
15.92
651.90
206.26
3.98
31.19
651.90
26.90
714.45
535.40
1289.16
1347.09
943.63
194.96
943.63
84.19
430.35
22.92
22.92
124.78
57.45
152.95
0.64
1497.49
499.11
1591.55
779.86
1317.96
63.66
254.65
714.45
51.57
206.26
1289.16
57.45
1.43
554.02
447.07
1018.59
1497.49
481.44
229.82
825.06
57.45
611.79
1559.88
464.10
1096.42
1497.49
802.30
26.90
91.67
382.13
143.24
107.59
26.90
1528.52
46.00
70.19
757.74
143.24
31.19
895.25
1018.59
57.45
351.57
242.07
1376.53
194.96
294.28
10.19
35.81
481.44
84.19
26.90
1497.49
1018.59
672.43
517.09
152.95
35.81
51.57
173.32
651.90
206.26
31.19
0.64
968.30
1123.00
1096.42
802.30
1528.52
1559.88
336.77
825.06
430.35
77.03
0.16
254.65
919.28
481.44
1591.55
124.78
0.16
1497.49
366.69
1466.77
757.74
194.96
1204.64
294.28
779.86
308.12
5.73
116.02
919.28
447.07
229.82
63.66
40.74
611.79
116.02
46.00
294.28
1436.37
194.96
592.22
217.88
35.81
19.26
308.12
51.57
143.24
779.86
517.09
1018.59
382.13
1123.00
714.45
825.06
481.44
2.55
993.29
35.81
5.73
481.44
1044.22
693.28
124.78
63.66
993.29
26.90
693.28
1347.09
848.14
77.03
554.02
0.64
124.78
0.16
77.03
919.28
499.11
143.24
15.92
481.44
15.92
229.82
802.30
99.47
99.47
183.98
206.26
84.19
124.78
895.25
46.00
517.09
57.45
70.19
308.12
294.28
919.28
183.98
0.16
116.02
802.30
968.30
481.44
77.03
194.96
1018.59
611.79
280.75
22.92
124.78
464.10
162.97
1528.52
1436.37
5.73
1044.22
77.03
366.69
2.55
40.74
1096.42
1528.52
672.43
1260.67
919.28
1123.00
993.29
1591.55
430.35
447.07
535.40
825.06
3.98
919.28
1466.77
895.25
84.19
46.00
848.14
124.78
51.57
1204.64
12.89
1466.77
2.55
280.75
162.97
871.53
943.63
1376.53
1406.29
779.86
802.30
592.22
651.90
535.40
651.90
254.65
499.11
336.77
40.74
254.65
1096.42
572.96
70.19
280.75
206.26
1123.00
40.74
162.97
99.47
133.85
1096.42
242.07
57.45
51.57
517.09
322.29
1317.96
447.07
919.28
993.29
57.45
46.00
1123.00
1528.52
336.77
1317.96
173.32
107.59
162.97
152.95
779.86
366.69
735.93
1232.50
517.09
1289.16
802.30
31.19
366.69
447.07
895.25
133.85
51.57
116.02
464.10
611.79
535.40
116.02
206.26
1591.55
1177.11
1289.16
1096.42
107.59
1260.67
152.95
1123.00
366.69
1497.49
1591.55
825.06
757.74
7.80
1204.64
1528.52
1096.42
183.98
1376.53
336.77
1018.59
1096.42
1406.29
0.64
19.26
1260.67
267.54
229.82
173.32
517.09
382.13
322.29
693.28
919.28
1260.67
351.57
382.13
1204.64
848.14
40.74
535.40
242.07
308.12
993.29
35.81
254.65
611.79
651.90
1347.09
1317.96
242.07
1376.53
254.65
152.95
447.07
757.74
735.93
35.81
693.28
267.54
1096.42
322.29
308.12
757.74
40.74
336.77
1559.88
1497.49
242.07
1497.49
943.63
413.96
280.75
206.26
51.57
1436.37
336.77
1096.42
848.14
1289.16
40.74
116.02
116.02
217.88
206.26
735.93
592.22
825.06
22.92
848.14
1149.89
15.92
254.65
242.07
1232.50
572.96
481.44
254.65
12.89
206.26
382.13
15.92
35.81
107.59
143.24
107.59
413.96
1559.88
0.16
35.81
1436.37
46.00
943.63
499.11
217.88
5.73
183.98
1497.49
672.43
22.92
63.66
1376.53
592.22
1044.22
481.44
554.02
84.19
802.30
1466.77
133.85
413.96
1.43
51.57
592.22
1466.77
757.74
254.65
322.29
124.78
1466.77
1204.64
572.96
1260.67
1559.88
993.29
1347.09
366.69
802.30
993.29
12.89
12.89
1289.16
968.30
481.44
242.07
1591.55
280.75
871.53
19.26
993.29
116.02
1289.16
848.14
1177.11
0.16
15.92
1406.29
802.30
366.69
19.26
993.29
183.98
15.92
397.89
217.88
294.28
77.03
1466.77
183.98
0.64
631.69
308.12
0.64
499.11
15.92
22.92
254.65
124.78
51.57
40.74
280.75
631.69
611.79
1149.89
430.35
1177.11
99.47
464.10
84.19
1528.52
1149.89
46.00
802.30
481.44
267.54
3.98
1289.16
116.02
430.35
57.45
351.57
0.16
1149.89
1018.59
499.11
40.74
40.74
15.92
919.28
267.54
99.47
430.35
19.26
124.78
572.96
133.85
254.65
447.07
871.53
1591.55
40.74
1591.55
413.96
481.44
242.07
294.28
267.54
651.90
322.29
1347.09
572.96
993.29
1232.50
1096.42
217.88
1406.29
51.57
1260.67
413.96
1317.96
413.96
1289.16
308.12
464.10
382.13
1149.89
91.67
143.24
1123.00
592.22
194.96
1.43
895.25
592.22
35.81
968.30
895.25
3.98
779.86
1436.37
107.59
308.12
735.93
70.19
735.93
0.16
7.80
517.09
1347.09
1260.67
1070.16
124.78
46.00
1591.55
229.82
1177.11
714.45
382.13
572.96
206.26
51.57
1.43
336.77
46.00
51.57
1232.50
143.24
1317.96
91.67
152.95
143.24
116.02
152.95
447.07
499.11
651.90
631.69
7.80
554.02
162.97
308.12
229.82
162.97
107.59
1.43
1436.37
2.55
735.93
15.92
1436.37
351.57
1466.77
1149.89
173.32
1559.88
499.11
592.22
366.69
84.19
7.80
517.09
19.26
382.13
0.16
0.64
40.74
77.03
162.97
413.96
1591.55
194.96
1406.29
70.19
91.67
1018.59
1376.53
22.92
535.40
217.88
280.75
26.90
1123.00
1149.89
1466.77
1096.42
152.95
1070.16
1260.67
194.96
1317.96
308.12
499.11
116.02
1406.29
0.64
31.19
51.57
336.77
77.03
15.92
162.97
12.89
1591.55
871.53
46.00
7.80
517.09
322.29
133.85
70.19
77.03
651.90
99.47
1204.64
735.93
15.92
871.53
51.57
1123.00
1044.22
968.30
848.14
280.75
1260.67
366.69
322.29
382.13
19.26
993.29
173.32
651.90
535.40
2.55
322.29
1559.88
611.79
535.40
968.30
143.24
22.92
3.98
19.26
779.86
7.80
46.00
124.78
63.66
1177.11
107.59
535.40
651.90
2.55
2.55
802.30
133.85
1436.37
124.78
194.96
464.10
84.19
848.14
592.22
1260.67
366.69
84.19
382.13
1.43
1289.16
895.25
22.92
40.74
968.30
714.45
1232.50
554.02
993.29
183.98
1177.11
481.44
91.67
91.67
802.30
15.92
672.43
322.29
735.93
413.96
1149.89
1497.49
31.19
173.32
70.19
2.55
481.44
919.28
1096.42
1.43
57.45
15.92
46.00
162.97
152.95
1528.52
1232.50
1406.29
35.81
267.54
672.43
871.53
133.85
611.79
1497.49
143.24
430.35
254.65
22.92
631.69
592.22
70.19
447.07
173.32
46.00
631.69
631.69
116.02
322.29
3.98
848.14
84.19
1497.49
1376.53
336.77
651.90
895.25
517.09
631.69
895.25
99.47
124.78
173.32
57.45
217.88
651.90
35.81
107.59
1466.77
124.78
871.53
10.19
397.89
651.90
1070.16
133.85
0.64
993.29
382.13
91.67
206.26
31.19
430.35
1559.88
430.35
592.22
871.53
651.90
1289.16
430.35
217.88
124.78
919.28
162.97
91.67
217.88
825.06
631.69
7.80
1232.50
1232.50
242.07
1559.88
1070.16
1.43
308.12
572.96
871.53
194.96
693.28
15.92
22.92
91.67
84.19
116.02
77.03
124.78
183.98
46.00
254.65
124.78
1177.11
152.95
447.07
5.73
919.28
481.44
70.19
124.78
26.90
1497.49
15.92
572.96
63.66
242.07
254.65
15.92
651.90
382.13
10.19
779.86
735.93
254.65
1497.49
308.12
651.90
499.11
397.89
1317.96
116.02
22.92
430.35
26.90
1591.55
40.74
2.55
77.03
848.14
1347.09
592.22
779.86
77.03
1528.52
499.11
229.82
1.43
0.64
382.13
1149.89
1317.96
1096.42
308.12
499.11
943.63
1497.49
22.92
322.29
1466.77
194.96
1406.29
672.43
943.63
1232.50
15.92
35.81
254.65
91.67
1232.50
217.88
631.69
1204.64
848.14
77.03
397.89
19.26
0.16
447.07
143.24
611.79
35.81
943.63
7.80
1406.29
714.45
3.98
194.96
366.69
366.69
592.22
1528.52
1289.16
554.02
206.26
3.98
12.89
143.24
1096.42
464.10
871.53
162.97
757.74
162.97
322.29
322.29
382.13
481.44
2.55
1177.11
143.24
0.16
1260.67
322.29
382.13
382.13
183.98
2.55
107.59
12.89
133.85
366.69
895.25
206.26
116.02
447.07
22.92
517.09
70.19
1436.37
206.26
397.89
848.14
308.12
919.28
848.14
1317.96
77.03
57.45
1232.50
382.13
308.12
31.19
611.79
1018.59
919.28
84.19
554.02
592.22
871.53
1289.16
206.26
0.64
535.40
1591.55
366.69
70.19
133.85
1070.16
1070.16
802.30
397.89
162.97
1149.89
430.35
173.32
40.74
1044.22
1289.16
91.67
15.92
535.40
229.82
31.19
848.14
592.22
535.40
99.47
10.19
993.29
254.65
0.16
735.93
57.45
19.26
26.90
336.77
1070.16
1096.42
217.88
46.00
714.45
1591.55
735.93
1591.55
413.96
447.07
499.11
77.03
592.22
63.66
554.02
1018.59
1466.77
1123.00
1436.37
672.43
397.89
714.45
1096.42
152.95
107.59
631.69
5.73
15.92
183.98
554.02
447.07
366.69
7.80
757.74
1376.53
779.86
592.22
1.43
267.54
206.26
825.06
430.35
46.00
397.89
499.11
611.79
366.69
1177.11
351.57
413.96
70.19
481.44
672.43
825.06
919.28
968.30
267.54
1317.96
19.26
611.79
336.77
194.96
10.19
35.81
19.26
294.28
672.43
943.63
968.30
10.19
1177.11
1232.50
464.10
15.92
51.57
107.59
0.16
1436.37
611.79
1149.89
26.90
70.19
124.78
35.81
308.12
1177.11
162.97
10.19
26.90
308.12
19.26
517.09
7.80
1260.67
152.95
1260.67
294.28
26.90
802.30
651.90
46.00
7.80
1096.42
848.14
895.25
242.07
351.57
0.16
382.13
517.09
397.89
1044.22
22.92
1466.77
1466.77
993.29
26.90
70.19
51.57
162.97
31.19
481.44
63.66
242.07
535.40
447.07
1289.16
22.92
143.24
77.03
1436.37
871.53
143.24
779.86
1406.29
0.16
51.57
517.09
267.54
779.86
22.92
572.96
1528.52
735.93
1018.59
464.10
351.57
7.80
499.11
714.45
5.73
173.32
3.98
871.53
22.92
91.67
116.02
382.13
993.29
714.45
46.00
351.57
194.96
672.43
499.11
63.66
631.69
70.19
322.29
535.40
631.69
1018.59
267.54
1436.37
943.63
22.92
84.19
77.03
693.28
10.19
993.29
592.22
280.75
162.97
943.63
124.78
254.65
1177.11
7.80
554.02
294.28
1018.59
825.06
1260.67
611.79
481.44
1559.88
779.86
217.88
336.77
1436.37
464.10
714.45
1591.55
10.19
57.45
481.44
1376.53
351.57
848.14
802.30
162.97
3.98
5.73
351.57
322.29
1232.50
173.32
254.65
1436.37
517.09
382.13
631.69
943.63
1177.11
194.96
162.97
757.74
1317.96
895.25
116.02
993.29
825.06
366.69
651.90
848.14
413.96
1018.59
802.30
308.12
1123.00
26.90
70.19
1.43
1289.16
26.90
714.45
1289.16
572.96
1096.42
194.96
993.29
5.73
1177.11
447.07
40.74
382.13
693.28
10.19
447.07
1260.67
217.88
0.16
1177.11
15.92
1070.16
99.47
919.28
1044.22
217.88
116.02
993.29
968.30
77.03
322.29
84.19
413.96
26.90
651.90
70.19
693.28
1528.52
1591.55
46.00
802.30
535.40
0.16
993.29
714.45
464.10
173.32
70.19
757.74
1376.53
1497.49
1177.11
1.43
968.30
351.57
3.98
294.28
143.24
280.75
99.47
152.95
651.90
1260.67
77.03
517.09
631.69
242.07
183.98
1.43
1497.49
1123.00
1149.89
1289.16
1289.16
1591.55
1406.29
31.19
51.57
1317.96
40.74
0.64
1406.29
848.14
871.53
22.92
1591.55
651.90
1177.11
63.66
162.97
77.03
19.26
757.74
294.28
5.73
735.93
1466.77
322.29
22.92
825.06
3.98
1070.16
31.19
802.30
152.95
336.77
895.25
217.88
133.85
366.69
63.66
464.10
91.67
714.45
968.30
63.66
651.90
1149.89
464.10
351.57
194.96
162.97
848.14
943.63
351.57
1497.49
554.02
1232.50
26.90
322.29
672.43
31.19
1044.22
1096.42
35.81
895.25
1260.67
107.59
46.00
919.28
107.59
1347.09
1376.53
40.74
993.29
413.96
46.00
413.96
242.07
481.44
802.30
464.10
107.59
19.26
848.14
693.28
1466.77
107.59
19.26
217.88
267.54
1149.89
919.28
871.53
871.53
351.57
714.45
294.28
77.03
229.82
280.75
1070.16
0.16
1149.89
631.69
1.43
1204.64
1436.37
133.85
0.16
631.69
70.19
1177.11
1260.67
267.54
943.63
308.12
35.81
194.96
993.29
1289.16
77.03
554.02
7.80
943.63
124.78
1232.50
2.55
1123.00
592.22
993.29
294.28
611.79
57.45
1018.59
267.54
1466.77
19.26
1528.52
1376.53
993.29
2.55
116.02
84.19
12.89
1528.52
1436.37
968.30
693.28
430.35
107.59
1376.53
1.43
572.96
1260.67
152.95
1376.53
554.02
1289.16
1497.49
1149.89
70.19
35.81
1149.89
757.74
1559.88
1204.64
802.30
779.86
1376.53
280.75
2.55
397.89
943.63
848.14
31.19
1376.53
116.02
1591.55
651.90
1317.96
229.82
464.10
413.96
1044.22
40.74
1376.53
714.45
943.63
12.89
481.44
2.55
382.13
397.89
267.54
825.06
26.90
294.28
895.25
107.59
57.45
825.06
308.12
99.47
1204.64
5.73
1559.88
1123.00
1559.88
943.63
464.10
116.02
1347.09
825.06
2.55
206.26
464.10
1528.52
152.95
592.22
57.45
1260.67
22.92
3.98
1018.59
206.26
336.77
254.65
183.98
413.96
0.16
1528.52
1317.96
267.54
1044.22
631.69
162.97
481.44
242.07
26.90
1.43
1497.49
825.06
481.44
1376.53
1559.88
535.40
592.22
993.29
35.81
294.28
1096.42
1406.29
592.22
651.90
430.35
63.66
1123.00
1018.59
651.90
124.78
592.22
133.85
143.24
382.13
242.07
572.96
430.35
1376.53
1149.89
46.00
848.14
554.02
757.74
1406.29
0.64
735.93
99.47
651.90
1317.96
15.92
1177.11
267.54
3.98
651.90
1528.52
77.03
294.28
91.67
19.26
217.88
46.00
2.55
3.98
10.19
1559.88
631.69
15.92
229.82
430.35
919.28
464.10
848.14
895.25
993.29
84.19
499.11
22.92
133.85
651.90
714.45
26.90
382.13
254.65
229.82
242.07
1177.11
70.19
12.89
631.69
757.74
40.74
26.90
464.10
592.22
611.79
993.29
35.81
517.09
63.66
336.77
0.64
217.88
554.02
40.74
1406.29
336.77
10.19
517.09
848.14
351.57
229.82
397.89
19.26
1232.50
1376.53
968.30
1044.22
895.25
464.10
1204.64
1149.89
848.14
943.63
871.53
26.90
2.55
1044.22
0.64
173.32
447.07
152.95
1149.89
1.43
592.22
554.02
1149.89
943.63
162.97
336.77
242.07
535.40
22.92
63.66
714.45
735.93
217.88
0.64
714.45
554.02
63.66
895.25
1232.50
366.69
848.14
1466.77
280.75
0.64
413.96
336.77
1096.42
535.40
672.43
35.81
1436.37
70.19
447.07
464.10
413.96
1232.50
242.07
382.13
308.12
1436.37
1347.09
162.97
1070.16
366.69
1559.88
1376.53
26.90
1497.49
631.69
46.00
397.89
46.00
919.28
499.11
825.06
0.64
554.02
194.96
1149.89
31.19
70.19
1096.42
1018.59
1466.77
0.64
693.28
693.28
481.44
554.02
499.11
51.57
162.97
152.95
229.82
294.28
322.29
84.19
280.75
229.82
63.66
802.30
397.89
1591.55
397.89
848.14
1070.16
206.26
1044.22
15.92
968.30
413.96
267.54
10.19
499.11
280.75
366.69
46.00
280.75
0.16
714.45
919.28
206.26
895.25
1232.50
848.14
0.64
0.16
84.19
124.78
631.69
206.26
84.19
2.55
70.19
1260.67
517.09
554.02
1123.00
1232.50
107.59
825.06
267.54
194.96
19.26
12.89
40.74
1289.16
1204.64
322.29
1096.42
217.88
267.54
1466.77
0.64
254.65
943.63
77.03
1436.37
0.64
31.19
693.28
12.89
40.74
848.14
51.57
133.85
46.00
84.19
413.96
517.09
517.09
107.59
499.11
63.66
51.57
1123.00
0.64
1232.50
0.64
63.66
63.66
1436.37
413.96
40.74
183.98
651.90
267.54
919.28
413.96
1406.29
464.10
397.89
735.93
1018.59
1204.64
1289.16
162.97
1204.64
99.47
631.69
714.45
611.79
366.69
7.80
229.82
499.11
651.90
99.47
1559.88
825.06
133.85
1347.09
152.95
1149.89
382.13
99.47
183.98
919.28
91.67
1123.00
802.30
919.28
714.45
871.53
366.69
1289.16
12.89
919.28
919.28
162.97
77.03
5.73
77.03
0.16
40.74
84.19
1044.22
631.69
1204.64
397.89
1149.89
464.10
46.00
143.24
1347.09
308.12
1070.16
91.67
351.57
1123.00
5.73
254.65
91.67
143.24
91.67
848.14
1317.96
0.64
91.67
554.02
1406.29
99.47
611.79
382.13
943.63
993.29
1406.29
308.12
1289.16
447.07
993.29
871.53
993.29
107.59
1149.89
1232.50
26.90
229.82
1070.16
592.22
99.47
152.95
481.44
1559.88
895.25
107.59
825.06
336.77
430.35
848.14
31.19
1232.50
2.55
31.19
7.80
919.28
943.63
308.12
1177.11
517.09
84.19
194.96
1070.16
133.85
242.07
735.93
152.95
1260.67
1347.09
1376.53
554.02
1376.53
194.96
77.03
464.10
1123.00
464.10
1.43
308.12
280.75
366.69
5.73
242.07
1591.55
464.10
1096.42
1406.29
871.53
91.67
152.95
10.19
183.98
572.96
173.32
336.77
267.54
895.25
63.66
382.13
1204.64
5.73
242.07
22.92
107.59
447.07
672.43
535.40
143.24
1096.42
499.11
336.77
143.24
143.24
267.54
0.16
1436.37
382.13
107.59
757.74
51.57
1204.64
280.75
802.30
1406.29
133.85
1070.16
40.74
99.47
672.43
12.89
70.19
1528.52
3.98
99.47
1406.29
1204.64
968.30
254.65
91.67
10.19
592.22
152.95
1559.88
35.81
554.02
322.29
206.26
22.92
124.78
12.89
124.78
280.75
825.06
1070.16
968.30
133.85
173.32
517.09
242.07
280.75
254.65
0.64
1070.16
1204.64
1.43
1204.64
651.90
2.55
194.96
351.57
631.69
735.93
336.77
2.55
294.28
1123.00
366.69
51.57
10.19
133.85
1123.00
397.89
267.54
19.26
1.43
499.11
1123.00
206.26
1149.89
133.85
267.54
124.78
26.90
5.73
779.86
1591.55
3.98
116.02
535.40
206.26
554.02
308.12
397.89
517.09
1070.16
1591.55
40.74
1347.09
447.07
143.24
63.66
447.07
183.98
51.57
1070.16
124.78
294.28
592.22
308.12
382.13
7.80
1347.09
7.80
802.30
22.92
1177.11
693.28
1044.22
162.97
51.57
57.45
1466.77
308.12
535.40
19.26
162.97
672.43
1466.77
430.35
993.29
15.92
63.66
554.02
107.59
1528.52
194.96
848.14
1070.16
1.43
26.90
1070.16
1436.37
447.07
1289.16
1317.96
143.24
242.07
848.14
2.55
91.67
1497.49
173.32
173.32
535.40
413.96
206.26
1317.96
735.93
895.25
77.03
99.47
22.92
63.66
413.96
322.29
1376.53
968.30
1232.50
133.85
46.00
152.95
572.96
481.44
10.19
15.92
592.22
1096.42
481.44
1317.96
57.45
267.54
336.77
1260.67
1347.09
7.80
1096.42
1018.59
280.75
464.10
1466.77
499.11
693.28
5.73
206.26
1.43
1070.16
77.03
1376.53
592.22
1204.64
1317.96
242.07
0.64
173.32
22.92
254.65
107.59
1466.77
162.97
1044.22
517.09
535.40
848.14
280.75
871.53
825.06
77.03
464.10
1591.55
1317.96
1406.29
