100

9 8 9
8591 318 6901 9119 3453 3829 5229 454 9636
6465 3818 7097 107 5353 6936 2145 256
5878 9235 8339 105 2852 6164 53 9433 7938
10
2430262 13221780
1707412 6321172
64717543 2032128
11667785 6035958
973830 44638667
1214124 2414848
1214124 113685
35196656 1889127
23599440 43633414
16504065 25624800

8 8 1
5113 1291 6053 1181 8447 2531 9491 47
2521 733 2591 6073 4241 1229 509 6553
1723
10
833227 14385611
7840243 2117567
21886177 877007
50104399 12114593
10095581 62320129
57638843 2117567
3344981 1262959
6156517 35415481
6676477 10642019
13247783 11290819

7 4 2
7013 6997 401 461 701 8311 3461
1459 7841 5333 431
9887 7927
10
18457513 11565493
1491691 11565493
17566639 32455741
12649501 19218659
12125749 4261297
2458513 77523967
198691 62155607
8563979 12615023
41287639 7331239
43826579 27306241

10 10 10
5743 6011 5981 3847 8387 3083 9941 1069 9221 6803
6737 6163 1559 2699 1447 4787 3307 7127 1097 229
5623 2309 457 5783 2003 7603 1973 7723 5347 1597
10
2890639 393707
77372059 4964137
25728611 30807017
53375029 27433487
24887479 34654549
44140927 2164381
6561157 5406097
22636513 46857289
10905277 15555733
17977081 2766079

10 10 10
6818 5311 7051 9169 5127 3996 3794 6166 2943 3176
4695 422 7846 1647 6245 7482 8308 6996 6006 1869
3201 2576 2108 7370 3483 9763 4935 8349 7622 3358
10
37155756 15028695
35868492 81111004
8862282 29715312
14052696 771320
21750820 3657528
10345400 46474608
22019526 52139505
1423546 19302992
18379035 18247047
3869318 27327618

6 10 4
3105 5820 654 6191 3316 8933
6505 508 5058 9553 9246 6677 5118 9455 2640 4344
7186 4056 2564 2910
10
21570580 26905860
25035647 45969200
27045162 14400575
10714049 27984096
31685538 27514050
6046884 18971040
38804952 17119828
58109165 1302512
9506268 24342192
37641297 7438827

4 9 4
1035 1804 5250 9018
4319 2800 4484 7859 5044 5109 2015 8354 399
8917 5062 6476 5849
10
26822250 38512523
3111911 12587256
3868469 20805132
98128736 42470515
4470165 48862546
412965 39983828
1157910 42468948
43858500 10199930
14700000 10199930
24412752 51876968

6 5 4
6934 8742 1345 1306 1359 2064
505 9981 6662 7264 820
1015 8205 4707 353
10
679225 832300
10720710 190348
133825 4675440
33300780 1109202
3462360 17291268
1042320 2351686
15479685 48308425
1042320 34191648
7168440 4143525
5685880 178265

10 9 4
8867 997 5099 883 197 277 1151 2647 1039 3877
8783 3191 4919 733 9293 3 6701 3943 3167
9929 3769 5897 5101
10
2817653 47403593
43616773 20113243
83052227 4226723
6034517 79746091
37720063 3993169
3126943 14828311
548797 301043
776771 39515797
82401031 17691
7941 18817327

6 8 9
493 2276 462 5155 4233 5830
3355 245 113 4463 3773 4799 4723 1803
3054 4998 6267 9947 6772 4348 2137 5855 8216
10
23328386 2424201
7635980 241481
18891879 11299401
10730000 69093996
1654015 10093051
489390 20186181
24738845 11299401
53617783 24747084
478329 23645391
2071058 17079800

4 6 10
2017 1307 1439 7411
1759 397 6899 8243 6199 3631
4139 1451 4817 6673 3329 3313 379 4787 9173 7499
10
4745717 41365927
53280613 42339499
26909341 1643183
61088873 1376149
13035949 1376149
58680877 15445607
42015833 41225893
6278141 23944643
5527859 2848943
16626131 29860583

4 5 8
2339 3571 419 5003
1019 9007 9343 1013 3833
2621 2239 5867 701 8543 673 3527 5119
10
1063 12132233
424447 32745319
45062021 2579609
1606027 20918977
85906523 57147359
635 11432147
93101747 28814497
3638849 6287839
45469289 732961
3617423 31767689

8 2 5
3130 3595 6279 6602 542 1025 652 9612
2265 6700
5772 7114 519 9192 831
10
16468536 64988772
8142675 61586400
605510 92576432
41030484 71616312
64400400 20819880
20971000 16113210
52849449 27980820
6867500 1175535
19254565 3453980
21771180 47663800

5 4 5
9767 1523 31 5297 2971
3947 5689 9859 6691
1787 6353 2087 9203 5099
10
16902019 13964117
20907259 17618033
176359 36324241
14904751 38768309
10190393 90732377
16902019 7053289
31693999 28128559
4485913 17451131
21409387 14508049
39356623 789881

6 3 2
1123 4271 5449 9923 3251 601
3389 2113 1069
41 6791
10
12613493 50979653
20967299 23014699
642469 23014699
3475319 86633
18466661 14349383
77817847 9393611
6624131 27064777
51750421 216943
5808071 3235429
642469 86633

7 10 10
7561 2801 9341 523 9533 6673 6637
9631 2293 5431 7901 1877 4177 6581 1777 3257 2459
139 8443 6661 6269 5557 3203 6173 631 7727 9257
10
72425233 3728927
17729039 2651863
5037013 13378931
46939979 32523697
52438937 13664663
52438937 20418133
26976431 1446883
56982097 63741281
20142893 36970001
17533057 43905857

9 7 7
2585 2990 1810 9891 6129 7557 2275 9726 1743
6664 160 6544 8542 7638 1751 1025
2054 2672 6490 763 7215 4818 4590
10
19566560 1038400
2649625 36799884
11615352 49570620
550572 38312824
26924695 3335332
1421200 1614714
14888706 8436318
65761014 7408896
11844640 734400
8753745 2844924

2 2 7
4299 7142
9215 5378
3806 3443 2577 5720 6801 3554 9077
10
39421899 71624088
39615285 19113412
28784192 5516577
38409676 23747055
39615285 19113412
17740160 19214745
39615285 20468668
26765181 6889272
9352731 6522360
65813530 19113412

9 8 7
547 8999 8356 9072 556 4846 5605 700 4583
2357 3428 1546 495 5518 5439 7681 3504
3634 5527 9378 4827 6007 7528 4856
10
30485595 20591996
49656482 17743496
55586349 5888696
30485595 26378112
3509561 20640312
1141482 1458456
7085318 14158499
16928352 2813754
5767099 24076400
31532496 2389365

10 8 4
283 1237 9277 2081 5689 7177 859 1571 3463 1789
4861 349 5021 5531 6883 9769 2633 1783
2437 251 2683 643
10
3237673 1693019
16833643 3228503
2764627 7064339
96314587 12695129
913543 17357437
17962199 28835953
13135021 23197201
431713 18467089
45095497 6416621
33047 75621961

10 6 9
307 3953 3265 8257 4319 3889 3855 7165 3690 3450
8723 3098 2411 8184 3013 6472
6574 7431 9195 1495 8093 7425 269 1718 5787
10
24772560 36460006
2788779 14998772
11942790 66233112
951086 17901675
10688100 60766200
72025811 17916141
64956528 56974620
1487244 44856225
995085 15520032
34482019 23002650

7 8 2
548 1790 7527 1779 3105 9357 898
5122 1351 3983 1659 3075 4968 8978 5963
6847 2949
10
50365 56296692
3879288 28976402
15523263 35070334
4919944 9250297
430360 2184600
5237760 59247870
2722464 17584887
55795791 4892391
3772440 5613300
16070620 11745867

1 6 6
7296
7603 3056 7686 5108 6025 3343
4026 1820 4849 6228 6603 8324
10
18669110 18270496
33486631 43624074
15416392 11875631
19166382 954963
22296576 27827132
24390528 50750658
43958400 9296560
22296576 47868408
33893478 68165783
56077056 13458918

3 4 8
9623 6659 3877
821 5437 2687 5021
3359 6451 4889 9859 2689 293 8221 4789
10
53123 523223
5544467 3864067
52320251 8094239
807223 29154127
33434839 2757739
19466417 22089827
10417499 5296271
614557 11120587
36204983 6749441
33010547 29423521

9 10 2
5261 9839 9343 2707 4327 3823 4789 9221 2789
2111 1873 6949 1621 7321 4397 4483 881 5641 8837
6451 9127
10
2146891 2738833
21469087 28365047
4219109 44827999
11105971 8040887
86947243 14794867
27726571 20560801
777467 20652061
5070211 28365047
35048359 17727187
23847917 28037311

4 2 10
3367 3579 4979 7633
3742 6198
7858 9034 6764 8880 8319 8037 3952 9520 783 5156
10
20868666 29404636
30859842 25310888
7105530 42360342
28562686 4853034
30859842 14788384
15858362 8345491
27162120 17636640
8227440 48865563
22182642 33805228
15074019 29571578

9 10 7
6014 4267 4707 6403 6219 7340 5326 7782 8735
8965 3515 9673 4471 7733 9324 8554 3078 6425 4823
7584 8399 4204 9332 4756 8128 4353
10
2014958 33608848
17541667 4345830
53356590 23084985
84493655 35961016
38639950 45008236
39992320 42088830
39957075 83661380
29994237 14777060
27353730 71845046
45131232 6036848

6 2 5
3480 6443 8441 2023 9788 8495
581 5127
4661 9552 8833 7245 9997
10
17841960 5131973
33033261 5808257
21367242 4945420
43553865 5808257
2021880 23896947
3654021 18191660
1175363 37145115
36094383 44687500
9521361 15735848
4326636 61759894

2 10 9
1735 6028
9099 4024 3988 808 5064 9343 5190 6712 3930 7543
6031 3708 4747 9349 9193 5473 7883 1222 5353
10
45469204 62750488
4884580 59413391
28594860 17500041
12273114 24134171
9004650 7553992
11645320 51134239
30525792 51134239
7361992 12155960
81606640 59690400
16210105 2996064

3 10 9
6703 8537 4951
179 5879 919 4421 7927 2293 3797 6451 397 1423
6971 3623 709 7591 9007 5009 59 8849 9941
10
3389189 70146023
25451291 39819947
53134681 8132231
1821727 3286037
3898217 25255091
3389189 34199579
8558903 48293851
7626343 29934001
50328329 68476579
1965547 20653051

5 5 4
4657 4451 853 6491 1823
7919 3533 6121 7069 823
1151 5393 3911 7793
10
42732317 35466203
72686773 13630853
3832711 13817563
48076657 15364891
1882483 3555659
1500329 30971209
6029857 9114769
11158583 9114769
27244571 42707167
14473951 74057

1 5 2
1783
397 419 3049 7867 3967
7949 6073
10
45959987 14924141
14350493 61052441
54303707 35116261
5436367 2410981
14026861 24236501
7073161 47776291
7073161 47776291
4390543 818809
14026861 24236501
19052389 31996631

10 10 2
2392 2182 156 7356 3789 7764 716 5785 5634 7326
9364 4438 2054 3625 5617 1554 559 4072 519 3817
7231 8980
10
117130 10397625
3149406 40616527
28229715 1507226
35064876 11187736
15047604 13954920
32494345 11236974
4095234 27600727
1470664 50440660
35579375 48065628
19447571 26444418

8 10 10
1877 5743 2203 5647 3631 2017 1613 9833
1447 3407 6967 8933 6521 8269 773 5501 9817 7507
2251 6569 7621 2903 5011 919 3769 587 6967 9781
10
31455377 2494837
51302219 7669157
96530561 4853903
31302433 3442837
3188863 6415223
19974131 63018049
96530561 23736569
26571229 5034577
15348301 42836449
22468429 14851049

3 3 10
8259 5424 1477
7294 5111 4839
9548 3861 3293 1491 4369 2678 7646 2072 5774 4109
10
38597680 7207992
26246736 19733571
7548947 10026408
80525445 69292584
26246736 29510914
7548947 10875354
7147203 7620501
19805408 32369568
45353880 12115521
46887386 17803206

7 5 1
3360 4412 6189 1048 2323 2342 9877
106 428 7095 6724 4358
2923
10
1719744 16681676
4454855 1026441
994244 309838
6771210 1298444
41614836 20738685
994244 12738434
6848721 281200
18128150 15239334
246238 20738685
1046962 20738685

2 5 3
8783 1153
7823 3607 3313 347 8867
3907 5813 5393
10
9019919 17867009
24606299 6663883
9019919 19258469
3047701 14092549
9019919 14092549
2733109 82292953
2713661 40169561
31419319 9192719
68709409 1355729
4336349 53734763

2 8 4
9239 4637
2179 797 3181 2851 9811 773 9371 907
6343 7069 547 6301
10
90643829 5055371
43453327 5753101
27407249 6253343
45755669 70781
6595993 31938331
7141747 18083893
7363483 22486489
13733821 19874353
13931131 63190579
90643829 435959

6 10 4
535 8516 5266 9167 8876 74
4355 766 730 1705 1058 7295 9236 3224 286 9398
353 7082 7760 455
10
6479480 601865
3692934 19403064
21164 33794800
32109038 24024474
3902825 601865
5468290 37709409
66772006 54538000
7021922 130130
14654909 18105984
153010 481390

9 2 9
2351 5839 1777 5851 3697 9041 3761 3343 6131
2347 1459
2903 317 6709 1307 4597 1777 7187 4951 9221
10
21219227 9788431
5393923 16867889
4500647 36281057
13704133 462503
9212653 6850517
7198249 12172603
13190819 3067529
65674639 686233
40599683 39780929
5393923 15746023

2 2 2
9623 1049
7873 9241
8731 2423
10
92267419 1131511
40818119 14986289
9693809 19076279
28423471 10086431
10016497 23604697
75761879 80683171
88926143 19076279
75761879 80683171
2055227 49699043
75761879 80683171

2 2 10
581 9802
5707 3304
74 7228 8156 6377 8848 6881 5458 5738 6609 2787
10
1919624 422318
3315767 21836136
52161100 850438
32385808 422318
18736720 4415607
43269798 41902592
55940014 23881312
1919624 422318
72672250 14829177
36439692 12576520

1 4 6
4166
3086 3327 3896 636
290 8004 9120 7690 1297 6129
10
32760087 12992508
2649576 29960240
13860282 184440
12856276 20391183
62326020 17964150
89018549 9302040
2649576 24700344
12957065 29204392
4969375 3393649
16230736 5090544

10 2 4
248 7777 7682 3614 1902 6057 220 9370 9194 2747
2623 2669
7524 3155 7666 5970
10
27319518 25800691
650504 15933930
16166133 19735452
361630 28261128
31083415 30358314
20756813 19735452
59402756 10030230
650504 15933930
31253936 14412006
9479522 20081556

4 5 1
634 8617 3859 1115
6908 4492 5964 4046 7272
2384
10
5008580 14218176
4379672 17336448
17987856 55557100
130468 15152536
34864382 17336448
8588325 55567072
28062648 10708928
4511290 14218176
44903460 27445044
4456452 14835000

3 3 1
8933 5189 5113
4219 5303 3923
241
10
37688327 1278023
2386081 36468779
35044159 1016779
21571747 945443
27517267 1016779
12991039 38749903
11924203 27722557
27517267 1016779
37273109 20102681
39709343 16108397

5 4 7
2494 9406 6697 6052 6103
6105 2564 7476 9547
5665 3440 2959 5248 5261 4964 3693
10
23810218 37110864
55760418 37768245
24116984 39234048
3040380 9071462
9621774 69662730
36947460 54083755
40146540 44188350
70319256 47391308
18645144 32039040
20282880 11630399

5 8 4
1895 9576 297 5068 5321
7515 6106 9943 6064 5926 1824 5166 4326
8119 8738 1194 4780
10
43732870 5365584
8197770 11871942
9789570 52987232
23748840 938124
9859385 7276941
7956460 44088576
18316323 162769
50391124 7240416
1760022 65666070
21924168 28985920

3 10 3
1971 5075 5078
9984 6096 4121 1850 5900 5186 5532 2238 5964 7898
1422 6182 4616
10
69095969 3476772
9388750 7374492
6478172 48441510
3340909 22204988
47562804 1360656
7094076 4318320
11628900 34198824
40082350 7866504
8122491 25535712
30955488 7374492

8 4 4
9377 5449 1609 5641 8573 3259 2791 509
8221 83 3539 6277
6353 3121 6967 2551
10
15346301 6655783
133547 24656213
35570737 11368829
1801351 20971771
5460887 792499
10957759 17401147
34203373 211733
1801351 259043
32038493 10166081
270497 19590517

5 9 3
1787 1621 5333 4493 8867
4219 7541 8329 8969 8681 7523 4691 8893 4019
5807 449 1523
10
16333831 7064929
18057367 50410567
2853343 50037527
12223961 3897769
20015033 12608399
39003733 7144393
12194783 7144393
14071901 43686061
7747777 1296121
5137589 35568053

10 10 10
2079 344 2944 3735 8678 7605 6099 6346 153 1584
6554 1796 9435 9850 5202 3987 4864 2403 2289 9921
8036 625 8809 7418 1028 6304 1230 9928 3831 9204
10
70759040 59849559
25716990 10936016
29207424 2470284
53249088 78400610
3245640 9205893
15585688 51645456
10112256 90659400
10112256 79725156
16760922 22833756
16069284 1035588

10 3 6
9686 4411 7405 5126 3634 8942 2376 8141 8498 5971
663 4046 940
7671 1587 9386 9999 3154 6826
10
5612740 6421002
21385260 35162144
2837900 13711896
60953406 13449463
1912985 47268230
9613296 6416440
21789576 18061837
6421818 12761084
2924493 12761084
4909515 6416440

4 3 2
2411 4049 5393 6151
6197 5413 3623
7193 7759
10
22285073 48082523
33295363 44575021
25486567 853603
9536221 19399217
6504991 185023
33295363 44575021
5567189 4675331
27949213 2296403
14669527 38935709
25091653 28110857

6 5 9
8345 5994 1975 8036 9485 6746
2747 464 1595 5278 424
9361 2314 3876 7803 6858 5256 5652 1656 8589
10
12817420 41184234
58897465 2444325
3150125 3182112
39959432 13470012
22074892 2396448
3323300 7490472
50061830 1643424
22074892 45332742
1520993 26572273
55342266 947310

10 8 4
9699 1704 1355 4045 3206 9034 6414 8938 5823 3232
4249 8450 1330 4930 1257 6256 7380 9370
4458 6032 1616 5486
10
54459440 4068736
55916128 7296380
9320690 1335174
15805580 10109696
7240296 6895902
38385466 7966880
13202596 70400324
14140944 15301440
29852100 6866384
2732064 7896840

4 6 10
7241 1587 2168 7234
4598 5802 6467 7687 4686 4444
2192 7573 3312 6644 3976 9096 7938 1018 239 7865
10
15698847 61824180
7297026 6583406
7436682 33654412
53365884 1514414
6922552 17864964
19759212 24186580
55607758 30549112
12578736 34820654
9634592 60458255
7352107 29301266

8 10 9
6349 6144 8698 6465 5247 3859 3936 956
9163 3404 7743 6150 9101 1727 4971 1113 240 12
2120 5391 9835 1282 6006 3970 7431 5421 5427
10
34809489 5477220
41105692 50927619
12942062 14061138
19565856 19425560
23732850 15384
6793812 75153624
926160 6372822
70175856 66283056
1259280 24415500
10964723 60485250

1 5 6
980
3134 9071 1622 9577 7247
2676 122 8026 936 437 9185
10
9385460 6783192
38890449 25384487
27941105 4861800
21853202 52692003
22706640 18327666
9385460 197884
7102060 14898070
5955372 58565350
9385460 1518192
3071320 1518192

9 7 2
5923 2341 9397 947 2311 1697 919 6577 8273
2917 2729 7951 7669 1721 4603 6653
1097 29
10
7306969 3199949
4359041 49909
13014293 192937
582943 1998461
62518241 2993713
2584363 3199949
8683973 53906129
142847 9764017
62727019 10714183
11951449 10898969

4 10 7
1777 3559 41 2903
4217 8467 1291 4447 2129 9901 6151 2503 9871 4789
5003 1597 6619 1213 7901 2671 257
10
35130889 2582477
18456241 33729383
47589467 54031643
3747773 12791419
7266209 6734549
41532307 24603979
32254181 9180581
3414599 21070303
21891409 1142879
252191 31698391

4 7 7
3149 9646 248 2071
5764 3915 3911 4303 7345 5682 6942
8733 234 4896 205 7883 9497 5811
10
13900741 16966005
11767422 40865591
24990500 35253900
1695895 1562547
41502656 20797512
14228522 50012480
1409136 1505725
37764090 44791206
54808572 45437612
17892618 1181620

9 6 9
4470 5649 1862 7175 1860 9164 5980 9254 6680
3028 9504 8934 6626 4897 9142
4013 7021 5823 8775 6823 7484 1026 8343 2456
10
79986624 1460053
40864740 46521146
18107440 52022682
60287184 33698588
61317004 19651661
7419560 25420184
15134234 45994865
9118214 21941904
22855833 1888530
16617240 62375866

4 8 9
9650 5659 8071 9902
5724 2609 854 1572 6649 20 4047 9125
9429 9816 6269 8012 4541 3870 6263 496 8741
10
27055140 42158340
198040 8052366
4832786 89571000
68088995 1416632
20110974 13371264
14233374 84349962
86073426 25727432
88056250 65266584
88056250 32424564
113180 35883756

6 5 2
7531 4860 490 6148 3425 5480
8680 4847 1058 7363 4686
6536 3727
10
6518203 6200848
52948136 461188
5141880 31679992
36502757 17464722
28809528 31679992
29729000 17464722
72786302 8677572
13017200 55814256
53755764 40031304
36502757 27441901

8 2 2
4842 4665 8277 9111 9983 1797 3970 8247
2471 7701
5128 536
10
8922368 4728750
22043700 27415816
41264214 2090340
76879083 1324456
4440387 39490728
20452467 4127736
13838697 12671288
4598106 78935880
22513281 39490728
26792888 99650034

6 3 8
5094 9482 3829 6901 6071 280
1224 6359 2515
3483 5537 5436 9400 5480 2809 3917 6506
10
19567335 13684734
6235056 7064635
24348611 7064635
23083027 54497130
60296038 7064635
704200 6777288
27225562 27166814
17356015 41371654
44031493 90793680
12644177 13185129

10 4 2
5101 2801 2063 277 733 677 757 7753 151 7591
8933 9257 3539 9209
5851 5857
10
3487487 65523893
6047641 20706689
2679023 54162707
4971569 9157153
387287 3008279
42393251 2450681
18998167 52266983
7946207 35513701
71769521 52266983
19097191 53881859

1 8 9
1517
8281 1844 532 5666 3143 3577 1393 2478
7397 8261 4373 4675 5910 6476 5525 9773 2488
10
8595322 14693525
5426309 7696325
83479882 8314280
7276588 64482000
40069335 12080073
3759126 8620700
5426309 26488550
8595322 9021068
9427857 17979206
15124340 44505673

1 7 1
6051
400 7348 2703 4587 5168 3501 6644
5885
10
28433340 38220920
31271568 20603385
1998051 29136294
26919048 35413376
10701656 29016240
2420400 30413680
31271568 39099940
44462748 39099940
27755937 20603385
25975470 17172687

5 7 2
4228 1290 7060 1799 6774
9053 5186 255 4114 696 1161 3795
4380 3866
10
15989085 834897
36814020 8204930
4913760 14671470
55019194 2924340
58274817 37391522
80433000 5480230
35129964 985830
1252104 4488426
1078140 3048480
8196660 3048480

3 8 3
9735 6630 657
1892 6185 2210 1380 9507 762 7922 8245
7544 286 2088
10
5052060 4614480
17682192 9014588
60210975 2265692
71503974 14166438
834624 76142880
21514350 2358070
28146825 51284870
60210975 59763568
2263016 48709584
5416965 12914280

3 7 7
3890 1415 9868
3217 8548 1627 1521 7996 6584 2773
7714 8023 2480 7748 173 1326 4694
10
21877140 1542728
2780935 31214175
4552055 11784708
10786970 19830080
9316360 10602696
2302205 3772080
8221511 7827504
12514130 12550678
42411600 15307737
44611168 6921596

4 4 6
729 610 2278 2805
444 7262 8261 5041
2585 6456 8148 5833 721 7788
10
24398022 32896005
44108608 13361881
5039210 18772270
18818558 39259308
270840 5235902
6022269 46883472
40000608 11211054
323676 56556456
52186160 5028160
49748205 33541902

8 4 7
7806 6136 5502 6972 8115 7915 3382 678
8925 3713 8126 5720
2765 9171 334 8945 2364 7435 4765
10
39879840 10266445
45273800 17692445
36696126 17954560
6051150 19209864
32353629 75050380
9953672 5305475
63431556 8777532
4868076 90886920
20428926 2714084
1597152 25450496

4 5 8
2447 4129 631 3187
5413 5441 1249 2971 7499
8753 3907 5113 4339 859 1619 6653 2633
10
22465889 8309597
8722247 95072609
261299 15084071
15345167 50726773
17340467 10932497
54135281 74154217
17340467 21148591
13314127 6441641
15384169 37628959
22465889 15190723

1 4 1
3908
2842 2132 9351 2313
646
10
72848797 633320
965808 48003290
8331856 1835932
51849710 20909020
8331856 6040746
9039204 1835932
54804486 17272688
35050641 6770400
9039204 6040746
36543708 1835932

7 7 7
1379 5526 1458 2074 265 5718 799
2291 1111 9085 4998 3452 5515 298
7071 6890 7280 9589 2166 4215 9077
10
25000839 13633758
72684688 19805418
6497922 4082245
5033016 66138800
78970 7654790
30475890 62595650
12528215 15784990
38976990 1974570
42178290 65419672
434484 4682865

2 3 9
8779 3944
4102 7771 7399
9651 3009 6160 4645 1629 523 7819 5211 1580
10
29181656 6682158
64955821 12658959
25552080 29710611
58323245 35300868
68221609 19053790
4072458 63564772
1106280 53500392
21928408 23330538
16178288 74997921
30648824 11690420

8 2 7
8636 4053 2412 324 9387 1576 9379 9278
1798 8785
4252 3883 7061 2473 3905 3677 1244
10
4840515 3319148
15527528 62030885
75867260 7645096
21189420 12695678
45693088 57010362
16877826 10928540
27352352 6994305
16681844 34305425
5876396 48402213
8027635 10468218

8 7 10
873 2033 6342 4701 5296 4335 940 4869
3458 6205 5027 4188 9483 5213 2509
3645 7448 7721 8008 9410 3468 1929 7152 8028 6415
10
11794809 37283376
31881234 29952576
4900220 27760824
15874542 75306498
20227142 1235689
39239010 44877858
22740245 82616218
8514204 46214840
13856274 20229376
4388571 33537504

5 8 2
9640 5682 9896 5185 6522
6110 1350 6018 8625 6513 4700 5020 525
8399 2156
10
45308000 2910600
16620150 1921465
5195400 13173160
26028700 18595500
6365480 24599600
85353000 10133200
3424050 13173160
48273500 15051264
55585206 9853704
53326000 20251994

10 8 9
8329 8089 8317 769 7451 229 1 7229 1669 2707
397 7717 5471 4229 5657 719 2383 5689
383 8893 9677 397 5227 2521 8389 7027 7741
10
4374841 6957763
291527 32998073
1200011 32736689
5979923 45896219
4258399 867821
67999 29135387
4207199 29717183
30571441 5052413
75867833 1924229
230497 43532327

1 8 5
1756
5232 8306 2154 6121 5925 4152 2271 4860
9843 6497 4261 2268 7118
10
38154844 13043310
14585336 14754687
5030736 2922680
2255792 45257597
3782424 13437900
5195691 13382992
14951203 73426320
10404300 15332172
9187392 39768137
10748476 34593480

2 9 6
1723 9677
4447 3929 1297 4861 4639 439 3331 5431 5309
7297 1997 6353 9491 6791 9521
10
44891603 30881933
452273 3208157
7992997 42206477
63340799 56541781
1919807 56489959
8375503 10602073
53763907 25471279
8375503 2788967
3899113 18478459
51375193 28669913

4 5 4
9575 9183 6242 1320
224 2703 7458 6645 8509
3812 4370 2637 5675
10
3567960 25330740
15251504 54777580
1860352 14495600
24821649 1271200
2144800 17522865
295680 37710375
36543300 8944080
50021050 21972816
68486814 10303836
606312 1846880

2 4 7
8283 1577
8508 964 558 166
6706 5531 9922 6689 9441 7086 9156
10
879966 1647052
8820063 53555280
15778904 700416
261782 3953988
2645460 44666837
1374978 56910012
13417116 5268078
33570342 31386600
70471764 1176276
3209440 27534650

1 2 10
4091
9871 8069
4813 9421 5 7993 1609 6263 181 2617 8093 1697
10
40382261 65302417
40382261 76018049
35366797 5829563
40382261 21116573
34887823 6184427
40382261 1460489
15075367 18742697
8099053 7525223
33010279 92994691
55366117 23000603

10 7 9
2753 4371 5990 1550 3078 6657 3460 3480 5124 6564
6787 6438 7855 467 9006 9998 6853
3246 8924 6349 8866 7659 4693 145 9231 1164
10
50853154 34774264
38563620 68976954
40654130 89222152
3276597 1242710
45620421 51981633
51229752 20897748
804050 19540555
305233 19157985
38683008 25431008
34776588 29233476

2 3 2
4768 6751
3262 2801 7516
1272 6198
10
46298126 35473686
755744 28681980
22021762 3562872
37668771 51137691
20182694 25003536
6805440 53253078
50740516 3562872
22021762 17360598
13355168 46584168
22021762 46584168

8 9 1
4474 9952 8868 9628 6718 6837 9237 9384
5454 4325 42 4392 5665 1075 4044 6933 124
2991
10
48366072 12095604
554776 125622
62712711 17028760
57162642 6460902
6908655 7046466
36639972 16944015
54542620 370884
28810100 16010784
13039128 21902647
65059272 12095604

1 2 3
5
4 6
3 5 7
2
1 1
5 2

1 8 2
6098
8459 3306 2269 1960 178 6120 7343 6985
4218 8878
10
36558364 1113520
20159988 75099002
5914674 9760366
44777614 8267280
44777614 750804
17320296 7321077
28692099 47267421
13836362 65191154
15083054 32767381
13836362 8267280

9 10 6
3865 7234 6285 6354 273 9615 2866 1686 9690
2640 9490 3293 9132 1775 9408 7530 1414 1089 2997
2242 1302 979 2852 6994 453
10
20767786 63626232
4208985 20961018
24312522 7202376
661080 32795672
72400950 1737725
36678850 7529280
2395020 2879032
2055690 26044464
52824066 26948922
36678850 4261824

1 5 4
4772
3979 8605 515 6262 3874
1365 9026 2951 671
10
18486728 77668730
41063060 2669909
35691840 37269108
37471284 37407735
4870144 6516360
41063060 1519765
20362176 19002140
29882264 34966724
2457580 56520812
59461647 17232250

8 2 2
8167 7517 4937 9721 1439 8243 3671 4021
8699 6211
1723 8831
10
18030391 1189207
3731479 4248763
42946963 54849341
12108023 5670647
37596323 1825363
65390383 54849341
60377131 14988377
42946963 54849341
60377131 76820869
5108911 6833

1 6 10
5330
7625 3662 6986 9193 4562 9920
8912 9179 3588 5905 8051 4946 7024 5349 112 3859
10
24315460 45025625
24315460 67954000
63641578 3249162
4886784 61234916
37235380 41874598
17281884 11953872
40641250 40656544
3838648 11954150
2829932 1243989
40641250 58577600

1 2 9
7192
5631 7036
1340 9341 6115 4641 567 2816 491 5859 6080
10
50602912 3192777
50602912 34236480
40498152 32654076
50602912 52599171
23009987 7949960
30476250 19937339
47694188 66135285
12269820 37329129
40498152 3454676
6926121 11074378

2 6 6
5573 823
3659 9931 4663 2927 479 8111
7523 7151 3559 3701 983 1429
10
15055493 18350923
53646217 5090047
394217 11590619
2669467 35344429
43645711 2246701
25986899 11590619
16312171 684491
3450481 23515237
5813393 1975489
394217 2877241

10 10 10
7737 9318 7776 2125 863 5982 9190 8683 1268 54
7485 8567 2924 5117 7356 3422 8347 3489 7269 1506
8493 7419 7388 6752 368 6079 8755 6447 6766 7750
10
5332520 18923478
1039860 17552592
78730730 49182054
29713226 61735617
41023980 2198592
67732542 9709182
9217092 1259296
6273147 66394250
66587710 16788360
7824960 6798420
